/*--------------------------------*- C++ -*----------------------------------*\
| =========                 |                                                 |
| \\      /  F ield         | foam-extend: Open Source CFD                    |
|  \\    /   O peration     | Version:     4.0                                |
|   \\  /    A nd           | Web:         http://www.foam-extend.org         |
|    \\/     M anipulation  |                                                 |
\*---------------------------------------------------------------------------*/
FoamFile
{
    version     2.0;
    format      ascii;
    class       cellSet;
    location    "constant/polyMesh/sets";
    object      cellSet_region_buffer;
}
// * * * * * * * * * * * * * * * * * * * * * * * * * * * * * * * * * * * * * //


1984
(
4107 
4108 
4109 
4110 
4111 
4112 
4113 
4114 
4115 
4116 
4117 
4118 
4119 
4120 
4121 
4122 
4123 
4124 
4125 
4126 
4127 
4128 
4129 
4130 
4131 
4132 
4133 
4134 
4135 
4136 
4137 
4138 
4139 
4140 
4141 
4142 
4143 
4144 
4145 
4146 
4147 
4148 
4149 
4150 
4151 
4152 
4153 
4154 
4155 
4156 
4157 
4158 
4159 
4160 
4161 
4162 
4163 
4164 
4165 
4166 
4254 
4255 
4256 
4257 
4258 
4259 
4260 
4261 
4262 
4263 
4264 
4265 
4266 
4267 
4268 
4269 
4270 
4271 
4272 
4273 
4274 
4323 
4324 
4325 
4350 
4351 
4352 
4377 
4378 
4379 
4404 
4405 
4406 
4431 
4432 
4433 
4458 
4459 
4460 
4485 
4486 
4487 
4512 
4513 
4514 
4539 
4540 
4541 
4566 
4567 
4568 
4593 
4594 
4595 
4620 
4621 
4622 
4665 
4666 
4667 
4668 
4669 
4670 
4671 
4672 
4673 
4674 
4675 
4676 
4677 
4678 
4679 
4680 
4681 
4682 
4683 
4684 
4685 
4686 
4687 
4688 
4689 
4690 
4691 
4692 
4693 
4694 
4695 
4696 
4697 
4698 
4699 
4700 
4764 
4765 
4766 
4767 
4768 
4769 
4770 
4771 
4772 
4773 
4774 
4775 
4776 
4777 
4778 
4779 
4780 
4781 
4782 
4783 
4784 
4785 
4786 
4787 
4788 
4789 
4790 
4791 
4792 
4793 
4794 
4795 
4796 
4842 
4843 
4844 
4845 
4846 
4847 
4848 
4849 
4850 
4851 
4852 
4853 
4854 
4855 
4856 
4857 
4858 
4859 
4860 
4861 
4862 
4863 
4864 
4865 
4866 
4867 
4868 
4869 
4870 
4871 
4872 
4873 
4874 
4875 
4876 
4877 
4878 
4879 
4880 
4881 
4882 
4883 
4884 
4885 
4886 
4887 
4888 
4889 
4890 
4891 
4892 
4893 
4894 
4895 
4896 
4897 
4898 
4899 
4900 
4901 
852 
853 
854 
855 
856 
857 
858 
859 
860 
861 
892 
893 
894 
895 
896 
897 
898 
899 
900 
901 
936 
937 
938 
939 
940 
941 
976 
977 
978 
979 
980 
981 
1016 
1017 
1018 
1019 
1020 
1021 
1056 
1057 
1058 
1059 
1060 
1061 
1096 
1097 
1098 
1099 
1100 
1101 
1136 
1137 
1138 
1139 
1140 
1141 
1176 
1177 
1178 
1179 
1180 
1181 
1216 
1217 
1218 
1219 
1220 
1221 
5322 
5323 
5324 
5325 
5326 
5327 
5328 
5329 
5330 
5331 
5332 
5333 
5334 
5335 
5336 
5337 
5338 
5339 
5340 
5341 
5342 
5343 
5344 
5345 
5346 
5347 
5348 
1256 
1257 
1258 
1259 
1260 
1261 
5385 
5386 
5387 
5388 
5389 
5390 
5391 
5392 
1296 
5393 
1297 
5394 
1298 
5395 
1299 
5396 
1300 
5397 
1301 
5398 
5399 
5430 
5431 
5432 
1336 
5433 
1337 
5434 
1338 
5435 
1339 
5436 
1340 
5437 
1341 
5438 
5439 
5440 
5441 
5442 
5443 
5444 
1376 
1377 
1378 
5475 
1379 
5476 
1380 
5477 
1381 
5478 
5479 
5480 
5481 
5482 
5483 
5484 
5485 
5486 
5487 
5488 
5489 
1416 
1417 
1418 
1419 
1420 
1421 
5520 
5521 
5522 
5523 
5524 
5525 
5526 
5527 
5528 
5529 
5530 
5531 
5532 
5533 
5534 
1456 
1457 
1458 
1459 
1460 
1461 
5565 
5566 
5567 
5568 
5569 
5570 
5571 
5572 
5573 
5574 
5575 
5576 
5577 
5578 
5579 
1492 
1493 
1494 
1495 
1496 
1497 
1498 
1499 
1500 
1501 
5610 
5611 
5612 
5613 
5614 
5615 
5616 
5617 
5618 
5619 
5620 
5621 
5622 
5623 
5624 
1532 
1533 
1534 
1535 
1536 
1537 
1538 
1539 
1540 
1541 
5655 
5656 
5657 
5658 
5659 
5660 
5661 
5662 
5663 
5664 
5665 
5666 
5667 
5668 
5669 
5700 
5701 
5702 
5703 
5704 
5705 
5706 
5707 
5708 
5709 
5710 
5711 
5712 
5713 
5714 
5745 
5746 
5747 
5748 
5749 
5750 
5751 
5752 
5753 
5754 
5755 
5756 
5757 
5758 
5759 
5790 
5791 
5792 
5793 
5794 
5795 
5796 
5797 
5798 
5799 
5800 
5801 
5802 
5803 
5804 
5835 
5836 
5837 
5838 
5839 
5840 
5841 
5842 
5843 
5844 
5845 
5846 
5847 
5848 
5849 
5880 
5881 
5882 
5883 
5884 
5885 
5886 
5887 
5888 
5889 
5890 
5891 
5892 
5893 
5894 
5925 
5926 
5927 
5928 
5929 
5930 
5931 
5932 
5933 
5934 
5935 
5936 
5937 
5938 
5939 
5943 
5944 
5945 
5946 
5947 
5948 
5949 
5950 
5951 
5952 
5953 
5954 
5955 
5956 
5957 
5958 
5959 
5960 
5961 
5962 
5963 
5964 
5965 
5966 
5967 
5968 
5969 
6186 
6187 
6188 
6189 
6190 
6191 
6192 
6193 
6194 
6195 
6196 
6197 
6198 
6199 
6200 
6201 
6202 
6203 
6204 
6205 
6206 
6207 
6208 
6209 
6210 
6211 
6212 
6213 
6214 
6215 
6216 
6217 
6218 
6219 
6220 
6221 
6222 
6223 
6224 
6225 
6226 
6227 
6228 
6229 
6230 
6231 
6232 
6233 
6234 
6235 
6236 
6237 
6238 
6239 
6240 
6241 
6242 
6288 
6289 
6290 
6291 
6292 
6293 
6294 
6295 
6296 
6297 
6298 
6299 
6300 
6301 
6302 
6303 
6304 
6305 
6306 
6307 
6308 
6309 
6310 
6311 
6312 
6313 
6314 
6315 
6316 
6317 
6357 
6358 
6359 
6360 
6361 
6362 
6363 
6364 
6365 
6366 
6367 
6368 
6369 
6370 
6371 
6372 
6373 
6374 
6375 
6376 
6377 
6378 
6379 
6380 
6381 
6382 
6383 
6384 
6385 
6386 
6387 
6388 
6389 
6402 
6403 
6404 
6405 
6406 
6407 
6408 
6409 
6410 
6411 
6412 
6413 
6414 
6415 
6416 
6429 
6430 
6431 
6432 
6433 
6434 
6435 
6436 
6437 
6438 
6439 
6440 
6441 
6442 
6443 
6456 
6457 
6458 
6459 
6460 
6461 
6462 
6463 
6464 
6465 
6466 
6467 
6468 
6469 
6470 
6483 
6484 
6485 
6486 
6487 
6488 
6489 
6490 
6491 
6492 
6493 
6494 
6495 
6496 
6497 
6510 
6511 
6512 
6513 
6514 
6515 
6516 
6517 
6518 
6519 
6520 
6521 
6522 
6523 
6524 
6537 
6538 
6539 
6540 
6541 
6542 
6543 
6544 
6545 
6546 
6547 
6548 
6549 
6550 
6551 
6564 
6565 
6566 
6567 
6568 
6569 
6570 
6571 
6572 
6573 
6574 
6575 
6576 
6577 
6578 
6591 
6592 
6593 
6594 
6595 
6596 
6597 
6598 
6599 
6600 
6601 
6602 
6603 
6604 
6605 
6618 
6619 
2523 
6620 
2524 
6621 
2525 
6622 
2526 
6623 
2527 
6624 
2528 
6625 
2529 
6626 
2530 
6627 
2531 
6628 
2532 
6629 
2533 
6630 
2534 
6631 
2535 
6632 
2536 
2537 
2538 
2539 
2540 
2541 
2542 
2543 
2544 
2545 
2546 
2547 
2548 
6645 
2549 
6646 
2550 
6647 
2551 
6648 
2552 
6649 
6650 
6651 
6652 
6653 
6654 
6655 
6656 
6657 
6658 
6659 
6672 
6673 
6674 
6675 
6676 
6677 
6678 
6679 
6680 
6681 
6682 
2586 
6683 
2587 
6684 
2588 
6685 
2589 
6686 
2590 
2591 
2592 
2593 
2594 
2595 
2596 
2597 
2598 
2599 
2600 
2601 
2602 
6699 
2603 
6700 
2604 
6701 
2605 
6702 
2606 
6703 
2607 
6704 
2608 
6705 
2609 
6706 
2610 
6707 
2611 
6708 
2612 
6709 
2613 
6710 
2614 
6711 
2615 
6712 
6713 
6726 
6727 
6728 
6729 
6730 
6731 
6732 
6733 
6734 
6735 
6736 
6737 
6738 
6739 
6740 
6741 
6742 
6743 
6747 
6748 
6749 
6750 
6751 
6752 
6753 
6754 
6755 
6756 
2661 
6757 
2662 
6758 
2663 
6759 
2664 
6760 
2665 
6761 
2666 
6762 
2667 
6763 
2668 
6764 
2669 
6765 
2670 
6766 
2671 
6767 
2672 
6768 
2673 
6769 
2674 
6770 
2675 
6771 
2676 
6772 
2677 
6773 
2678 
6774 
6775 
6776 
6777 
6778 
6779 
6780 
6781 
6782 
6783 
6784 
6785 
6786 
6787 
6788 
6789 
6790 
6791 
6792 
6793 
6794 
6795 
6796 
6797 
6798 
6799 
6800 
6801 
6802 
6803 
2718 
2719 
2720 
2721 
2722 
2723 
2745 
2746 
2747 
2748 
2749 
2750 
6849 
6850 
6851 
6852 
6853 
6854 
6855 
6856 
6857 
6858 
6859 
6860 
6861 
6862 
6863 
6864 
6865 
6866 
6867 
2772 
6868 
2773 
6869 
2774 
6870 
2775 
6871 
2776 
6872 
2777 
6873 
6874 
6875 
6876 
6877 
6878 
2799 
2800 
2801 
2802 
2803 
2804 
6906 
6907 
6908 
6909 
6910 
6911 
6912 
6913 
6914 
6915 
6916 
6917 
2826 
2827 
6924 
2828 
6925 
2829 
6926 
2830 
6927 
2831 
6928 
6929 
6930 
6931 
6932 
6933 
6934 
6935 
6942 
6943 
6944 
6945 
6946 
6947 
6948 
6949 
2853 
6950 
2854 
6951 
2855 
6952 
2856 
6953 
2857 
2858 
6960 
6961 
6962 
6963 
6964 
6965 
6966 
6967 
6968 
6969 
6970 
6971 
2880 
2881 
6978 
2882 
6979 
2883 
6980 
2884 
6981 
2885 
6982 
6983 
6984 
6985 
6986 
6987 
6988 
6989 
6996 
6997 
6998 
6999 
7000 
7001 
7002 
7003 
2907 
7004 
2908 
7005 
2909 
7006 
2910 
7007 
2911 
2912 
7014 
7015 
7016 
7017 
7018 
7019 
7020 
7021 
7022 
7023 
7024 
7025 
2934 
2935 
7032 
2936 
7033 
2937 
7034 
2938 
7035 
2939 
7036 
7037 
7038 
7039 
7040 
7041 
7042 
7043 
7050 
7051 
7052 
7053 
7054 
7055 
7056 
7057 
2961 
7058 
2962 
7059 
2963 
7060 
2964 
7061 
2965 
2966 
7068 
7069 
7070 
7071 
7072 
7073 
7074 
7075 
7076 
7077 
7078 
7079 
2988 
2989 
7086 
2990 
7087 
2991 
7088 
2992 
7089 
2993 
7090 
7091 
7092 
7093 
7094 
7095 
7096 
7097 
7104 
7105 
7106 
7107 
7108 
7109 
7110 
7111 
3015 
7112 
3016 
7113 
3017 
7114 
3018 
7115 
3019 
3020 
7134 
7135 
7136 
7137 
7138 
7139 
7140 
7141 
7142 
7143 
7144 
3048 
7145 
3049 
7146 
3050 
7147 
3051 
7148 
3052 
7149 
3053 
7150 
3054 
7151 
3055 
7152 
3056 
7153 
3057 
7154 
3058 
7155 
3059 
7156 
3060 
7157 
3061 
7158 
3062 
7159 
3063 
7160 
3064 
7161 
3065 
7162 
7163 
7164 
7165 
7166 
7167 
7168 
7169 
7188 
7189 
7190 
7191 
7192 
7193 
7194 
7195 
3099 
7196 
3100 
7197 
3101 
7198 
3102 
7199 
3103 
7200 
3104 
7201 
3105 
7202 
3106 
7203 
3107 
7204 
3108 
7205 
3109 
7206 
3110 
7207 
3111 
7208 
3112 
7209 
3113 
7210 
3114 
7211 
3115 
7212 
3116 
7213 
3117 
7214 
3118 
7215 
3119 
7216 
3120 
7217 
3121 
7218 
3122 
7219 
3123 
7220 
3124 
7221 
3125 
7222 
3126 
7223 
3127 
3128 
7242 
7243 
7244 
7245 
7246 
7247 
7248 
7249 
7250 
7251 
7252 
7253 
7254 
7255 
7256 
7257 
7258 
3162 
7259 
3163 
7260 
3164 
7261 
3165 
7262 
3166 
7263 
3167 
7264 
3168 
7265 
3169 
7266 
3170 
7267 
3171 
7268 
3172 
7269 
3173 
7270 
3174 
7271 
3175 
7272 
3176 
7273 
3177 
7274 
3178 
7275 
3179 
7276 
3180 
7277 
3181 
3182 
3183 
3184 
3185 
3186 
3187 
3188 
3189 
3190 
3191 
7296 
7297 
7298 
7299 
7300 
7301 
7302 
7303 
7304 
7305 
7306 
7307 
7308 
7309 
7310 
7311 
7312 
7313 
7314 
7315 
7316 
7317 
7318 
7319 
7320 
7321 
7322 
7323 
7324 
7325 
7326 
7327 
7328 
7329 
7330 
7331 
7350 
7351 
7352 
7353 
7354 
7355 
7356 
7357 
7358 
7359 
7360 
7361 
7362 
7363 
7364 
7365 
7366 
7367 
7368 
7369 
7370 
7371 
7372 
7373 
7374 
7375 
7376 
7377 
7378 
7379 
7380 
7381 
7382 
7383 
7384 
7385 
7404 
7405 
7406 
7407 
7408 
7409 
7410 
7411 
7412 
7413 
7414 
7415 
7416 
7417 
7418 
7419 
7420 
7421 
7422 
7423 
7424 
7425 
7426 
7427 
7428 
7429 
7430 
7431 
7432 
7433 
7434 
7435 
7436 
7437 
7438 
7439 
7458 
7459 
7460 
7461 
7462 
7463 
7464 
7465 
7466 
7467 
7468 
7469 
7470 
7471 
7472 
7473 
7474 
7475 
7476 
7477 
3381 
7478 
3382 
7479 
3383 
7480 
3384 
7481 
3385 
7482 
3386 
7483 
3387 
7484 
3388 
7485 
3389 
7486 
3390 
7487 
3391 
7488 
3392 
7489 
3393 
7490 
3394 
7491 
3395 
7492 
3396 
7493 
3397 
3398 
3399 
3400 
3401 
3402 
3403 
3404 
3405 
3406 
3407 
3408 
3409 
3410 
7512 
7513 
7514 
7515 
7516 
7517 
7518 
7519 
7520 
7521 
7522 
7523 
7524 
7525 
7526 
7527 
7528 
7529 
7530 
7531 
7532 
7533 
7534 
7535 
7536 
7537 
3441 
7538 
3442 
7539 
3443 
7540 
7541 
7542 
7543 
7544 
7545 
7546 
7547 
3462 
3463 
3464 
3465 
3466 
3467 
3468 
3469 
7566 
3470 
7567 
3471 
7568 
3472 
7569 
3473 
7570 
3474 
7571 
3475 
7572 
3476 
7573 
3477 
7574 
3478 
7575 
3479 
7576 
7577 
7578 
7579 
7580 
7581 
7582 
7583 
7584 
7585 
7586 
7587 
7588 
7589 
7590 
7591 
7592 
7593 
7594 
7595 
7596 
7597 
7598 
7599 
7600 
7601 
3510 
3511 
3512 
3519 
3520 
3521 
7620 
7621 
7622 
7623 
7624 
3528 
7625 
3529 
7626 
3530 
7627 
7628 
7629 
7630 
7631 
7632 
7633 
3537 
7634 
3538 
7635 
3539 
7636 
7637 
7638 
7639 
7640 
7641 
7642 
3546 
7643 
3547 
7644 
3548 
7645 
7646 
7647 
7648 
7649 
7650 
7651 
3555 
7652 
3556 
7653 
3557 
7654 
7655 
3564 
3565 
3566 
3573 
3574 
3575 
7674 
7675 
7676 
7677 
7678 
3582 
7679 
3583 
7680 
3584 
7681 
7682 
7683 
7684 
7685 
7686 
7687 
3591 
7688 
3592 
7689 
3593 
7690 
7691 
7692 
7693 
7694 
7695 
7696 
3600 
7697 
3601 
7698 
3602 
7699 
7700 
7701 
7702 
7703 
7704 
7705 
3609 
7706 
3610 
7707 
3611 
7708 
7709 
3618 
3619 
3620 
3624 
3625 
3626 
3627 
3628 
3629 
3630 
3631 
7728 
3632 
7729 
3633 
7730 
3634 
7731 
3635 
7732 
3636 
7733 
3637 
7734 
3638 
7735 
3639 
7736 
3640 
7737 
3641 
7738 
3642 
7739 
3643 
7740 
3644 
7741 
3645 
7742 
3646 
7743 
3647 
7744 
3648 
7745 
3649 
7746 
3650 
7747 
3651 
7748 
3652 
7749 
3653 
7750 
7751 
7752 
7753 
7754 
7755 
7756 
7757 
7758 
7759 
7760 
7761 
7762 
7763 
3684 
3685 
3686 
4029 
4030 
4031 
4032 
4033 
4034 
4035 
4036 
4037 
4038 
4039 
4040 
4041 
4042 
4043 
4044 
4045 
4046 
4047 
4048 
4049 
4050 
4051 
4052 
4053 
4054 
4055 
4056 
4057 
4058 
4059 
4060 
4061 
)

// ************************************************************************* //
