/*--------------------------------*- C++ -*----------------------------------*\
| =========                 |                                                 |
| \\      /  F ield         | foam-extend: Open Source CFD                    |
|  \\    /   O peration     | Version:     4.0                                |
|   \\  /    A nd           | Web:         http://www.foam-extend.org         |
|    \\/     M anipulation  |                                                 |
\*---------------------------------------------------------------------------*/
FoamFile
{
    version     2.0;
    format      ascii;
    class       cellSet;
    location    "constant/polyMesh/sets";
    object      cellSet_region_conductor;
}
// * * * * * * * * * * * * * * * * * * * * * * * * * * * * * * * * * * * * * //


2510
(
4098 
4099 
4100 
4102 
4103 
4104 
4105 
4107 
4108 
4109 
4110 
4111 
4112 
4113 
4114 
4115 
4116 
4117 
4118 
4119 
4120 
4121 
4122 
4123 
4124 
4125 
4126 
4127 
4128 
4129 
4130 
4131 
4132 
4133 
4134 
4135 
4136 
4137 
4138 
4139 
4140 
4141 
4142 
4143 
4144 
4145 
4146 
4147 
4148 
4149 
4150 
4151 
4152 
4153 
4154 
4155 
4156 
4157 
4158 
4159 
4160 
4161 
4162 
4163 
4164 
4165 
4166 
4167 
4168 
4169 
4170 
4171 
4172 
4173 
4174 
4175 
4176 
4177 
4178 
4179 
4180 
4181 
4182 
4183 
4184 
4185 
4186 
4187 
4188 
4189 
4190 
4191 
4192 
4193 
4194 
4195 
4196 
4197 
4198 
4199 
4200 
4201 
4202 
4203 
4204 
4205 
4206 
4207 
4208 
4209 
4210 
4211 
4212 
4213 
4214 
4215 
4216 
4217 
4227 
4228 
4229 
4230 
4231 
4232 
4233 
4234 
4235 
4236 
4237 
4238 
4239 
4240 
4241 
4242 
4243 
4244 
4245 
4246 
4247 
4248 
4249 
4250 
4251 
4252 
4253 
4305 
4306 
4307 
4308 
4309 
4310 
4311 
4312 
4313 
4314 
4315 
4316 
4317 
4318 
4319 
4320 
4321 
4322 
4332 
4333 
4334 
4335 
4336 
4337 
4338 
4339 
4340 
4341 
4342 
4343 
4344 
4345 
4346 
4347 
4348 
4349 
4359 
4360 
4361 
4362 
4363 
4364 
4365 
4366 
4367 
4368 
4369 
4370 
4371 
4372 
4373 
4374 
4375 
4376 
4386 
4387 
4388 
4389 
4390 
4391 
4392 
4393 
4394 
4395 
4396 
4397 
4398 
4399 
4400 
4401 
4402 
4403 
4413 
4414 
4415 
4416 
4417 
4418 
4419 
4420 
4421 
4422 
4423 
4424 
4425 
4426 
4427 
4428 
4429 
4430 
4440 
4441 
4442 
4443 
4444 
4445 
4446 
4447 
4448 
4449 
4450 
4451 
4452 
4453 
4454 
4455 
4456 
4457 
4467 
4468 
4469 
4470 
4471 
4472 
4473 
4474 
4475 
4476 
4477 
4478 
4479 
4480 
4481 
4482 
4483 
4484 
4494 
4495 
4496 
4497 
4498 
4499 
4500 
4501 
4502 
4503 
4504 
4505 
4506 
4507 
4508 
4509 
4510 
4511 
4521 
4522 
4523 
4524 
4525 
4526 
4527 
4528 
4529 
4530 
4531 
4532 
4533 
4534 
4535 
4536 
4537 
4538 
4548 
4549 
4550 
4551 
4552 
4553 
4554 
4555 
4556 
4557 
4558 
4559 
4560 
4561 
4562 
4563 
4564 
4565 
4575 
4576 
4577 
4578 
4579 
4580 
4581 
4582 
4583 
4584 
4585 
4586 
4587 
4588 
4589 
4590 
4591 
4592 
4602 
4603 
4604 
4605 
4606 
4607 
4608 
4609 
4610 
4611 
4612 
4613 
4614 
4615 
4616 
4617 
4618 
4619 
4629 
4630 
4631 
4632 
4633 
4634 
4635 
4636 
4637 
4638 
4639 
4640 
4641 
4642 
4643 
4644 
4645 
4646 
4647 
4648 
4649 
4650 
4651 
4652 
4653 
4654 
4655 
4656 
4657 
4658 
4659 
4660 
4661 
4662 
4663 
4664 
611 
651 
4755 
4756 
4757 
4758 
4759 
4760 
4761 
4762 
4763 
4764 
4765 
4766 
4767 
4768 
4769 
4770 
4771 
4772 
4773 
4774 
4775 
4776 
4777 
4778 
4779 
4780 
4781 
4782 
4783 
4784 
4785 
4786 
691 
4787 
4788 
4789 
4790 
4791 
4792 
4793 
4794 
4795 
4796 
4797 
4798 
4799 
4800 
4801 
4802 
4803 
4804 
4805 
4806 
4807 
4808 
4809 
4810 
4811 
4812 
4813 
4814 
4815 
4816 
4817 
4818 
4819 
4820 
4821 
4822 
4823 
731 
4833 
4834 
4835 
4836 
4837 
4838 
4839 
4840 
4841 
4842 
4843 
4844 
4845 
4846 
4847 
4848 
4849 
4850 
4851 
4852 
4853 
4854 
4855 
4856 
4857 
4858 
4859 
4860 
4861 
4862 
4863 
4864 
4865 
4866 
771 
4867 
4868 
4869 
4870 
4871 
4872 
4873 
4874 
4875 
4876 
4877 
4878 
4879 
4880 
4881 
4882 
4883 
4884 
4885 
4886 
4887 
4888 
4889 
4890 
4891 
4892 
4893 
4894 
4895 
4896 
4897 
4898 
4899 
4900 
4901 
4902 
4903 
4904 
4905 
4906 
811 
4907 
4908 
4909 
4910 
4911 
4912 
4913 
4914 
4915 
4916 
4917 
4918 
4919 
4920 
4921 
4922 
4923 
4924 
4925 
4926 
4927 
4928 
4929 
4930 
4931 
4932 
4933 
4934 
4935 
4936 
4937 
4938 
4939 
4940 
4941 
4942 
4943 
4944 
4945 
4946 
851 
4947 
4948 
852 
4949 
853 
4950 
854 
4951 
855 
4952 
856 
857 
858 
859 
860 
861 
862 
863 
864 
865 
4962 
866 
4963 
867 
4964 
868 
4965 
869 
4966 
4967 
4968 
4969 
4970 
891 
892 
893 
894 
895 
896 
897 
898 
899 
900 
901 
902 
903 
904 
905 
906 
907 
908 
909 
931 
932 
933 
934 
935 
5034 
5035 
5036 
5037 
5038 
5039 
5040 
5041 
5042 
5052 
5053 
5054 
5055 
5056 
5057 
5058 
5059 
5060 
971 
972 
973 
5070 
974 
5071 
975 
5072 
5073 
5074 
5075 
5076 
5077 
5078 
5088 
5089 
5090 
5091 
5092 
5093 
5094 
5095 
5096 
5106 
5107 
1011 
5108 
1012 
5109 
1013 
5110 
1014 
5111 
1015 
5112 
5113 
5114 
5127 
5128 
5129 
1051 
1052 
1053 
1054 
1055 
1091 
1092 
1093 
1094 
1095 
1131 
1132 
1133 
1134 
1135 
1171 
1172 
1173 
1174 
1175 
1211 
1212 
1213 
1214 
1215 
5322 
5323 
5324 
5325 
5326 
5327 
5328 
5329 
5330 
5331 
5332 
5333 
5334 
5335 
5336 
5337 
5338 
5339 
5340 
5341 
5342 
5343 
5344 
5345 
5346 
1251 
5347 
5348 
1252 
5349 
1253 
5350 
1254 
5351 
1255 
5352 
5353 
5354 
5355 
5356 
5357 
5358 
5359 
5360 
5361 
5362 
5363 
5364 
5365 
5366 
5367 
5368 
5369 
5370 
5371 
5372 
5376 
5377 
5378 
5379 
5380 
5381 
5382 
5383 
5384 
1291 
1292 
1293 
1294 
1295 
5421 
5422 
5423 
5424 
5425 
5426 
1331 
5427 
5428 
1332 
5429 
1333 
1334 
1335 
5466 
1371 
5467 
5468 
1372 
5469 
1373 
5470 
1374 
5471 
1375 
5472 
5473 
5474 
1411 
1412 
1413 
1414 
5511 
1415 
5512 
5513 
5514 
5515 
5516 
5517 
5518 
5519 
1451 
1452 
1453 
1454 
1455 
5556 
5557 
5558 
5559 
5560 
5561 
5562 
5563 
5564 
1491 
1492 
1493 
1494 
1495 
1496 
1497 
1498 
1499 
1500 
1501 
1502 
1503 
1504 
5601 
1505 
5602 
1506 
5603 
1507 
5604 
1508 
5605 
1509 
5606 
5607 
5608 
5609 
1531 
1532 
1533 
1534 
1535 
1536 
1537 
1538 
1539 
1540 
1541 
1542 
1543 
1544 
1545 
1546 
1547 
1548 
1549 
5646 
5647 
5648 
5649 
5650 
5651 
5652 
5653 
5654 
1571 
5691 
5692 
5693 
5694 
5695 
5696 
5697 
5698 
5699 
1611 
5736 
5737 
5738 
5739 
5740 
5741 
5742 
5743 
5744 
1651 
5781 
5782 
5783 
5784 
5785 
5786 
1691 
5787 
5788 
5789 
5826 
1731 
5827 
5828 
5829 
5830 
5831 
5832 
5833 
5834 
1771 
5871 
5872 
5873 
5874 
5875 
5876 
5877 
5878 
5879 
1811 
5916 
5917 
5918 
5919 
5920 
5921 
5922 
5923 
5924 
5943 
5944 
5945 
5946 
5947 
5948 
5949 
5950 
5951 
5952 
5953 
5954 
5955 
5956 
5957 
5958 
5959 
5960 
5961 
5962 
5963 
5964 
5965 
5966 
5967 
5968 
5969 
5970 
5971 
5972 
5973 
5974 
5975 
5976 
5977 
5978 
5979 
5980 
5981 
5982 
5983 
5984 
5985 
5986 
5987 
5988 
5989 
5990 
5991 
5992 
5993 
6186 
6187 
6188 
6189 
6190 
6191 
6192 
6193 
6194 
6195 
6196 
6197 
6198 
6199 
6200 
6201 
6202 
6203 
6204 
6205 
6206 
6207 
6208 
6209 
6210 
6211 
6212 
6213 
6214 
6215 
6216 
6217 
6218 
6219 
6220 
6221 
6222 
6223 
6224 
6225 
6226 
6227 
6228 
6229 
6230 
6231 
6232 
6233 
6234 
6235 
6236 
6237 
6238 
6239 
6240 
6241 
6242 
6243 
6244 
6245 
6246 
6247 
6248 
6249 
6250 
6251 
6252 
6253 
6254 
6255 
6256 
6257 
6258 
6259 
6260 
6261 
6262 
6263 
6264 
6265 
6266 
6267 
6268 
6269 
6270 
6271 
6272 
6273 
6274 
6275 
6276 
6277 
6278 
6279 
6280 
6281 
6282 
6283 
6284 
6285 
6286 
6287 
6288 
6289 
6290 
6291 
6292 
6293 
6294 
6295 
6296 
6297 
6298 
6299 
6300 
6301 
6302 
6303 
6304 
6305 
6306 
6307 
6308 
6309 
6310 
6311 
6312 
6313 
6314 
6315 
6316 
6317 
6318 
6319 
6320 
6321 
6322 
6323 
6324 
6325 
6326 
6327 
6328 
6329 
6330 
6331 
6332 
6333 
6334 
6335 
6336 
6337 
6338 
6339 
6340 
6341 
6342 
6343 
6344 
6345 
6346 
6347 
6348 
6349 
6350 
6351 
6352 
6353 
6354 
6355 
6356 
6393 
6394 
6395 
6396 
6397 
6398 
6399 
6400 
6401 
6420 
6421 
6422 
6423 
6424 
6425 
6426 
6427 
6428 
6447 
6448 
6449 
6450 
6451 
6452 
6453 
6454 
6455 
6474 
6475 
6476 
6477 
6478 
6479 
6480 
6481 
6482 
6501 
2406 
6502 
6503 
6504 
6505 
6506 
6507 
6508 
6509 
2415 
2424 
6528 
2433 
6529 
6530 
6531 
6532 
6533 
6534 
6535 
6536 
2442 
2451 
6555 
2460 
6556 
6557 
6558 
6559 
6560 
6561 
6562 
6563 
6582 
6583 
6584 
6585 
6586 
6587 
6588 
6589 
6590 
6609 
6610 
6611 
6612 
6613 
6614 
6615 
2520 
6616 
6617 
2523 
2524 
2525 
2526 
2527 
2528 
2529 
2530 
2531 
2532 
2533 
2534 
2535 
2536 
2537 
2538 
2539 
6636 
2540 
6637 
2541 
6638 
2542 
6639 
2543 
6640 
2544 
6641 
2545 
6642 
2546 
6643 
2547 
6644 
2548 
2549 
2550 
2551 
2552 
2553 
2554 
2555 
2556 
2557 
2558 
2559 
2560 
2561 
2562 
2563 
2564 
2565 
2566 
6663 
2567 
6664 
2568 
6665 
2569 
6666 
2570 
6667 
2571 
6668 
2572 
6669 
2573 
6670 
2574 
6671 
2575 
2576 
2583 
2586 
2587 
2588 
2589 
2590 
2591 
2592 
2593 
6690 
2594 
6691 
2595 
6692 
2596 
6693 
2597 
6694 
2598 
6695 
2599 
6696 
2600 
6697 
2601 
6698 
2602 
2603 
2604 
2605 
2606 
2607 
2608 
2609 
2610 
2611 
2612 
2613 
2614 
2615 
2616 
2617 
2618 
2619 
2620 
6717 
2621 
6718 
2622 
6719 
2623 
6720 
2624 
6721 
2625 
6722 
2626 
6723 
2627 
6724 
2628 
6725 
2629 
2630 
2631 
2632 
2633 
2634 
2635 
2636 
2637 
2638 
2639 
2646 
2647 
2648 
2649 
2650 
6747 
2651 
6748 
2652 
6749 
2653 
6750 
2654 
6751 
2655 
6752 
2656 
6753 
2657 
6754 
2658 
6755 
2659 
6756 
2660 
6757 
6758 
6759 
6760 
6761 
6762 
6763 
6764 
6765 
6766 
6767 
6768 
6769 
6770 
6771 
6772 
6773 
6774 
6775 
6776 
6777 
6778 
6779 
6780 
6781 
6782 
6783 
6784 
6785 
6786 
6787 
6788 
6789 
6790 
6791 
6792 
6793 
6794 
6795 
6796 
6797 
6798 
6799 
6800 
6801 
6802 
6803 
6804 
2709 
6805 
6806 
2710 
6807 
2711 
6808 
2712 
6809 
2713 
6810 
2714 
6811 
2715 
6812 
2716 
6813 
2717 
6814 
6815 
6816 
6817 
6818 
6819 
6820 
6821 
6822 
6823 
6824 
6825 
6826 
6827 
6828 
6829 
6830 
6831 
2736 
6832 
6833 
2737 
6834 
2738 
6835 
2739 
6836 
2740 
6837 
2741 
6838 
2742 
6839 
2743 
6840 
2744 
6841 
6842 
6843 
6844 
6845 
6846 
6847 
6848 
6849 
6850 
6851 
6852 
6853 
6854 
6855 
6856 
6857 
6858 
2763 
6859 
6860 
2764 
6861 
2765 
6862 
2766 
6863 
2767 
6864 
2768 
6865 
2769 
6866 
2770 
6867 
2771 
6868 
6869 
6870 
6871 
6872 
6873 
6874 
6875 
6876 
6877 
6878 
6879 
6880 
6881 
6882 
6883 
6884 
6885 
2790 
6886 
6887 
2791 
6888 
2792 
6889 
2793 
6890 
2794 
6891 
2795 
6892 
2796 
6893 
2797 
6894 
2798 
6895 
6896 
6897 
6898 
6899 
6900 
6901 
6902 
6903 
6904 
6905 
2817 
2818 
2819 
2820 
2821 
6918 
2822 
6919 
2823 
6920 
2824 
6921 
2825 
6922 
6923 
6936 
6937 
6938 
6939 
2844 
6940 
6941 
2845 
2846 
2847 
2848 
2849 
2850 
2851 
2852 
6954 
6955 
6956 
6957 
6958 
6959 
2871 
2872 
2873 
2874 
2875 
6972 
2876 
6973 
2877 
6974 
2878 
6975 
2879 
6976 
6977 
6990 
6991 
6992 
6993 
2898 
6994 
6995 
2899 
2900 
2901 
2902 
2903 
2904 
2905 
2906 
7008 
7009 
7010 
7011 
7012 
7013 
2925 
2926 
2927 
2928 
2929 
7026 
2930 
7027 
2931 
7028 
2932 
7029 
2933 
7030 
7031 
7044 
7045 
7046 
7047 
2952 
7048 
7049 
2953 
2954 
2955 
2956 
2957 
2958 
2959 
2960 
7062 
7063 
7064 
7065 
7066 
7067 
2979 
2980 
2981 
2982 
2983 
7080 
2984 
7081 
2985 
7082 
2986 
7083 
2987 
7084 
7085 
7098 
7099 
7100 
7101 
3006 
7102 
7103 
3007 
3008 
3009 
3010 
3011 
3012 
3013 
3014 
7116 
7117 
7118 
7119 
7120 
7121 
7122 
7123 
7124 
7125 
7126 
7127 
7128 
3033 
7129 
7130 
3034 
7131 
3035 
7132 
3036 
7133 
3037 
3038 
3039 
3040 
3041 
3042 
3043 
3044 
3045 
3046 
3047 
7170 
7171 
7172 
7173 
7174 
7175 
7176 
7177 
7178 
7179 
7180 
7181 
7182 
7183 
7184 
7185 
7186 
7187 
3096 
3097 
3098 
3099 
3100 
3101 
3102 
3103 
3104 
3105 
3106 
3107 
3108 
3109 
3110 
3111 
3112 
3113 
3114 
3115 
3116 
3117 
3118 
3119 
3120 
3121 
3122 
3123 
3124 
3125 
3126 
3127 
7224 
3128 
7225 
3129 
7226 
3130 
7227 
3131 
7228 
3132 
7229 
3133 
7230 
3134 
7231 
3135 
7232 
3136 
7233 
3137 
7234 
3138 
7235 
3139 
7236 
3140 
7237 
3141 
7238 
3142 
7239 
3143 
7240 
3144 
7241 
3145 
3146 
3147 
3148 
3149 
3150 
3151 
3152 
3159 
3160 
3161 
3162 
3163 
3164 
3165 
3166 
3167 
3168 
3169 
3170 
3171 
3172 
3173 
3174 
3175 
3176 
3177 
3178 
3179 
3180 
3181 
7278 
3182 
7279 
3183 
7280 
3184 
7281 
3185 
7282 
3186 
7283 
3187 
7284 
3188 
7285 
3189 
7286 
3190 
7287 
3191 
7288 
3192 
7289 
3193 
7290 
3194 
7291 
3195 
7292 
3196 
7293 
3197 
7294 
3198 
7295 
3199 
3200 
3201 
3202 
3203 
3204 
3205 
3206 
3207 
3208 
3209 
3210 
3211 
3212 
3213 
3214 
3215 
3222 
3223 
3224 
7332 
7333 
7334 
7335 
7336 
7337 
7338 
7339 
7340 
7341 
7342 
7343 
7344 
7345 
7346 
7347 
7348 
7349 
3282 
3283 
3284 
7386 
3291 
7387 
7388 
3292 
7389 
3293 
7390 
7391 
7392 
7393 
7394 
7395 
3300 
7396 
7397 
3301 
7398 
3302 
7399 
7400 
7401 
7402 
7403 
3309 
3310 
3311 
3318 
3319 
3320 
3329 
3339 
3340 
3341 
7440 
3345 
7441 
3346 
7442 
3347 
7443 
7444 
7445 
7446 
3351 
7447 
3352 
7448 
3353 
7449 
7450 
7451 
7452 
3357 
7453 
3358 
7454 
3359 
7455 
7456 
7457 
3363 
3364 
3365 
3369 
3370 
3371 
3378 
3379 
3380 
3381 
3382 
3383 
3384 
3385 
3386 
3387 
3388 
3389 
3390 
3391 
3392 
3393 
3394 
3395 
3396 
3397 
7494 
3398 
7495 
3399 
7496 
3400 
7497 
3401 
7498 
3402 
7499 
3403 
7500 
3404 
7501 
3405 
7502 
3406 
7503 
3407 
7504 
3408 
7505 
3409 
7506 
3410 
7507 
3411 
7508 
3412 
7509 
3413 
7510 
3414 
7511 
3415 
3416 
3417 
3418 
3419 
3420 
3421 
3422 
3423 
3424 
3425 
3426 
3427 
3428 
3429 
3430 
3431 
3432 
3433 
3434 
3438 
3439 
3440 
3441 
3442 
3443 
3447 
3448 
3449 
3450 
3451 
7548 
3452 
7549 
3453 
7550 
3454 
7551 
3455 
7552 
3456 
7553 
3457 
7554 
3458 
7555 
3459 
7556 
3460 
7557 
3461 
7558 
7559 
7560 
7561 
7562 
7563 
7564 
7565 
3504 
3505 
3506 
7602 
7603 
3507 
7604 
3508 
7605 
3509 
7606 
7607 
7608 
3513 
7609 
3514 
7610 
3515 
7611 
7612 
3516 
7613 
3517 
7614 
3518 
7615 
7616 
7617 
3522 
7618 
3523 
7619 
3524 
3525 
3526 
3527 
3531 
3532 
3533 
3534 
3535 
3536 
3540 
3541 
3542 
3543 
3544 
3545 
3549 
3550 
3551 
3552 
3553 
3554 
3558 
3559 
3560 
7656 
7657 
3561 
7658 
3562 
7659 
3563 
7660 
7661 
7662 
3567 
7663 
3568 
7664 
3569 
7665 
7666 
3570 
7667 
3571 
7668 
3572 
7669 
7670 
7671 
3576 
7672 
3577 
7673 
3578 
3579 
3580 
3581 
3585 
3586 
3587 
3588 
3589 
3590 
3594 
3595 
3596 
3597 
3598 
3599 
3603 
3604 
3605 
3606 
3607 
3608 
3612 
3613 
3614 
7710 
7711 
3615 
7712 
3616 
7713 
3617 
7714 
7715 
7716 
3621 
7717 
3622 
7718 
3623 
7719 
7720 
3624 
7721 
3625 
7722 
3626 
7723 
3627 
7724 
3628 
7725 
3629 
7726 
3630 
7727 
3631 
3632 
3633 
3634 
3635 
3636 
3637 
3638 
3639 
3640 
3641 
3642 
3643 
3644 
3645 
3646 
3647 
3648 
3649 
3650 
3651 
3652 
3653 
3654 
3655 
3656 
3657 
3658 
3659 
3660 
3661 
3662 
3663 
3664 
3665 
3666 
3667 
3668 
3669 
3670 
3671 
3672 
3673 
3674 
3675 
3676 
3677 
3681 
3682 
3683 
3684 
3685 
3686 
3690 
3691 
3692 
3750 
3751 
3752 
3756 
3757 
3758 
3762 
3763 
3764 
3768 
3769 
3770 
3774 
3775 
3776 
3780 
3781 
3782 
3789 
3790 
3791 
3793 
3794 
3807 
3808 
3809 
3811 
3812 
3813 
3814 
3825 
3826 
3827 
3829 
3830 
3831 
3832 
3843 
3844 
3845 
3847 
3848 
3849 
3850 
3861 
3862 
3863 
3865 
3866 
3867 
3868 
3879 
3880 
3881 
3883 
3884 
3885 
3886 
3897 
3898 
3899 
3901 
3902 
3903 
3904 
4020 
4021 
4022 
4024 
4025 
4026 
4027 
4029 
4030 
4031 
4032 
4033 
4034 
4035 
4036 
4037 
4038 
4039 
4040 
4041 
4042 
4043 
4044 
4045 
4046 
4047 
4048 
4049 
4050 
4051 
4052 
4053 
4054 
4055 
4056 
4057 
4058 
4059 
4060 
4061 
4062 
4063 
4064 
4065 
4066 
4067 
4068 
4069 
4070 
4071 
4072 
4073 
4074 
4075 
4076 
4077 
4078 
4079 
4080 
4081 
4082 
4083 
4084 
4085 
4086 
4087 
4088 
)

// ************************************************************************* //
