/*--------------------------------*- C++ -*----------------------------------*\
| =========                 |                                                 |
| \\      /  F ield         | foam-extend: Open Source CFD                    |
|  \\    /   O peration     | Version:     4.0                                |
|   \\  /    A nd           | Web:         http://www.foam-extend.org         |
|    \\/     M anipulation  |                                                 |
\*---------------------------------------------------------------------------*/
FoamFile
{
    version     2.0;
    format      ascii;
    class       cellSet;
    location    "constant/polyMesh/sets";
    object      cellSet_region_fluid;
}
// * * * * * * * * * * * * * * * * * * * * * * * * * * * * * * * * * * * * * //


896
(
4236 
4237 
4238 
4239 
4240 
4241 
4242 
4243 
4244 
4245 
4246 
4247 
4248 
4249 
4250 
4251 
4252 
4253 
4314 
4315 
4316 
4317 
4318 
4319 
4320 
4321 
4322 
4341 
4342 
4343 
4344 
4345 
4346 
4347 
4348 
4349 
4368 
4369 
4370 
4371 
4372 
4373 
4374 
4375 
4376 
4395 
4396 
4397 
4398 
4399 
4400 
4401 
4402 
4403 
4422 
4423 
4424 
4425 
4426 
4427 
4428 
4429 
4430 
4449 
4450 
4451 
4452 
4453 
4454 
4455 
4456 
4457 
4476 
4477 
4478 
4479 
4480 
4481 
4482 
4483 
4484 
4503 
4504 
4505 
4506 
4507 
4508 
4509 
4510 
4511 
4530 
4531 
4532 
4533 
4534 
4535 
4536 
4537 
4538 
4557 
4558 
4559 
4560 
4561 
4562 
4563 
4564 
4565 
4584 
4585 
4586 
4587 
4588 
4589 
4590 
4591 
4592 
4611 
4612 
4613 
4614 
4615 
4616 
4617 
4618 
4619 
4638 
4639 
4640 
4641 
4642 
4643 
4644 
4645 
4646 
4647 
4648 
4649 
4650 
4651 
4652 
4653 
4654 
4655 
4656 
4657 
4658 
4659 
4660 
4661 
4662 
4663 
4664 
932 
933 
934 
935 
972 
973 
974 
975 
1012 
1013 
1014 
1015 
1052 
1053 
1054 
1055 
1092 
1093 
1094 
1095 
1132 
1133 
1134 
1135 
1172 
1173 
1174 
1175 
1212 
1213 
1214 
1215 
1252 
1253 
1254 
1255 
5376 
5377 
5378 
5379 
5380 
5381 
5382 
5383 
5384 
1292 
1293 
1294 
1295 
5421 
5422 
5423 
5424 
5425 
5426 
5427 
5428 
1332 
5429 
1333 
1334 
1335 
5466 
5467 
5468 
1372 
5469 
1373 
5470 
1374 
5471 
1375 
5472 
5473 
5474 
1412 
1413 
1414 
5511 
1415 
5512 
5513 
5514 
5515 
5516 
5517 
5518 
5519 
1452 
1453 
1454 
1455 
5556 
5557 
5558 
5559 
5560 
5561 
5562 
5563 
5564 
5601 
5602 
5603 
5604 
5605 
5606 
5607 
5608 
5609 
5646 
5647 
5648 
5649 
5650 
5651 
5652 
5653 
5654 
5691 
5692 
5693 
5694 
5695 
5696 
5697 
5698 
5699 
5736 
5737 
5738 
5739 
5740 
5741 
5742 
5743 
5744 
5781 
5782 
5783 
5784 
5785 
5786 
5787 
5788 
5789 
5826 
5827 
5828 
5829 
5830 
5831 
5832 
5833 
5834 
5871 
5872 
5873 
5874 
5875 
5876 
5877 
5878 
5879 
5916 
5917 
5918 
5919 
5920 
5921 
5922 
5923 
5924 
6339 
6340 
6341 
6342 
6343 
6344 
6345 
6346 
6347 
6348 
6349 
6350 
6351 
6352 
6353 
6354 
6355 
6356 
6393 
6394 
6395 
6396 
6397 
6398 
6399 
6400 
6401 
6420 
6421 
6422 
6423 
6424 
6425 
6426 
6427 
6428 
6447 
6448 
6449 
6450 
6451 
6452 
6453 
6454 
6455 
6474 
6475 
6476 
6477 
6478 
6479 
6480 
6481 
6482 
6501 
6502 
6503 
6504 
6505 
6506 
6507 
6508 
6509 
6528 
6529 
6530 
6531 
6532 
6533 
6534 
6535 
6536 
6555 
6556 
6557 
6558 
6559 
6560 
6561 
6562 
6563 
6582 
6583 
6584 
6585 
6586 
6587 
6588 
6589 
6590 
6609 
6610 
6611 
6612 
6613 
6614 
6615 
6616 
6617 
6636 
6637 
6638 
6639 
6640 
6641 
6642 
6643 
6644 
6663 
6664 
6665 
6666 
6667 
6668 
6669 
6670 
6671 
6690 
6691 
6692 
6693 
6694 
6695 
6696 
6697 
6698 
6717 
6718 
6719 
6720 
6721 
6722 
6723 
6724 
6725 
2649 
2650 
2651 
2652 
2653 
2654 
2655 
2656 
2657 
2658 
2659 
2660 
2712 
2713 
2714 
2715 
2716 
2717 
2739 
2740 
2741 
2742 
2743 
2744 
2766 
2767 
2768 
2769 
2770 
2771 
2793 
2794 
2795 
2796 
2797 
2798 
6900 
6901 
6902 
6903 
6904 
6905 
2820 
2821 
6918 
2822 
6919 
2823 
6920 
2824 
6921 
2825 
6922 
6923 
6936 
6937 
6938 
6939 
6940 
6941 
2847 
2848 
2849 
2850 
2851 
2852 
6954 
6955 
6956 
6957 
6958 
6959 
2874 
2875 
6972 
2876 
6973 
2877 
6974 
2878 
6975 
2879 
6976 
6977 
6990 
6991 
6992 
6993 
6994 
6995 
2901 
2902 
2903 
2904 
2905 
2906 
7008 
7009 
7010 
7011 
7012 
7013 
2928 
2929 
7026 
2930 
7027 
2931 
7028 
2932 
7029 
2933 
7030 
7031 
7044 
7045 
7046 
7047 
7048 
7049 
2955 
2956 
2957 
2958 
2959 
2960 
7062 
7063 
7064 
7065 
7066 
7067 
2982 
2983 
7080 
2984 
7081 
2985 
7082 
2986 
7083 
2987 
7084 
7085 
7098 
7099 
7100 
7101 
7102 
7103 
3009 
3010 
3011 
3012 
3013 
3014 
7116 
7117 
7118 
7119 
7120 
7121 
7122 
7123 
7124 
7125 
7126 
7127 
7128 
7129 
7130 
7131 
7132 
3036 
7133 
3037 
3038 
3039 
3040 
3041 
3042 
3043 
3044 
3045 
3046 
3047 
7170 
7171 
7172 
7173 
7174 
7175 
7176 
7177 
7178 
7179 
7180 
7181 
7182 
7183 
7184 
7185 
7186 
7187 
7224 
7225 
7226 
7227 
7228 
7229 
7230 
7231 
7232 
7233 
7234 
7235 
7236 
7237 
7238 
7239 
7240 
7241 
7278 
7279 
7280 
7281 
7282 
7283 
7284 
7285 
7286 
7287 
7288 
7289 
7290 
7291 
7292 
7293 
7294 
7295 
7332 
7333 
7334 
7335 
7336 
7337 
7338 
7339 
7340 
7341 
7342 
7343 
7344 
7345 
7346 
7347 
7348 
7349 
7386 
7387 
7388 
7389 
7390 
7391 
7392 
7393 
7394 
7395 
7396 
7397 
7398 
7399 
7400 
7401 
7402 
7403 
7440 
7441 
7442 
7443 
7444 
7445 
7446 
7447 
7448 
7449 
7450 
7451 
7452 
7453 
7454 
7455 
7456 
7457 
7494 
7495 
7496 
7497 
7498 
7499 
7500 
7501 
7502 
7503 
7504 
7505 
7506 
7507 
7508 
7509 
7510 
7511 
3450 
3451 
7548 
3452 
7549 
3453 
7550 
3454 
7551 
3455 
7552 
3456 
7553 
3457 
7554 
3458 
7555 
3459 
7556 
3460 
7557 
3461 
7558 
7559 
7560 
7561 
7562 
7563 
7564 
7565 
7602 
7603 
3507 
7604 
3508 
7605 
3509 
7606 
7607 
7608 
7609 
7610 
7611 
7612 
3516 
7613 
3517 
7614 
3518 
7615 
7616 
7617 
7618 
7619 
3525 
3526 
3527 
3534 
3535 
3536 
3543 
3544 
3545 
3552 
3553 
3554 
7656 
7657 
3561 
7658 
3562 
7659 
3563 
7660 
7661 
7662 
7663 
7664 
7665 
7666 
3570 
7667 
3571 
7668 
3572 
7669 
7670 
7671 
7672 
7673 
3579 
3580 
3581 
3588 
3589 
3590 
3597 
3598 
3599 
3606 
3607 
3608 
7710 
7711 
3615 
7712 
3616 
7713 
3617 
7714 
7715 
7716 
7717 
7718 
7719 
7720 
7721 
7722 
7723 
7724 
7725 
7726 
7727 
)

// ************************************************************************* //
