/*--------------------------------*- C++ -*----------------------------------*\
| =========                 |                                                 |
| \\      /  F ield         | foam-extend: Open Source CFD                    |
|  \\    /   O peration     | Version:     4.0                                |
|   \\  /    A nd           | Web:         http://www.foam-extend.org         |
|    \\/     M anipulation  |                                                 |
\*---------------------------------------------------------------------------*/
FoamFile
{
    version     2.0;
    format      ascii;
    class       faceSet;
    location    "constant/polyMesh/sets";
    object      faceSet_regions;
}
// * * * * * * * * * * * * * * * * * * * * * * * * * * * * * * * * * * * * * //


696
(
8205 
8213 
4126 
12327 
4174 
4177 
4178 
4181 
4185 
4189 
4193 
4197 
4201 
4205 
4209 
4213 
4217 
4221 
12416 
4225 
4229 
4233 
4237 
4241 
4245 
8376 
8384 
4300 
4304 
8401 
8409 
12505 
8426 
8434 
8451 
8459 
8476 
8484 
12594 
4424 
4428 
8528 
8530 
8534 
8548 
8562 
8576 
12683 
8590 
8604 
8622 
4530 
4534 
8630 
8635 
8643 
8651 
8659 
8667 
8675 
12772 
8683 
8691 
8699 
8707 
8710 
8715 
8723 
8731 
4636 
4640 
8739 
8747 
8755 
8763 
12861 
8771 
8774 
8779 
8787 
8795 
8801 
8809 
8814 
8822 
8830 
4742 
8838 
8841 
4746 
8846 
12944 
8854 
8862 
8870 
8878 
8886 
8889 
8894 
8900 
8906 
8912 
13013 
8918 
8924 
8930 
8936 
8939 
4848 
8947 
4852 
8955 
8963 
8971 
13071 
8979 
8987 
8995 
9003 
9011 
9019 
9027 
9035 
9043 
9051 
9059 
9067 
9075 
9083 
9091 
9099 
9107 
9115 
9123 
9131 
9139 
9147 
9155 
9163 
9171 
9179 
9187 
9195 
9203 
9211 
9219 
9227 
9235 
9243 
9251 
9259 
9264 
9272 
9280 
9288 
9296 
9304 
9312 
9320 
9328 
13428 
9336 
9339 
9344 
9352 
9360 
9368 
9376 
9384 
9392 
9400 
9403 
9409 
9417 
9425 
9431 
9439 
9444 
9450 
1263 
9456 
9462 
9468 
9474 
9480 
9486 
9492 
13592 
9498 
9504 
9510 
9516 
9522 
9528 
13625 
9534 
9540 
9546 
9551 
9559 
1369 
9565 
13661 
9573 
9579 
9587 
9593 
9601 
13697 
9607 
9615 
9621 
9622 
9624 
9629 
9633 
13733 
9640 
9644 
9652 
9662 
1475 
9669 
13769 
9674 
9684 
9691 
9696 
9706 
13805 
9713 
9718 
9728 
9735 
9740 
13841 
9750 
9757 
9762 
9772 
1581 
9779 
13877 
9787 
9795 
9803 
9811 
13913 
9819 
9827 
9835 
9843 
9851 
13949 
9859 
9867 
9875 
1687 
9883 
13985 
9891 
9899 
9907 
9915 
9922 
9925 
14021 
9935 
9937 
9942 
1802 
10017 
10029 
14128 
10039 
10041 
10046 
10056 
10068 
10080 
10092 
10104 
10116 
1934 
10128 
1937 
1938 
1941 
1945 
10140 
1949 
1953 
6051 
1957 
10152 
1961 
1965 
6063 
10160 
1969 
10164 
1973 
1977 
1978 
6076 
1981 
10176 
1985 
1989 
6087 
6088 
1993 
10188 
1997 
2001 
2005 
6101 
10200 
2009 
6112 
6113 
10212 
6126 
10224 
6137 
6138 
10236 
6151 
10248 
2058 
2062 
10257 
6162 
6163 
10260 
10270 
6176 
10282 
6187 
6188 
2102 
6201 
10306 
6212 
6213 
6218 
6228 
2134 
6237 
6246 
6255 
6264 
10361 
6273 
10373 
2182 
2185 
2186 
6282 
2189 
2193 
10385 
6291 
2197 
2201 
2202 
6300 
2205 
2209 
10401 
2213 
6309 
2217 
2221 
6317 
10413 
2225 
2226 
2229 
6325 
2233 
10425 
2237 
6333 
2241 
2245 
6341 
2249 
10441 
2253 
6349 
6357 
10453 
6364 
10465 
6372 
6380 
6383 
6384 
10481 
10493 
2306 
2310 
10505 
2326 
10521 
10533 
2350 
10545 
6460 
10561 
10573 
10585 
10601 
10613 
6524 
2430 
10625 
2434 
6541 
10641 
2450 
6549 
6550 
6552 
6553 
10653 
6558 
6566 
10665 
2474 
6574 
6582 
10681 
6590 
10693 
6598 
6606 
10705 
6614 
6622 
10721 
6629 
6630 
10733 
6638 
6646 
10745 
2554 
2558 
6654 
6662 
10761 
2574 
6670 
10773 
6678 
6686 
10785 
6693 
2598 
6694 
10801 
6709 
6717 
10813 
10825 
10841 
6749 
10853 
10868 
2678 
2682 
10880 
2698 
10892 
6797 
10901 
10904 
2722 
10918 
10930 
10942 
10954 
10966 
10974 
10978 
6885 
10988 
6893 
2802 
10996 
2806 
11004 
6910 
11012 
2822 
11020 
6927 
11028 
11036 
2846 
11044 
11047 
6952 
6960 
11059 
6977 
6994 
7019 
2926 
2930 
7027 
2946 
11139 
7044 
11151 
7061 
2970 
11163 
11178 
7086 
7094 
11190 
11202 
7111 
11214 
7128 
11226 
11238 
3050 
3054 
7153 
11250 
7161 
3070 
11262 
7178 
11274 
11282 
3094 
11286 
7195 
11298 
11310 
7220 
11322 
7228 
11334 
7245 
11346 
7262 
11358 
3174 
3178 
11370 
11379 
11382 
7287 
3194 
7295 
11391 
11403 
7312 
3218 
7329 
11449 
7354 
7362 
11461 
11471 
7379 
11483 
3298 
7396 
11493 
3302 
11505 
3318 
11515 
7421 
7429 
11527 
3342 
11537 
7446 
11549 
7463 
11564 
11566 
7488 
7496 
7513 
3422 
3426 
7530 
3442 
7555 
3466 
7563 
7580 
7597 
7622 
7630 
3546 
3550 
7647 
3566 
7664 
3590 
7689 
7697 
7706 
7714 
7723 
7731 
7732 
7740 
7748 
7757 
3670 
7766 
11863 
3674 
7775 
7783 
7784 
3690 
7792 
7802 
3714 
7811 
7820 
7829 
7838 
7847 
7856 
7869 
11971 
7877 
3794 
3798 
3814 
3838 
7957 
12060 
8021 
3926 
3929 
3930 
3933 
3937 
3941 
8037 
3945 
3949 
8045 
3953 
3957 
12149 
8054 
3961 
3965 
8062 
3969 
3970 
3973 
8070 
3977 
3981 
8078 
3985 
3989 
8086 
3993 
3997 
8094 
4002 
8102 
8110 
8118 
8125 
8126 
8134 
8142 
12238 
4050 
4054 
8150 
8158 
8166 
8174 
8182 
8189 
4094 
8190 
)

// ************************************************************************* //
