/*--------------------------------*- C++ -*----------------------------------*\
| =========                 |                                                 |
| \\      /  F ield         | foam-extend: Open Source CFD                    |
|  \\    /   O peration     | Version:     4.0                                |
|   \\  /    A nd           | Web:         http://www.foam-extend.org         |
|    \\/     M anipulation  |                                                 |
\*---------------------------------------------------------------------------*/
FoamFile
{
    version     2.0;
    format      ascii;
    class       labelList;
    note        "nPoints: 16080 nAllPoints: 16080 nInternalFaces: 15603 nFaces: 31331 nAllFaces: 31331 nCells: 7764";
    location    "constant/polyMesh";
    object      neighbour;
}
// * * * * * * * * * * * * * * * * * * * * * * * * * * * * * * * * * * * * * //


15603
(
1
40
2
41
3
42
4
43
5
44
6
45
7
46
8
47
9
48
10
49
11
50
12
51
13
52
14
53
15
54
16
55
17
56
18
57
19
58
20
59
21
60
22
61
23
62
24
63
25
64
26
65
27
66
28
67
29
68
30
69
31
70
32
71
33
72
34
73
35
74
36
75
37
76
38
77
39
78
79
41
80
42
81
43
82
44
83
45
84
46
85
47
86
48
87
49
88
50
89
51
90
52
91
53
92
54
93
55
94
56
95
57
96
58
97
59
98
60
99
61
100
62
101
63
102
64
103
65
104
66
105
67
106
68
107
69
108
70
109
71
110
72
111
73
112
74
113
75
114
76
115
77
116
78
117
79
118
119
81
120
82
121
83
122
84
123
85
124
86
125
87
126
88
127
89
128
90
129
91
130
92
131
93
132
94
133
95
134
96
135
97
136
98
137
99
138
100
139
101
140
102
141
103
142
104
143
105
144
106
145
107
146
108
147
109
148
110
149
111
150
112
151
113
152
114
153
115
154
116
155
117
156
118
157
119
158
159
121
160
122
161
123
162
124
163
125
164
126
165
127
166
128
167
129
168
130
169
131
170
132
171
133
172
134
173
135
174
136
175
137
176
138
177
139
178
140
179
141
180
142
181
143
182
144
183
145
184
146
185
147
186
148
187
149
188
150
189
151
190
152
191
153
192
154
193
155
194
156
195
157
196
158
197
159
198
199
161
200
162
201
163
202
164
203
165
204
166
205
167
206
168
207
169
208
170
209
171
210
172
211
173
212
174
213
175
214
176
215
177
216
178
217
179
218
180
219
181
220
182
221
183
222
184
223
185
224
186
225
187
226
188
227
189
228
190
229
191
230
192
231
193
232
194
233
195
234
196
235
197
236
198
237
199
238
239
201
240
202
241
203
242
204
243
205
244
206
245
207
246
208
247
209
248
210
249
211
250
212
251
213
252
214
253
215
254
216
255
217
256
218
257
219
258
220
259
221
260
222
261
223
262
224
263
225
264
226
265
227
266
228
267
229
268
230
269
231
270
232
271
233
272
234
273
235
274
236
275
237
276
238
277
239
278
279
241
280
242
281
243
282
244
283
245
284
246
285
247
286
248
287
249
288
250
289
251
290
252
291
253
292
254
293
255
294
256
295
257
296
258
297
259
298
260
299
261
300
262
301
263
302
264
303
265
304
266
305
267
306
268
307
269
308
270
309
271
310
272
311
273
312
274
313
275
314
276
315
277
316
278
317
279
318
319
281
320
282
321
283
322
284
323
285
324
286
325
287
326
288
327
289
328
290
329
291
330
292
331
293
332
294
333
295
334
296
335
297
336
298
337
299
338
300
339
301
340
302
341
303
342
304
343
305
344
306
345
307
346
308
347
309
348
310
349
311
350
312
351
313
352
314
353
315
354
316
355
317
356
318
357
319
358
359
321
360
322
361
323
362
324
363
325
364
326
365
327
366
328
367
329
368
330
369
331
370
332
371
333
372
334
373
335
374
336
375
337
376
338
377
339
378
340
379
341
380
342
381
343
382
344
383
345
384
346
385
347
386
348
387
349
388
350
389
351
390
352
391
353
392
354
393
355
394
356
395
357
396
358
397
359
398
399
361
400
362
401
363
402
364
403
365
404
366
405
367
406
368
407
369
408
370
409
371
410
372
411
373
412
374
413
375
414
376
415
377
416
378
417
379
418
380
419
381
420
382
421
383
422
384
423
385
424
386
425
387
426
388
427
389
428
390
429
391
430
392
431
393
432
394
433
395
434
396
435
397
436
398
437
399
438
439
401
440
402
441
403
442
404
443
405
444
406
445
407
446
408
447
409
448
410
449
411
450
412
451
413
452
414
453
415
454
416
455
417
456
418
457
419
458
420
459
421
460
422
461
423
462
424
463
425
464
426
465
427
466
428
467
429
468
430
469
431
470
432
471
433
472
434
473
435
474
436
475
437
476
438
477
439
478
479
441
480
442
481
443
482
444
483
445
484
446
485
447
486
448
487
449
488
450
489
451
490
452
491
453
492
454
493
455
494
456
495
457
496
458
497
459
498
460
499
461
500
462
501
463
502
464
503
465
504
466
505
467
506
468
507
469
508
470
509
471
510
472
511
473
512
474
513
475
514
476
515
477
516
478
517
479
518
519
481
520
482
521
483
522
484
523
485
524
486
525
487
526
488
527
489
528
490
529
491
530
492
531
2402
493
532
5132
494
533
5135
495
534
5138
496
535
5141
497
536
5144
498
537
5147
499
538
5150
500
539
5153
501
540
5156
502
541
5159
503
542
504
543
505
544
506
545
507
546
508
547
509
548
510
549
511
550
512
551
513
552
514
553
515
554
516
555
517
556
518
557
519
558
559
521
560
522
561
523
562
524
563
525
564
526
565
527
566
528
567
529
568
530
569
531
570
2400
2405
2400
2402
2402
5130
5132
5132
5133
5135
5135
5136
5138
5138
5139
5141
5141
5142
5144
5144
5145
5147
5147
5148
5150
5150
5151
5153
5153
5154
5156
5156
5157
5159
543
582
5158
5159
544
583
545
584
546
585
547
586
548
587
549
588
550
589
551
590
552
591
553
592
554
593
555
594
556
595
557
596
558
597
559
598
599
561
600
562
601
563
602
564
603
565
604
566
605
567
606
568
607
569
608
570
609
2403
2403
2405
2400
2405
3336
3338
2408
2411
3797
3799
3800
5130
2411
5133
5160
5162
5136
5162
5163
5165
5139
5165
5166
5168
5142
5168
5169
5171
5145
5171
5172
5174
5148
5174
5175
5177
5151
5177
5178
5180
5154
5180
5181
5183
5157
5183
5184
5186
583
622
5185
5186
584
623
585
624
586
625
587
626
588
627
589
628
590
629
591
630
592
631
593
632
594
633
595
634
596
635
597
636
598
637
599
638
639
601
640
602
641
603
642
604
643
605
644
606
645
607
646
608
647
609
648
610
649
2412
2403
2412
3804
3805
2406
2414
3339
3341
2409
2417
3342
3344
2420
5160
5187
5189
5163
5189
5190
5192
5166
5192
5193
5195
5169
5195
5196
5198
5172
5198
5199
5201
5175
5201
5202
5204
5178
5204
5205
5207
5181
5207
5208
5210
5184
5210
5211
5213
623
662
5212
5213
624
663
625
664
626
665
627
666
628
667
629
668
630
669
631
670
632
671
633
672
634
673
635
674
636
675
637
676
638
677
639
678
679
641
680
642
681
643
682
644
683
645
684
646
685
647
686
648
687
649
688
650
689
2421
2412
2421
3822
3823
2415
2423
3345
3347
2418
2426
3348
3350
2429
5187
5214
5216
5190
5216
5217
5219
5193
5219
5220
5222
5196
5222
5223
5225
5199
5225
5226
5228
5202
5228
5229
5231
5205
5231
5232
5234
5208
5234
5235
5237
5211
5237
5238
5240
663
702
5239
5240
664
703
665
704
666
705
667
706
668
707
669
708
670
709
671
710
672
711
673
712
674
713
675
714
676
715
677
716
678
717
679
718
719
681
720
682
721
683
722
684
723
685
724
686
725
687
726
688
727
689
728
690
729
2430
2421
2430
3840
3841
2424
2432
3351
3353
2427
2435
3354
3356
2438
5214
5241
5243
5217
5243
5244
5246
5220
5246
5247
5249
5223
5249
5250
5252
5226
5252
5253
5255
5229
5255
5256
5258
5232
5258
5259
5261
5235
5261
5262
5264
5238
5264
5265
5267
703
742
5266
5267
704
743
705
744
706
745
707
746
708
747
709
748
710
749
711
750
712
751
713
752
714
753
715
754
716
755
717
756
718
757
719
758
759
721
760
722
761
723
762
724
763
725
764
726
765
727
766
728
767
729
768
730
769
2439
2430
2439
3858
3859
2433
2441
3357
3359
2436
2444
3360
3362
2447
5241
5268
5270
5244
5270
5271
5273
5247
5273
5274
5276
5250
5276
5277
5279
5253
5279
5280
5282
5256
5282
5283
5285
5259
5285
5286
5288
5262
5288
5289
5291
5265
5291
5292
5294
743
782
5293
5294
744
783
745
784
746
785
747
786
748
787
749
788
750
789
751
790
752
791
753
792
754
793
755
794
756
795
757
796
758
797
759
798
799
761
800
762
801
763
802
764
803
765
804
766
805
767
806
768
807
769
808
770
809
2448
2439
2448
3876
3877
2442
2450
3363
3365
2445
2453
3366
3368
2456
5268
5295
5297
5271
5297
5298
5300
5274
5300
5301
5303
5277
5303
5304
5306
5280
5306
5307
5309
5283
5309
5310
5312
5286
5312
5313
5315
5289
5315
5316
5318
5292
5318
5319
5321
783
822
2495
5320
5321
784
823
2498
785
824
2501
786
825
2504
787
826
2507
788
827
2510
789
828
2513
790
829
2516
791
830
3377
792
831
793
832
794
833
795
834
796
835
797
836
798
837
799
838
839
801
840
802
841
803
842
804
843
805
844
806
845
807
846
808
847
809
848
810
849
2457
2448
2457
3894
3895
2451
2459
3369
3371
2454
2462
3372
3374
2465
2468
3913
3914
5295
2468
2471
3919
3920
5298
2471
2474
3925
3926
5301
2474
2477
3931
3932
5304
2477
2480
3937
3938
5307
2480
2483
3943
3944
5310
2483
2486
3949
3950
5313
2486
2489
3955
3956
5316
2489
2492
3961
3962
5319
2492
2495
3967
3968
2495
2498
3973
3974
2498
2501
3979
3980
2501
2504
3985
3986
2504
2507
3991
3992
2507
2510
3997
3998
2510
2513
4003
4004
2513
2516
4009
4010
2516
3375
3377
832
871
3376
3377
833
872
834
873
835
874
836
875
837
876
838
877
839
878
879
841
880
842
881
843
882
844
883
845
884
846
885
847
886
848
887
849
888
850
889
2517
2457
2517
4017
4018
2460
2519
3378
3380
2463
2522
3381
3383
2466
2525
3384
3386
2469
2528
3387
3389
2472
2531
3390
3392
2475
2534
3393
3395
2478
2537
3396
3398
2481
2540
3399
3401
2484
2543
3402
3404
2487
2546
3405
3407
2490
2549
3408
3410
2493
2552
3411
3413
2496
2555
3414
3416
2499
2558
3417
3419
2502
2561
3420
3422
2505
2564
3423
3425
2508
2567
3426
3428
2511
2570
3429
3431
2514
2573
3432
3434
2576
3375
3435
3437
872
911
2578
2579
873
912
874
913
875
914
876
915
877
916
878
917
879
918
919
881
920
882
921
883
922
884
923
885
924
886
925
887
926
888
927
889
928
890
929
2580
2517
2580
4095
4096
2520
2582
3438
3440
2523
2585
3441
3443
2526
2588
5322
5324
2529
2591
5325
5327
2532
2594
5328
5330
2535
2597
5331
5333
2538
2600
5334
5336
2541
2603
5337
5339
2544
2606
5340
5342
2547
2609
5343
5345
2550
2612
5346
5348
2553
2615
5349
5351
2556
2618
5352
5354
2559
2621
5355
5357
2562
2624
5358
5360
2565
2627
5361
5363
2568
2630
5364
5366
2571
2633
5367
5369
2574
2636
5370
5372
2577
2639
3444
3446
912
951
2641
2642
913
952
914
953
915
954
916
955
917
956
918
957
919
958
959
921
960
922
961
923
962
924
963
925
964
926
965
927
966
928
967
929
968
930
969
2643
2580
2643
4224
4225
2583
2645
3447
3449
2586
2648
3450
3452
2589
2651
3453
3455
2592
2654
3456
3458
2595
2657
3459
3461
2598
2660
3462
3464
2601
2663
3465
3467
2604
2666
3468
3470
2607
2669
3471
3473
2610
2672
3474
3476
2613
2675
3477
3479
2616
2678
3480
3482
2619
2681
3483
3485
2622
2684
3486
3488
2625
2687
3489
3491
2628
2690
3492
3494
2631
2693
3495
3497
2634
2696
3498
3500
2637
2699
3501
3503
2640
2702
5373
5375
952
991
2704
2705
953
992
954
993
955
994
956
995
957
996
958
997
959
998
999
961
1000
962
1001
963
1002
964
1003
965
1004
966
1005
967
1006
968
1007
969
1008
970
1009
2706
2643
2706
4302
4303
2646
2708
3504
3506
2649
2711
3507
3509
2652
2714
6900
6902
2655
5378
6903
6905
2658
5381
5382
5384
2661
2717
3510
3512
2664
2720
6906
6908
2667
5387
6909
6911
2670
5390
6912
6914
2673
5393
6915
6917
2676
5396
5397
5399
2679
2723
5400
5402
2682
2726
5403
5405
2685
5405
5406
5408
2688
5408
5409
5411
2691
5411
5412
5414
2694
5414
5415
5417
2697
5417
5418
5420
2700
2727
2729
5420
2703
2729
2730
2732
992
1031
2731
2732
993
1032
994
1033
995
1034
996
1035
997
1036
998
1037
999
1038
1039
1001
1040
1002
1041
1003
1042
1004
1043
1005
1044
1006
1045
1007
1046
1008
1047
1009
1048
1010
1049
2733
2706
2733
4329
4330
2709
2735
3513
3515
2712
2738
3516
3518
2741
5376
6918
6920
5379
5423
6921
6923
2715
5426
5427
5429
2718
2744
3519
3521
2747
5385
6924
6926
5388
5432
6927
6929
5391
5435
6930
6932
5394
5438
6933
6935
2721
5441
5442
5444
2724
2750
5445
5447
2753
5403
5448
5450
5406
5450
5451
5453
5409
5453
5454
5456
5412
5456
5457
5459
5415
5459
5460
5462
5418
5462
5463
5465
2727
2754
2756
5465
2730
2756
2757
2759
1032
1071
2758
2759
1033
1072
1034
1073
1035
1074
1036
1075
1037
1076
1038
1077
1039
1078
1079
1041
1080
1042
1081
1043
1082
1044
1083
1045
1084
1046
1085
1047
1086
1048
1087
1049
1088
1050
1089
2760
2733
2760
4356
4357
2736
2762
3522
3524
2739
2765
3525
3527
2768
5421
6936
6938
5424
5468
6939
6941
2742
5471
5472
5474
2745
2771
3528
3530
2774
5430
6942
6944
5433
5477
6945
6947
5436
5480
6948
6950
5439
5483
6951
6953
2748
5486
5487
5489
2751
2777
5490
5492
2780
5448
5493
5495
5451
5495
5496
5498
5454
5498
5499
5501
5457
5501
5502
5504
5460
5504
5505
5507
5463
5507
5508
5510
2754
2781
2783
5510
2757
2783
2784
2786
1072
1111
2785
2786
1073
1112
1074
1113
1075
1114
1076
1115
1077
1116
1078
1117
1079
1118
1119
1081
1120
1082
1121
1083
1122
1084
1123
1085
1124
1086
1125
1087
1126
1088
1127
1089
1128
1090
1129
2787
2760
2787
4383
4384
2763
2789
3531
3533
2766
2792
3534
3536
2795
5466
6954
6956
5469
5513
6957
6959
2769
5516
5517
5519
2772
2798
3537
3539
2801
5475
6960
6962
5478
5522
6963
6965
5481
5525
6966
6968
5484
5528
6969
6971
2775
5531
5532
5534
2778
2804
5535
5537
2807
5493
5538
5540
5496
5540
5541
5543
5499
5543
5544
5546
5502
5546
5547
5549
5505
5549
5550
5552
5508
5552
5553
5555
2781
2808
2810
5555
2784
2810
2811
2813
1112
1151
2812
2813
1113
1152
1114
1153
1115
1154
1116
1155
1117
1156
1118
1157
1119
1158
1159
1121
1160
1122
1161
1123
1162
1124
1163
1125
1164
1126
1165
1127
1166
1128
1167
1129
1168
1130
1169
2814
2787
2814
4410
4411
2790
2816
3540
3542
2793
2819
3543
3545
2822
5511
6972
6974
5514
5558
6975
6977
2796
5561
5562
5564
2799
2825
3546
3548
2828
5520
6978
6980
5523
5567
6981
6983
5526
5570
6984
6986
5529
5573
6987
6989
2802
5576
5577
5579
2805
2831
5580
5582
2834
5538
5583
5585
5541
5585
5586
5588
5544
5588
5589
5591
5547
5591
5592
5594
5550
5594
5595
5597
5553
5597
5598
5600
2808
2835
2837
5600
2811
2837
2838
2840
1152
1191
2839
2840
1153
1192
1154
1193
1155
1194
1156
1195
1157
1196
1158
1197
1159
1198
1199
1161
1200
1162
1201
1163
1202
1164
1203
1165
1204
1166
1205
1167
1206
1168
1207
1169
1208
1170
1209
2841
2814
2841
4437
4438
2817
2843
3549
3551
2820
2846
3552
3554
2849
5556
6990
6992
5559
5603
6993
6995
2823
5606
5607
5609
2826
2852
3555
3557
2855
5565
6996
6998
5568
5612
6999
7001
5571
5615
7002
7004
5574
5618
7005
7007
2829
5621
5622
5624
2832
2858
5625
5627
2861
5583
5628
5630
5586
5630
5631
5633
5589
5633
5634
5636
5592
5636
5637
5639
5595
5639
5640
5642
5598
5642
5643
5645
2835
2862
2864
5645
2838
2864
2865
2867
1192
1231
2866
2867
1193
1232
1194
1233
1195
1234
1196
1235
1197
1236
1198
1237
1199
1238
1239
1201
1240
1202
1241
1203
1242
1204
1243
1205
1244
1206
1245
1207
1246
1208
1247
1209
1248
1210
1249
2868
2841
2868
4464
4465
2844
2870
3558
3560
2847
2873
3561
3563
2876
5601
7008
7010
5604
5648
7011
7013
2850
5651
5652
5654
2853
2879
3564
3566
2882
5610
7014
7016
5613
5657
7017
7019
5616
5660
7020
7022
5619
5663
7023
7025
2856
5666
5667
5669
2859
2885
5670
5672
2888
5628
5673
5675
5631
5675
5676
5678
5634
5678
5679
5681
5637
5681
5682
5684
5640
5684
5685
5687
5643
5687
5688
5690
2862
2889
2891
5690
2865
2891
2892
2894
1232
1271
2893
2894
1233
1272
1234
1273
1235
1274
1236
1275
1237
1276
1238
1277
1239
1278
1279
1241
1280
1242
1281
1243
1282
1244
1283
1245
1284
1246
1285
1247
1286
1248
1287
1249
1288
1250
1289
2895
2868
2895
4491
4492
2871
2897
3567
3569
2874
2900
3570
3572
2903
5646
7026
7028
5649
5693
7029
7031
2877
5696
5697
5699
2880
2906
3573
3575
2909
5655
7032
7034
5658
5702
7035
7037
5661
5705
7038
7040
5664
5708
7041
7043
2883
5711
5712
5714
2886
2912
5715
5717
2915
5673
5718
5720
5676
5720
5721
5723
5679
5723
5724
5726
5682
5726
5727
5729
5685
5729
5730
5732
5688
5732
5733
5735
2889
2916
2918
5735
2892
2918
2919
2921
1272
1311
2920
2921
1273
1312
1274
1313
1275
1314
1276
1315
1277
1316
1278
1317
1279
1318
1319
1281
1320
1282
1321
1283
1322
1284
1323
1285
1324
1286
1325
1287
1326
1288
1327
1289
1328
1290
1329
2922
2895
2922
4518
4519
2898
2924
3576
3578
2901
2927
3579
3581
2930
5691
7044
7046
5694
5738
7047
7049
2904
5741
5742
5744
2907
2933
3582
3584
2936
5700
7050
7052
5703
5747
7053
7055
5706
5750
7056
7058
5709
5753
7059
7061
2910
5756
5757
5759
2913
2939
5760
5762
2942
5718
5763
5765
5721
5765
5766
5768
5724
5768
5769
5771
5727
5771
5772
5774
5730
5774
5775
5777
5733
5777
5778
5780
2916
2943
2945
5780
2919
2945
2946
2948
1312
1351
2947
2948
1313
1352
1314
1353
1315
1354
1316
1355
1317
1356
1318
1357
1319
1358
1359
1321
1360
1322
1361
1323
1362
1324
1363
1325
1364
1326
1365
1327
1366
1328
1367
1329
1368
1330
1369
2949
2922
2949
4545
4546
2925
2951
3585
3587
2928
2954
3588
3590
2957
5736
7062
7064
5739
5783
7065
7067
2931
5786
5787
5789
2934
2960
3591
3593
2963
5745
7068
7070
5748
5792
7071
7073
5751
5795
7074
7076
5754
5798
7077
7079
2937
5801
5802
5804
2940
2966
5805
5807
2969
5763
5808
5810
5766
5810
5811
5813
5769
5813
5814
5816
5772
5816
5817
5819
5775
5819
5820
5822
5778
5822
5823
5825
2943
2970
2972
5825
2946
2972
2973
2975
1352
1391
2974
2975
1353
1392
1354
1393
1355
1394
1356
1395
1357
1396
1358
1397
1359
1398
1399
1361
1400
1362
1401
1363
1402
1364
1403
1365
1404
1366
1405
1367
1406
1368
1407
1369
1408
1370
1409
2976
2949
2976
4572
4573
2952
2978
3594
3596
2955
2981
3597
3599
2984
5781
7080
7082
5784
5828
7083
7085
2958
5831
5832
5834
2961
2987
3600
3602
2990
5790
7086
7088
5793
5837
7089
7091
5796
5840
7092
7094
5799
5843
7095
7097
2964
5846
5847
5849
2967
2993
5850
5852
2996
5808
5853
5855
5811
5855
5856
5858
5814
5858
5859
5861
5817
5861
5862
5864
5820
5864
5865
5867
5823
5867
5868
5870
2970
2997
2999
5870
2973
2999
3000
3002
1392
1431
3001
3002
1393
1432
1394
1433
1395
1434
1396
1435
1397
1436
1398
1437
1399
1438
1439
1401
1440
1402
1441
1403
1442
1404
1443
1405
1444
1406
1445
1407
1446
1408
1447
1409
1448
1410
1449
3003
2976
3003
4599
4600
2979
3005
3603
3605
2982
3008
3606
3608
3011
5826
7098
7100
5829
5873
7101
7103
2985
5876
5877
5879
2988
3014
3609
3611
3017
5835
7104
7106
5838
5882
7107
7109
5841
5885
7110
7112
5844
5888
7113
7115
2991
5891
5892
5894
2994
3020
5895
5897
3023
5853
5898
5900
5856
5900
5901
5903
5859
5903
5904
5906
5862
5906
5907
5909
5865
5909
5910
5912
5868
5912
5913
5915
2997
3024
3026
5915
3000
3026
3027
3029
1432
1471
3028
3029
1433
1472
1434
1473
1435
1474
1436
1475
1437
1476
1438
1477
1439
1478
1479
1441
1480
1442
1481
1443
1482
1444
1483
1445
1484
1446
1485
1447
1486
1448
1487
1449
1488
1450
1489
3030
3003
3030
4626
4627
3006
3032
3612
3614
3009
3035
3615
3617
3038
5871
5916
5918
3041
5874
5919
5921
3012
3044
5922
5924
3015
3047
3618
3620
3050
5880
5925
5927
3053
5883
5928
5930
3056
5886
5931
5933
3059
5889
5934
5936
3018
3062
5937
5939
3021
3065
5940
5942
3068
3071
4708
4709
5898
3071
3074
4714
4715
5901
3074
3077
4720
4721
5904
3077
3080
4726
4727
5907
3080
3083
4732
4733
5910
3083
3086
4738
4739
5913
3024
3086
3089
4744
4745
3027
3089
3092
6745
6746
1472
1511
3091
3092
1473
1512
1474
1513
1475
1514
1476
1515
1477
1516
1478
1517
1479
1518
1519
1481
1520
1482
1521
1483
1522
1484
1523
1485
1524
1486
1525
1487
1526
1488
1527
1489
1528
1490
1529
3093
3030
3093
4752
4753
3033
3095
3621
3623
3036
3098
3624
3626
3039
3101
3627
3629
3042
3104
3630
3632
3045
3107
3633
3635
3048
3110
3636
3638
3051
3113
3639
3641
3054
3116
3642
3644
3057
3119
3645
3647
3060
3122
3648
3650
3063
3125
3651
3653
3066
3128
3654
3656
3069
3131
3657
3659
3072
3134
3660
3662
3075
3137
3663
3665
3078
3140
3666
3668
3081
3143
3669
3671
3084
3146
3672
3674
3087
3149
3675
3677
3090
3152
3678
3680
1512
1551
3154
3155
1513
1552
1514
1553
1515
1554
1516
1555
1517
1556
1518
1557
1519
1558
1559
1521
1560
1522
1561
1523
1562
1524
1563
1525
1564
1526
1565
1527
1566
1528
1567
1529
1568
1530
1569
3156
3093
3156
4830
4831
3096
3158
3681
3683
3099
3161
3684
3686
3102
3164
5943
5945
3105
3167
5946
5948
3108
3170
5949
5951
3111
3173
5952
5954
3114
3176
5955
5957
3117
3179
5958
5960
3120
3182
5961
5963
3123
3185
5964
5966
3126
3188
5967
5969
3129
3191
5970
5972
3132
3194
5973
5975
3135
3197
5976
5978
3138
3200
5979
5981
3141
3203
5982
5984
3144
3206
5985
5987
3147
3209
5988
5990
3150
3212
5991
5993
3153
3215
3687
3689
1552
1591
3217
3218
1553
1592
1554
1593
1555
1594
1556
1595
1557
1596
1558
1597
1559
1598
1599
1561
1600
1562
1601
1563
1602
1564
1603
1565
1604
1566
1605
1567
1606
1568
1607
1569
1608
1570
1609
3219
3156
3219
4959
4960
3159
3221
3690
3692
3162
3224
3693
3695
3165
3227
3696
3698
3168
3230
3699
3701
3171
3233
3702
3704
3174
3236
3705
3707
3177
3239
3708
3710
3180
3242
3711
3713
3183
3245
3714
3716
3186
3248
3717
3719
3189
3251
3720
3722
3192
3254
3723
3725
3195
3257
3726
3728
3198
3260
3729
3731
3201
3263
3732
3734
3204
3266
3735
3737
3207
3269
3738
3740
3210
3272
3741
3743
3213
3275
3744
3746
3216
3278
3747
3749
4953
5027
1592
1631
3748
3749
1593
1632
1594
1633
1595
1634
1596
1635
1597
1636
1598
1637
1599
1638
1639
1601
1640
1602
1641
1603
1642
1604
1643
1605
1644
1606
1645
1607
1646
1608
1647
1609
1648
1610
1649
3279
3219
3279
5031
5032
3222
3281
3750
3752
3225
3284
3753
3755
3228
3287
5994
5996
3231
5996
5997
5999
3234
5999
6000
6002
3237
6002
6003
6005
3240
6005
6006
6008
3243
6008
6009
6011
3246
6011
6012
6014
3249
6014
6015
6017
3252
6017
6018
6020
1623
1662
3255
3256
6019
6020
1624
1663
3258
3259
1625
1664
3261
3262
1626
1665
3264
3265
1627
1666
3267
3268
1628
1667
3270
3271
1629
1668
3273
3274
1630
1669
3276
3277
1631
1670
3747
3748
1632
1671
1633
1672
1634
1673
1635
1674
1636
1675
1637
1676
1638
1677
1639
1678
1679
1641
1680
1642
1681
1643
1682
1644
1683
1645
1684
1646
1685
1647
1686
1648
1687
1649
1688
1650
1689
3288
3279
3288
5049
5050
3282
3290
3756
3758
3285
3293
3759
3761
3296
5994
6021
6023
5997
6023
6024
6026
6000
6026
6027
6029
6003
6029
6030
6032
6006
6032
6033
6035
6009
6035
6036
6038
6012
6038
6039
6041
6015
6041
6042
6044
6018
6044
6045
6047
1663
1702
6046
6047
1664
1703
1665
1704
1666
1705
1667
1706
1668
1707
1669
1708
1670
1709
1671
1710
1672
1711
1673
1712
1674
1713
1675
1714
1676
1715
1677
1716
1678
1717
1679
1718
1719
1681
1720
1682
1721
1683
1722
1684
1723
1685
1724
1686
1725
1687
1726
1688
1727
1689
1728
1690
1729
3297
3288
3297
5067
5068
3291
3299
3762
3764
3294
3302
3765
3767
3305
6021
6048
6050
6024
6050
6051
6053
6027
6053
6054
6056
6030
6056
6057
6059
6033
6059
6060
6062
6036
6062
6063
6065
6039
6065
6066
6068
6042
6068
6069
6071
6045
6071
6072
6074
1703
1742
6073
6074
1704
1743
1705
1744
1706
1745
1707
1746
1708
1747
1709
1748
1710
1749
1711
1750
1712
1751
1713
1752
1714
1753
1715
1754
1716
1755
1717
1756
1718
1757
1719
1758
1759
1721
1760
1722
1761
1723
1762
1724
1763
1725
1764
1726
1765
1727
1766
1728
1767
1729
1768
1730
1769
3306
3297
3306
5085
5086
3300
3308
3768
3770
3303
3311
3771
3773
3314
6048
6075
6077
6051
6077
6078
6080
6054
6080
6081
6083
6057
6083
6084
6086
6060
6086
6087
6089
6063
6089
6090
6092
6066
6092
6093
6095
6069
6095
6096
6098
6072
6098
6099
6101
1743
1782
6100
6101
1744
1783
1745
1784
1746
1785
1747
1786
1748
1787
1749
1788
1750
1789
1751
1790
1752
1791
1753
1792
1754
1793
1755
1794
1756
1795
1757
1796
1758
1797
1759
1798
1799
1761
1800
1762
1801
1763
1802
1764
1803
1765
1804
1766
1805
1767
1806
1768
1807
1769
1808
1770
1809
3315
3306
3315
5103
5104
3309
3317
3774
3776
3312
3320
3777
3779
3323
6075
6102
6104
6078
6104
6105
6107
6081
6107
6108
6110
6084
6110
6111
6113
6087
6113
6114
6116
6090
6116
6117
6119
6093
6119
6120
6122
6096
6122
6123
6125
6099
6125
6126
6128
1783
1822
6127
6128
1784
1823
1785
1824
1786
1825
1787
1826
1788
1827
1789
1828
1790
1829
1791
1830
1792
1831
1793
1832
1794
1833
1795
1834
1796
1835
1797
1836
1798
1837
1799
1838
1839
1801
1840
1802
1841
1803
1842
1804
1843
1805
1844
1806
1845
1807
1846
1808
1847
1809
1848
1810
1849
3324
3315
3324
5118
5119
3318
3326
3780
3782
3321
3329
3783
3785
3332
6102
6129
6131
6105
6131
6132
6134
6108
6134
6135
6137
6111
6137
6138
6140
6114
6140
6141
6143
6117
6143
6144
6146
6120
6146
6147
6149
6123
6149
6150
6152
6126
6152
6153
6155
1823
1862
6154
6155
1824
1863
1825
1864
1826
1865
1827
1866
1828
1867
1829
1868
1830
1869
1831
1870
1832
1871
1833
1872
1834
1873
1835
1874
1836
1875
1837
1876
1838
1877
1839
1878
1879
1841
1880
1842
1881
1843
1882
1844
1883
1845
1884
1846
1885
1847
1886
1848
1887
1849
1888
1850
1889
1851
1890
3324
3325
3333
3327
3333
3335
5121
3330
3335
6156
6158
6129
6158
6159
6161
6132
6161
6162
6164
6135
6164
6165
6167
6138
6167
6168
6170
6141
6170
6171
6173
6144
6173
6174
6176
6147
6176
6177
6179
6150
6179
6180
6182
6153
6182
6183
6185
1863
1902
6184
6185
1864
1903
1865
1904
1866
1905
1867
1906
1868
1907
1869
1908
1870
1909
1871
1910
1872
1911
1873
1912
1874
1913
1875
1914
1876
1915
1877
1916
1878
1917
1879
1918
1919
1881
1920
1882
1921
1883
1922
1884
1923
1885
1924
1886
1925
1887
1926
1888
1927
1889
1928
1890
1929
1891
1930
1892
1931
3333
3334
1893
1932
6156
6157
1894
1933
6159
6160
1895
1934
6162
6163
1896
1935
6165
6166
1897
1936
6168
6169
1898
1937
6171
6172
1899
1938
6174
6175
1900
1939
6177
6178
1901
1940
6180
6181
1902
1941
6183
6184
1903
1942
1904
1943
1905
1944
1906
1945
1907
1946
1908
1947
1909
1948
1910
1949
1911
1950
1912
1951
1913
1952
1914
1953
1915
1954
1916
1955
1917
1956
1918
1957
1919
1958
1959
1921
1960
1922
1961
1923
1962
1924
1963
1925
1964
1926
1965
1927
1966
1928
1967
1929
1968
1930
1969
1931
1970
1932
1971
1933
1972
1934
1973
1935
1974
1936
1975
1937
1976
1938
1977
1939
1978
1940
1979
1941
1980
1942
1981
1943
1982
1944
1983
1945
1984
1946
1985
1947
1986
1948
1987
1949
1988
1950
1989
1951
1990
1952
1991
1953
1992
1954
1993
1955
1994
1956
1995
1957
1996
1958
1997
1959
1998
1999
1961
2000
1962
2001
1963
2002
1964
2003
1965
2004
1966
2005
1967
2006
1968
2007
1969
2008
1970
2009
1971
2010
1972
2011
1973
2012
1974
2013
1975
2014
1976
2015
1977
2016
1978
2017
1979
2018
1980
2019
1981
2020
1982
2021
1983
2022
1984
2023
1985
2024
1986
2025
1987
2026
1988
2027
1989
2028
1990
2029
1991
2030
1992
2031
1993
2032
1994
2033
1995
2034
1996
2035
1997
2036
1998
2037
1999
2038
2039
2001
2040
2002
2041
2003
2042
2004
2043
2005
2044
2006
2045
2007
2046
2008
2047
2009
2048
2010
2049
2011
2050
2012
2051
2013
2052
2014
2053
2015
2054
2016
2055
2017
2056
2018
2057
2019
2058
2020
2059
2021
2060
2022
2061
2023
2062
2024
2063
2025
2064
2026
2065
2027
2066
2028
2067
2029
2068
2030
2069
2031
2070
2032
2071
2033
2072
2034
2073
2035
2074
2036
2075
2037
2076
2038
2077
2039
2078
2079
2041
2080
2042
2081
2043
2082
2044
2083
2045
2084
2046
2085
2047
2086
2048
2087
2049
2088
2050
2089
2051
2090
2052
2091
2053
2092
2054
2093
2055
2094
2056
2095
2057
2096
2058
2097
2059
2098
2060
2099
2061
2100
2062
2101
2063
2102
2064
2103
2065
2104
2066
2105
2067
2106
2068
2107
2069
2108
2070
2109
2071
2110
2072
2111
2073
2112
2074
2113
2075
2114
2076
2115
2077
2116
2078
2117
2079
2118
2119
2081
2120
2082
2121
2083
2122
2084
2123
2085
2124
2086
2125
2087
2126
2088
2127
2089
2128
2090
2129
2091
2130
2092
2131
2093
2132
2094
2133
2095
2134
2096
2135
2097
2136
2098
2137
2099
2138
2100
2139
2101
2140
2102
2141
2103
2142
2104
2143
2105
2144
2106
2145
2107
2146
2108
2147
2109
2148
2110
2149
2111
2150
2112
2151
2113
2152
2114
2153
2115
2154
2116
2155
2117
2156
2118
2157
2119
2158
2159
2121
2160
2122
2161
2123
2162
2124
2163
2125
2164
2126
2165
2127
2166
2128
2167
2129
2168
2130
2169
2131
2170
2132
2171
2133
2172
2134
2173
2135
2174
2136
2175
2137
2176
2138
2177
2139
2178
2140
2179
2141
2180
2142
2181
2143
2182
2144
2183
2145
2184
2146
2185
2147
2186
2148
2187
2149
2188
2150
2189
2151
2190
2152
2191
2153
2192
2154
2193
2155
2194
2156
2195
2157
2196
2158
2197
2159
2198
2199
2161
2200
2162
2201
2163
2202
2164
2203
2165
2204
2166
2205
2167
2206
2168
2207
2169
2208
2170
2209
2171
2210
2172
2211
2173
2212
2174
2213
2175
2214
2176
2215
2177
2216
2178
2217
2179
2218
2180
2219
2181
2220
2182
2221
2183
2222
2184
2223
2185
2224
2186
2225
2187
2226
2188
2227
2189
2228
2190
2229
2191
2230
2192
2231
2193
2232
2194
2233
2195
2234
2196
2235
2197
2236
2198
2237
2199
2238
2239
2201
2240
2202
2241
2203
2242
2204
2243
2205
2244
2206
2245
2207
2246
2208
2247
2209
2248
2210
2249
2211
2250
2212
2251
2213
2252
2214
2253
2215
2254
2216
2255
2217
2256
2218
2257
2219
2258
2220
2259
2221
2260
2222
2261
2223
2262
2224
2263
2225
2264
2226
2265
2227
2266
2228
2267
2229
2268
2230
2269
2231
2270
2232
2271
2233
2272
2234
2273
2235
2274
2236
2275
2237
2276
2238
2277
2239
2278
2279
2241
2280
2242
2281
2243
2282
2244
2283
2245
2284
2246
2285
2247
2286
2248
2287
2249
2288
2250
2289
2251
2290
2252
2291
2253
2292
2254
2293
2255
2294
2256
2295
2257
2296
2258
2297
2259
2298
2260
2299
2261
2300
2262
2301
2263
2302
2264
2303
2265
2304
2266
2305
2267
2306
2268
2307
2269
2308
2270
2309
2271
2310
2272
2311
2273
2312
2274
2313
2275
2314
2276
2315
2277
2316
2278
2317
2279
2318
2319
2281
2320
2282
2321
2283
2322
2284
2323
2285
2324
2286
2325
2287
2326
2288
2327
2289
2328
2290
2329
2291
2330
2292
2331
2293
2332
2294
2333
2295
2334
2296
2335
2297
2336
2298
2337
2299
2338
2300
2339
2301
2340
2302
2341
2303
2342
2304
2343
2305
2344
2306
2345
2307
2346
2308
2347
2309
2348
2310
2349
2311
2350
2312
2351
2313
2352
2314
2353
2315
2354
2316
2355
2317
2356
2318
2357
2319
2358
2359
2321
2360
2322
2361
2323
2362
2324
2363
2325
2364
2326
2365
2327
2366
2328
2367
2329
2368
2330
2369
2331
2370
2332
2371
2333
2372
2334
2373
2335
2374
2336
2375
2337
2376
2338
2377
2339
2378
2340
2379
2341
2380
2342
2381
2343
2382
2344
2383
2345
2384
2346
2385
2347
2386
2348
2387
2349
2388
2350
2389
2351
2390
2352
2391
2353
2392
2354
2393
2355
2394
2356
2395
2357
2396
2358
2397
2359
2398
2399
2361
2362
2363
2364
2365
2366
2367
2368
2369
2370
2371
2372
2373
2374
2375
2376
2377
2378
2379
2380
2381
2382
2383
2384
2385
2386
2387
2388
2389
2390
2391
2392
2393
2394
2395
2396
2397
2398
2399
2401
3338
2402
2408
3795
5130
3787
3788
2406
2414
3786
3788
3336
3786
3787
3789
3791
2409
2417
3792
3794
3795
3797
3798
3800
2411
2420
3798
3799
5160
5131
3802
3803
2415
2423
3801
3803
3804
3806
3807
3809
2418
2426
3810
3812
3813
3815
3816
3818
2420
2429
3816
3817
5187
3343
3344
3820
3821
2424
2432
3819
3821
3822
3824
3825
3827
2427
2435
3828
3830
3831
3833
3834
3836
2429
2438
3834
3835
5214
3349
3350
3838
3839
2433
2441
3837
3839
3840
3842
3843
3845
2436
2444
3846
3848
3849
3851
3852
3854
2438
2447
3852
3853
5241
3355
3356
3856
3857
2442
2450
3855
3857
3858
3860
3861
3863
2445
2453
3864
3866
3867
3869
3870
3872
2447
2456
3870
3871
5268
3361
3362
3874
3875
2451
2459
3873
3875
3876
3878
3879
3881
2454
2462
3882
3884
3885
3887
3888
3890
2456
2465
3888
3889
5295
3367
3368
3892
3893
2460
2519
3891
3893
3894
3896
3897
3899
2463
2522
3900
3902
3903
3905
3906
3908
2466
2525
3909
3911
3373
3374
3909
3910
3912
3914
2469
2528
3915
3917
3915
3916
5296
3918
3920
2472
2531
3921
3923
3921
3922
5299
3924
3926
2475
2534
3927
3929
3927
3928
5302
3930
3932
2478
2537
3933
3935
3933
3934
5305
3936
3938
2481
2540
3939
3941
3939
3940
5308
3942
3944
2484
2543
3945
3947
3945
3946
5311
3948
3950
2487
2546
3951
3953
3951
3952
5314
3954
3956
2490
2549
3957
3959
3957
3958
5317
3960
3962
2493
2552
3963
3965
3963
3964
5320
3966
3968
2496
2555
3969
3971
3969
3970
3972
3974
2499
2558
3975
3977
3975
3976
3978
3980
2502
2561
3981
3983
3981
3982
3984
3986
2505
2564
3987
3989
3987
3988
3990
3992
2508
2567
3993
3995
3993
3994
3996
3998
2511
2570
3999
4001
3999
4000
4002
4004
2514
2573
4005
4007
4005
4006
4008
4010
2576
3375
4011
4013
4011
4012
4015
4016
2520
2582
4014
4016
4017
4019
4020
4022
2523
2585
4023
4025
4026
4028
4029
4031
2526
2588
6186
6188
4032
4034
6189
6191
2529
2591
6192
6194
4035
4037
6195
6197
2532
2594
6198
6200
4038
4040
6201
6203
2535
2597
6204
6206
4041
4043
6207
6209
2538
2600
6210
6212
4044
4046
6213
6215
2541
2603
6216
6218
4047
4049
6219
6221
2544
2606
6222
6224
4050
4052
6225
6227
2547
2609
6228
6230
4053
4055
6231
6233
2550
2612
6234
6236
4056
4058
6237
6239
2553
2615
6240
6242
4059
4061
6243
6245
2556
2618
6246
6248
4062
4064
6249
6251
2559
2621
6252
6254
4065
4067
6255
6257
2562
2624
6258
6260
4068
4070
6261
6263
2565
2627
6264
6266
4071
4073
6267
6269
2568
2630
6270
6272
4074
4076
6273
6275
2571
2633
6276
6278
4077
4079
6279
6281
2574
2636
6282
6284
4080
4082
6285
6287
2577
2639
4083
4085
4086
4088
4089
4091
2579
2642
4089
4090
3376
3436
3437
4093
4094
2583
2645
4092
4094
4095
4097
4098
4100
2586
2648
4101
4103
4104
4106
4107
4109
2589
2651
4110
4112
6288
6290
4113
4115
2592
2654
4116
4118
6291
6293
4119
4121
2595
2657
4122
4124
6294
6296
4125
4127
2598
2660
4128
4130
6297
6299
4131
4133
2601
2663
4134
4136
6300
6302
4137
4139
2604
2666
4140
4142
6303
6305
4143
4145
2607
2669
4146
4148
6306
6308
4149
4151
2610
2672
4152
4154
6309
6311
4155
4157
2613
2675
4158
4160
6312
6314
4161
4163
2616
2678
4164
4166
6315
6317
4167
4169
2619
2681
4170
4172
6318
6320
4173
4175
2622
2684
4176
4178
6321
6323
4179
4181
2625
2687
4182
4184
6324
6326
4185
4187
2628
2690
4188
4190
6327
6329
4191
4193
2631
2693
4194
4196
6330
6332
4197
4199
2634
2696
4200
4202
6333
6335
4203
4205
2637
2699
4206
4208
6336
6338
4209
4211
2640
2702
4212
4214
4215
4217
4218
4220
2642
2705
4218
4219
3445
3446
4222
4223
2646
2708
4221
4223
4224
4226
4227
4229
2649
2711
4230
4232
4233
4235
4236
4238
2652
2714
6339
6341
4239
4241
6342
6344
2655
5378
6345
6347
4242
4244
6348
6350
2658
5381
6351
6353
4245
4247
6354
6356
2661
2717
4248
4250
4251
4253
4254
4256
2664
2720
6357
6359
4257
4259
6360
6362
2667
5387
6363
6365
4260
4262
6366
6368
2670
5390
6369
6371
4263
4265
6372
6374
2673
5393
6375
6377
4266
4268
6378
6380
2676
5396
6381
6383
4269
4271
6384
6386
2679
2723
6387
6389
4272
4274
6390
6392
2682
2726
4276
4277
6390
6391
4275
4277
2683
3483
3484
2685
4279
4280
5405
4278
4280
2686
3486
3487
2688
4282
4283
5408
4281
4283
2689
3489
3490
2691
4285
4286
5411
4284
4286
2692
3492
3493
2694
4288
4289
5414
4287
4289
2695
3495
3496
2697
4291
4292
5417
4290
4292
2698
3498
3499
2700
4294
4295
5420
4293
4295
2701
3501
3502
2703
2729
4297
4298
4296
4298
2704
5373
5374
2705
2732
5374
5375
4300
4301
2709
2735
4299
4301
4302
4304
4305
4307
2712
2738
4308
4310
4311
4313
4314
4316
2741
5376
6393
6395
6396
6398
5380
6399
6401
2718
2744
4317
4319
4320
4322
4323
4325
2747
5385
6402
6404
6405
6407
5395
6408
6410
2724
2750
6411
6413
6414
6416
6417
6419
2726
2753
5403
6417
6418
5401
5402
2728
5419
2729
2730
2756
2731
2732
2759
4327
4328
2736
2762
4326
4328
4329
4331
4332
4334
2739
2765
4335
4337
4338
4340
4341
4343
2768
5421
6420
6422
6423
6425
5425
6426
6428
2745
2771
4344
4346
4347
4349
4350
4352
2774
5430
6429
6431
6432
6434
5440
6435
6437
2751
2777
6438
6440
6441
6443
6444
6446
2753
2780
5448
6444
6445
5446
5447
2755
5464
2756
2757
2783
2758
2759
2786
4354
4355
2763
2789
4353
4355
4356
4358
4359
4361
2766
2792
4362
4364
4365
4367
4368
4370
2795
5466
6447
6449
6450
6452
5470
6453
6455
2772
2798
4371
4373
4374
4376
4377
4379
2801
5475
6456
6458
6459
6461
5485
6462
6464
2778
2804
6465
6467
6468
6470
6471
6473
2780
2807
5493
6471
6472
5491
5492
2782
5509
2783
2784
2810
2785
2786
2813
4381
4382
2790
2816
4380
4382
4383
4385
4386
4388
2793
2819
4389
4391
4392
4394
4395
4397
2822
5511
6474
6476
6477
6479
5515
6480
6482
2799
2825
4398
4400
4401
4403
4404
4406
2828
5520
6483
6485
6486
6488
5530
6489
6491
2805
2831
6492
6494
6495
6497
6498
6500
2807
2834
5538
6498
6499
5536
5537
2809
5554
2810
2811
2837
2812
2813
2840
4408
4409
2817
2843
4407
4409
4410
4412
4413
4415
2820
2846
4416
4418
4419
4421
4422
4424
2849
5556
6501
6503
6504
6506
5560
6507
6509
2826
2852
4425
4427
4428
4430
4431
4433
2855
5565
6510
6512
6513
6515
5575
6516
6518
2832
2858
6519
6521
6522
6524
6525
6527
2834
2861
5583
6525
6526
5581
5582
2836
5599
2837
2838
2864
2839
2840
2867
4435
4436
2844
2870
4434
4436
4437
4439
4440
4442
2847
2873
4443
4445
4446
4448
4449
4451
2876
5601
6528
6530
6531
6533
5605
6534
6536
2853
2879
4452
4454
4455
4457
4458
4460
2882
5610
6537
6539
6540
6542
5620
6543
6545
2859
2885
6546
6548
6549
6551
6552
6554
2861
2888
5628
6552
6553
5626
5627
2863
5644
2864
2865
2891
2866
2867
2894
4462
4463
2871
2897
4461
4463
4464
4466
4467
4469
2874
2900
4470
4472
4473
4475
4476
4478
2903
5646
6555
6557
6558
6560
5650
6561
6563
2880
2906
4479
4481
4482
4484
4485
4487
2909
5655
6564
6566
6567
6569
5665
6570
6572
2886
2912
6573
6575
6576
6578
6579
6581
2888
2915
5673
6579
6580
5671
5672
2890
5689
2891
2892
2918
2893
2894
2921
4489
4490
2898
2924
4488
4490
4491
4493
4494
4496
2901
2927
4497
4499
4500
4502
4503
4505
2930
5691
6582
6584
6585
6587
5695
6588
6590
2907
2933
4506
4508
4509
4511
4512
4514
2936
5700
6591
6593
6594
6596
5710
6597
6599
2913
2939
6600
6602
6603
6605
6606
6608
2915
2942
5718
6606
6607
5716
5717
2917
5734
2918
2919
2945
2920
2921
2948
4516
4517
2925
2951
4515
4517
4518
4520
4521
4523
2928
2954
4524
4526
4527
4529
4530
4532
2957
5736
6609
6611
6612
6614
5740
6615
6617
2934
2960
4533
4535
4536
4538
4539
4541
2963
5745
6618
6620
6621
6623
5755
6624
6626
2940
2966
6627
6629
6630
6632
6633
6635
2942
2969
5763
6633
6634
5761
5762
2944
5779
2945
2946
2972
2947
2948
2975
4543
4544
2952
2978
4542
4544
4545
4547
4548
4550
2955
2981
4551
4553
4554
4556
4557
4559
2984
5781
6636
6638
6639
6641
5785
6642
6644
2961
2987
4560
4562
4563
4565
4566
4568
2990
5790
6645
6647
6648
6650
5800
6651
6653
2967
2993
6654
6656
6657
6659
6660
6662
2969
2996
5808
6660
6661
5806
5807
2971
5824
2972
2973
2999
2974
2975
3002
4570
4571
2979
3005
4569
4571
4572
4574
4575
4577
2982
3008
4578
4580
4581
4583
4584
4586
3011
5826
6663
6665
6666
6668
5830
6669
6671
2988
3014
4587
4589
4590
4592
4593
4595
3017
5835
6672
6674
6675
6677
5845
6678
6680
2994
3020
6681
6683
6684
6686
6687
6689
2996
3023
5853
6687
6688
5851
5852
2998
5869
2999
3000
3026
3001
3002
3029
4597
4598
3006
3032
4596
4598
4599
4601
4602
4604
3009
3035
4605
4607
4608
4610
4611
4613
3038
5871
6690
6692
6693
6695
5875
6696
6698
3015
3047
4614
4616
4617
4619
4620
4622
3050
5880
6699
6701
6702
6704
5890
6705
6707
3021
3065
6708
6710
6711
6713
6714
6716
3023
3068
5898
6714
6715
5896
5897
3025
5914
3026
3027
3089
3028
3029
3092
4624
4625
3033
3095
4623
4625
4626
4628
4629
4631
3036
3098
4632
4634
4635
4637
4638
4640
3039
3101
4641
4643
6717
6719
4644
4646
3042
3104
4647
4649
5872
6720
6722
4650
4652
3045
3107
4653
4655
5875
6723
6725
4656
4658
3048
3110
4659
4661
4662
4664
4665
4667
3051
3113
4668
4670
6726
6728
4671
4673
3054
3116
4674
4676
5881
6729
6731
4677
4679
3057
3119
4680
4682
5884
6732
6734
4683
4685
3060
3122
4686
4688
5887
6735
6737
4689
4691
3063
3125
4692
4694
5890
6738
6740
4695
4697
3066
3128
4698
4700
6741
6743
4701
4703
3069
3131
4704
4706
4704
4705
5941
5942
4707
4709
3072
3134
4710
4712
4710
4711
5899
4713
4715
3075
3137
4716
4718
4716
4717
5902
4719
4721
3078
3140
4722
4724
4722
4723
5905
4725
4727
3081
3143
4728
4730
4728
4729
5908
4731
4733
3084
3146
4734
4736
4734
4735
5911
4737
4739
3087
3149
4740
4742
4740
4741
5914
4743
4745
3090
3152
4746
4748
4746
4747
6744
6746
3092
3155
6744
6745
4750
4751
3096
3158
4749
4751
4752
4754
4755
4757
3099
3161
4758
4760
4761
4763
4764
4766
3102
3164
6747
6749
4767
4769
6750
6752
3105
3167
6753
6755
4770
4772
6756
6758
3108
3170
6759
6761
4773
4775
6762
6764
3111
3173
6765
6767
4776
4778
6768
6770
3114
3176
6771
6773
4779
4781
6774
6776
3117
3179
6777
6779
4782
4784
6780
6782
3120
3182
6783
6785
4785
4787
6786
6788
3123
3185
6789
6791
4788
4790
6792
6794
3126
3188
6795
6797
4791
4793
6798
6800
3129
3191
6801
6803
4794
4796
6804
6806
3132
3194
6807
6809
4797
4799
6810
6812
3135
3197
6813
6815
4800
4802
6816
6818
3138
3200
6819
6821
4803
4805
6822
6824
3141
3203
6825
6827
4806
4808
6828
6830
3144
3206
6831
6833
4809
4811
6834
6836
3147
3209
6837
6839
4812
4814
6840
6842
3150
3212
6843
6845
4815
4817
6846
6848
3153
3215
4818
4820
4821
4823
4824
4826
3155
3218
4824
4825
3679
3680
4828
4829
3159
3221
4827
4829
4830
4832
4833
4835
3162
3224
4836
4838
4839
4841
4842
4844
3165
3227
4845
4847
6849
6851
4848
4850
3168
3230
4851
4853
6852
6854
4854
4856
3171
3233
4857
4859
6855
6857
4860
4862
3174
3236
4863
4865
6858
6860
4866
4868
3177
3239
4869
4871
6861
6863
4872
4874
3180
3242
4875
4877
6864
6866
4878
4880
3183
3245
4881
4883
6867
6869
4884
4886
3186
3248
4887
4889
6870
6872
4890
4892
3189
3251
4893
4895
6873
6875
4896
4898
3192
3254
4899
4901
6876
6878
4902
4904
3195
3257
4905
4907
6879
6881
4908
4910
3198
3260
4911
4913
6882
6884
4914
4916
3201
3263
4917
4919
6885
6887
4920
4922
3204
3266
4923
4925
6888
6890
4926
4928
3207
3269
4929
4931
6891
6893
4932
4934
3210
3272
4935
4937
6894
6896
4938
4940
3213
3275
4941
4943
6897
6899
4944
4946
3216
3278
4947
4949
4950
4952
4953
4955
3218
3749
4953
4954
3688
3689
4957
4958
3222
3281
4956
4958
4959
4961
4962
4964
3225
3284
4965
4967
4968
4970
4971
4973
3228
3287
4971
4972
4975
4976
4974
4976
3229
3696
3697
3231
4978
4979
5996
4977
4979
3232
3699
3700
3234
4981
4982
5999
4980
4982
3235
3702
3703
3237
4984
4985
6002
4983
4985
3238
3705
3706
3240
4987
4988
6005
4986
4988
3241
3708
3709
3243
4990
4991
6008
4989
4991
3244
3711
3712
3246
4993
4994
6011
4992
4994
3247
3714
3715
3249
4996
4997
6014
4995
4997
3250
3717
3718
3252
4999
5000
6017
4998
5000
3253
3720
3721
3255
5002
5003
6020
5001
5003
3256
3723
3724
3258
5005
5006
5004
5006
3259
3726
3727
3261
5008
5009
5007
5009
3262
3729
3730
3264
5011
5012
5010
5012
3265
3732
3733
3267
5014
5015
5013
5015
3268
3735
3736
3270
5017
5018
5016
5018
3271
3738
3739
3273
5020
5021
5019
5021
3274
3741
3742
3276
5023
5024
5022
5024
3277
3744
3745
3747
5026
5027
5025
5027
5029
5030
3282
3290
5028
5030
5031
5033
5034
5036
3285
3293
5037
5039
5040
5042
5043
5045
3287
3296
5043
5044
5994
3754
3755
5047
5048
3291
3299
5046
5048
5049
5051
5052
5054
3294
3302
5055
5057
5058
5060
5061
5063
3296
3305
5061
5062
6021
3760
3761
5065
5066
3300
3308
5064
5066
5067
5069
5070
5072
3303
3311
5073
5075
5076
5078
5079
5081
3305
3314
5079
5080
6048
3766
3767
5083
5084
3309
3317
5082
5084
5085
5087
5088
5090
3312
3320
5091
5093
5094
5096
5097
5099
3314
3323
5097
5098
6075
3772
3773
5101
5102
3318
3326
5100
5102
5103
5105
5106
5108
3321
3329
5109
5111
5112
5114
5115
5117
3323
3332
5115
5116
6102
3778
3779
3325
3327
5119
5120
5123
5118
5120
5121
5123
3330
3335
5124
5126
5127
5129
3331
3783
3784
5124
3332
6129
6158
3784
3785
3334
3335
6156
5126
3337
3791
3338
3790
3796
3795
3340
3806
3809
3341
3808
3814
3789
3813
3343
3815
3818
3344
3817
3798
3346
3824
3827
3347
3826
3832
3807
3831
3349
3833
3836
3350
3835
3816
3352
3842
3845
3353
3844
3850
3825
3849
3355
3851
3854
3356
3853
3834
3358
3860
3863
3359
3862
3868
3843
3867
3361
3869
3872
3362
3871
3852
3364
3878
3881
3365
3880
3886
3861
3885
3367
3887
3890
3368
3889
3870
3370
3896
3899
3371
3898
3904
3879
3903
3373
3905
3908
3374
3907
3888
3376
3437
4011
3377
3379
4019
4022
3380
4021
4027
3897
4026
3382
4028
4031
3383
4030
4033
3906
4032
3385
4034
6191
3386
4036
6190
3912
4035
3388
4037
6197
3389
4039
6196
3918
4038
3391
4040
6203
3392
4042
6202
3924
4041
3394
4043
6209
3395
4045
6208
3930
4044
3397
4046
6215
3398
4048
6214
3936
4047
3400
4049
6221
3401
4051
6220
3942
4050
3403
4052
6227
3404
4054
6226
3948
4053
3406
4055
6233
3407
4057
6232
3954
4056
3409
4058
6239
3410
4060
6238
3960
4059
3412
4061
6245
3413
4063
6244
3966
4062
3415
4064
6251
3416
4066
6250
3972
4065
3418
4067
6257
3419
4069
6256
3978
4068
3421
4070
6263
3422
4072
6262
3984
4071
3424
4073
6269
3425
4075
6268
3990
4074
3427
4076
6275
3428
4078
6274
3996
4077
3430
4079
6281
3431
4081
6280
4002
4080
3433
4082
6287
3434
4087
6286
4008
4086
3436
4088
4091
3437
4090
3439
4097
4100
3440
4099
4105
4020
4104
3442
4106
4109
3443
4108
6289
4029
6288
3445
4217
4220
3446
4219
4089
3448
4226
4229
3449
4228
4234
4098
4233
3451
4235
4238
3452
4237
4240
4107
4239
3454
4241
6344
3455
4243
6343
4113
4242
3457
4244
6350
3458
4246
6349
4119
4245
3460
4247
6356
3461
4252
6355
4125
4251
3463
4253
4256
3464
4255
4258
4131
4257
3466
4259
6362
3467
4261
6361
4137
4260
3469
4262
6368
3470
4264
6367
4143
4263
3472
4265
6374
3473
4267
6373
4149
4266
3475
4268
6380
3476
4270
6379
4155
4269
3478
4271
6386
3479
4273
6385
4161
4272
3481
4274
6392
3482
4276
6391
4167
4275
3484
4277
3485
4279
4173
4278
3487
4280
3488
4282
4179
4281
3490
4283
3491
4285
4185
4284
3493
4286
3494
4288
4191
4287
3496
4289
3497
4291
4197
4290
3499
4292
3500
4294
4203
4293
3502
4295
3503
4297
4209
4296
3505
4304
4307
3506
4306
4312
4227
4311
3508
4313
4316
3509
4315
6397
4236
6396
3511
4322
4325
3512
4324
6406
4254
6405
3514
4331
4334
3515
4333
4339
4305
4338
3517
4340
4343
3518
4342
6424
4314
6423
3520
4349
4352
3521
4351
6433
4323
6432
3523
4358
4361
3524
4360
4366
4332
4365
3526
4367
4370
3527
4369
6451
4341
6450
3529
4376
4379
3530
4378
6460
4350
6459
3532
4385
4388
3533
4387
4393
4359
4392
3535
4394
4397
3536
4396
6478
4368
6477
3538
4403
4406
3539
4405
6487
4377
6486
3541
4412
4415
3542
4414
4420
4386
4419
3544
4421
4424
3545
4423
6505
4395
6504
3547
4430
4433
3548
4432
6514
4404
6513
3550
4439
4442
3551
4441
4447
4413
4446
3553
4448
4451
3554
4450
6532
4422
6531
3556
4457
4460
3557
4459
6541
4431
6540
3559
4466
4469
3560
4468
4474
4440
4473
3562
4475
4478
3563
4477
6559
4449
6558
3565
4484
4487
3566
4486
6568
4458
6567
3568
4493
4496
3569
4495
4501
4467
4500
3571
4502
4505
3572
4504
6586
4476
6585
3574
4511
4514
3575
4513
6595
4485
6594
3577
4520
4523
3578
4522
4528
4494
4527
3580
4529
4532
3581
4531
6613
4503
6612
3583
4538
4541
3584
4540
6622
4512
6621
3586
4547
4550
3587
4549
4555
4521
4554
3589
4556
4559
3590
4558
6640
4530
6639
3592
4565
4568
3593
4567
6649
4539
6648
3595
4574
4577
3596
4576
4582
4548
4581
3598
4583
4586
3599
4585
6667
4557
6666
3601
4592
4595
3602
4594
6676
4566
6675
3604
4601
4604
3605
4603
4609
4575
4608
3607
4610
4613
3608
4612
6694
4584
6693
3610
4619
4622
3611
4621
6703
4593
6702
3613
4628
4631
3614
4630
4636
4602
4635
3616
4637
4640
3617
4639
6718
4611
6717
3619
4664
4667
3620
4666
6727
4620
6726
3622
4754
4757
3623
4756
4762
4629
4761
3625
4763
4766
3626
4765
4768
4638
4767
3628
4769
6752
3629
4771
6751
4644
4770
3631
4772
6758
3632
4774
6757
4650
4773
3634
4775
6764
3635
4777
6763
4656
4776
3637
4778
6770
3638
4780
6769
4665
4779
3640
4781
6776
3641
4783
6775
4671
4782
3643
4784
6782
3644
4786
6781
4677
4785
3646
4787
6788
3647
4789
6787
4683
4788
3649
4790
6794
3650
4792
6793
4689
4791
3652
4793
6800
3653
4795
6799
4695
4794
3655
4796
6806
3656
4798
6805
4701
4797
3658
4799
6812
3659
4801
6811
4707
4800
3661
4802
6818
3662
4804
6817
4713
4803
3664
4805
6824
3665
4807
6823
4719
4806
3667
4808
6830
3668
4810
6829
4725
4809
3670
4811
6836
3671
4813
6835
4731
4812
3673
4814
6842
3674
4816
6841
4737
4815
3676
4817
6848
3677
4822
6847
4743
4821
3679
4823
4826
3680
4825
6744
3682
4832
4835
3683
4834
4840
4755
4839
3685
4841
4844
3686
4843
6850
4764
6849
3688
4952
4955
3689
4954
4824
3691
4961
4964
3692
4963
4969
4833
4968
3694
4970
4973
3695
4972
4975
4842
4974
3697
4976
3698
4978
4848
4977
3700
4979
3701
4981
4854
4980
3703
4982
3704
4984
4860
4983
3706
4985
3707
4987
4866
4986
3709
4988
3710
4990
4872
4989
3712
4991
3713
4993
4878
4992
3715
4994
3716
4996
4884
4995
3718
4997
3719
4999
4890
4998
3721
5000
3722
5002
4896
5001
3724
5003
3725
5005
4902
5004
3727
5006
3728
5008
4908
5007
3730
5009
3731
5011
4914
5010
3733
5012
3734
5014
4920
5013
3736
5015
3737
5017
4926
5016
3739
5018
3740
5020
4932
5019
3742
5021
3743
5023
4938
5022
3745
5024
3746
5026
4944
5025
3748
3749
3751
5033
5036
3752
5035
5041
4962
5040
3754
5042
5045
3755
5044
4971
3757
5051
5054
3758
5053
5059
5034
5058
3760
5060
5063
3761
5062
5043
3763
5069
5072
3764
5071
5077
5052
5076
3766
5078
5081
3767
5080
5061
3769
5087
5090
3770
5089
5095
5070
5094
3772
5096
5099
3773
5098
5079
3775
5105
5108
3776
5107
5113
5088
5112
3778
5114
5117
3779
5116
5097
3781
5120
5123
3782
5122
5128
5106
5127
3784
5129
3785
5115
3787
3791
3788
3804
3790
3794
3791
3793
3793
3797
3800
3794
3796
3813
3796
3797
3799
3800
3802
3806
3809
3803
3805
3822
3805
3806
3808
3812
3809
3811
3811
3815
3818
3812
3814
3831
3814
3815
3817
3818
3820
3824
3827
3821
3823
3840
3823
3824
3826
3830
3827
3829
3829
3833
3836
3830
3832
3849
3832
3833
3835
3836
3838
3842
3845
3839
3841
3858
3841
3842
3844
3848
3845
3847
3847
3851
3854
3848
3850
3867
3850
3851
3853
3854
3856
3860
3863
3857
3859
3876
3859
3860
3862
3866
3863
3865
3865
3869
3872
3866
3868
3885
3868
3869
3871
3872
3874
3878
3881
3875
3877
3894
3877
3878
3880
3884
3881
3883
3883
3887
3890
3884
3886
3903
3886
3887
3889
3890
3892
3896
3899
3893
3895
4017
3895
3896
3898
3902
3899
3901
3901
3905
3908
3902
3904
4026
3904
3905
3907
3911
3908
3910
3910
3914
3911
4032
3913
3917
3914
3916
3916
3920
3917
4035
3919
3923
3920
3922
3922
3926
3923
4038
3925
3929
3926
3928
3928
3932
3929
4041
3931
3935
3932
3934
3934
3938
3935
4044
3937
3941
3938
3940
3940
3944
3941
4047
3943
3947
3944
3946
3946
3950
3947
4050
3949
3953
3950
3952
3952
3956
3953
4053
3955
3959
3956
3958
3958
3962
3959
4056
3961
3965
3962
3964
3964
3968
3965
4059
3967
3971
3968
3970
3970
3974
3971
4062
3973
3977
3974
3976
3976
3980
3977
4065
3979
3983
3980
3982
3982
3986
3983
4068
3985
3989
3986
3988
3988
3992
3989
4071
3991
3995
3992
3994
3994
3998
3995
4074
3997
4001
3998
4000
4000
4004
4001
4077
4003
4007
4004
4006
4006
4010
4007
4080
4009
4013
4010
4012
4012
4013
4086
4015
4019
4022
4016
4018
4095
4018
4019
4021
4025
4022
4024
4024
4028
4031
4025
4027
4104
4027
4028
4030
6188
4031
6187
4033
4034
6187
6186
4036
4037
6193
6192
4039
4040
6199
6198
4042
4043
6205
6204
4045
4046
6211
6210
4048
4049
6217
6216
4051
4052
6223
6222
4054
4055
6229
6228
4057
4058
6235
6234
4060
4061
6241
6240
4063
4064
6247
6246
4066
4067
6253
6252
4069
4070
6259
6258
4072
4073
6265
6264
4075
4076
6271
6270
4078
4079
6277
6276
4081
4082
6283
6282
4084
4088
4091
4085
4087
6286
4215
6285
4087
4088
4090
4091
4093
4097
4100
4094
4096
4224
4096
4097
4099
4103
4100
4102
4102
4106
4109
4103
4105
4233
4105
4106
4108
4112
4109
4111
4111
4115
6290
4112
6289
4239
4114
4118
4115
4117
5323
5322
4117
4121
6293
4118
6292
4242
4120
4124
4121
4123
5326
5325
4123
4127
6296
4124
6295
4245
4126
4130
4127
4129
5329
5328
4129
4133
6299
4130
6298
4251
4132
4136
4133
4135
5332
5331
4135
4139
6302
4136
6301
4257
4138
4142
4139
4141
5335
5334
4141
4145
6305
4142
6304
4260
4144
4148
4145
4147
5338
5337
4147
4151
6308
4148
6307
4263
4150
4154
4151
4153
5341
5340
4153
4157
6311
4154
6310
4266
4156
4160
4157
4159
5344
5343
4159
4163
6314
4160
6313
4269
4162
4166
4163
4165
5347
5346
4165
4169
6317
4166
6316
4272
4168
4172
4169
4171
5350
5349
4171
4175
6320
4172
6319
4275
4174
4178
4175
4177
5353
5352
4177
4181
6323
4178
6322
4278
4180
4184
4181
4183
5356
5355
4183
4187
6326
4184
6325
4281
4186
4190
4187
4189
5359
5358
4189
4193
6329
4190
6328
4284
4192
4196
4193
4195
5362
5361
4195
4199
6332
4196
6331
4287
4198
4202
4199
4201
5365
5364
4201
4205
6335
4202
6334
4290
4204
4208
4205
4207
5368
5367
4207
4211
6338
4208
6337
4293
4210
4214
4211
4213
5371
5370
4213
4217
4220
4214
4216
4296
4216
5372
4217
5371
4219
5375
4220
4222
4226
4229
4223
4225
4302
4225
4226
4228
4232
4229
4231
4231
4235
4238
4232
4234
4311
4234
4235
4237
6341
4238
6340
4240
4241
6340
6339
4243
4244
6346
6345
4246
4247
6352
6351
4249
4253
4256
4250
4252
6355
4320
6354
4252
4253
4255
6359
4256
6358
4258
4259
6358
6357
4261
4262
6364
6363
4264
4265
6370
6369
4267
4268
6376
6375
4270
4271
6382
6381
4273
4274
6388
6387
4276
4277
4279
4280
4282
4283
4285
4286
4288
4289
4291
4292
4294
4295
4297
4298
5373
4300
4304
4307
4301
4303
4329
4303
4304
4306
4310
4307
4309
4309
4313
4316
4310
4312
4338
4312
4313
4315
6395
4316
6394
4318
4322
4325
4319
4321
6400
4347
6399
4321
5384
4322
5383
4324
6404
4325
6403
4327
4331
4334
4328
4330
4356
4330
4331
4333
4337
4334
4336
4336
4340
4343
4337
4339
4365
4339
4340
4342
6422
4343
6421
4345
4349
4352
4346
4348
6427
4374
6426
4348
5429
4349
5428
4351
6431
4352
6430
4354
4358
4361
4355
4357
4383
4357
4358
4360
4364
4361
4363
4363
4367
4370
4364
4366
4392
4366
4367
4369
6449
4370
6448
4372
4376
4379
4373
4375
6454
4401
6453
4375
5474
4376
5473
4378
6458
4379
6457
4381
4385
4388
4382
4384
4410
4384
4385
4387
4391
4388
4390
4390
4394
4397
4391
4393
4419
4393
4394
4396
6476
4397
6475
4399
4403
4406
4400
4402
6481
4428
6480
4402
5519
4403
5518
4405
6485
4406
6484
4408
4412
4415
4409
4411
4437
4411
4412
4414
4418
4415
4417
4417
4421
4424
4418
4420
4446
4420
4421
4423
6503
4424
6502
4426
4430
4433
4427
4429
6508
4455
6507
4429
5564
4430
5563
4432
6512
4433
6511
4435
4439
4442
4436
4438
4464
4438
4439
4441
4445
4442
4444
4444
4448
4451
4445
4447
4473
4447
4448
4450
6530
4451
6529
4453
4457
4460
4454
4456
6535
4482
6534
4456
5609
4457
5608
4459
6539
4460
6538
4462
4466
4469
4463
4465
4491
4465
4466
4468
4472
4469
4471
4471
4475
4478
4472
4474
4500
4474
4475
4477
6557
4478
6556
4480
4484
4487
4481
4483
6562
4509
6561
4483
5654
4484
5653
4486
6566
4487
6565
4489
4493
4496
4490
4492
4518
4492
4493
4495
4499
4496
4498
4498
4502
4505
4499
4501
4527
4501
4502
4504
6584
4505
6583
4507
4511
4514
4508
4510
6589
4536
6588
4510
5699
4511
5698
4513
6593
4514
6592
4516
4520
4523
4517
4519
4545
4519
4520
4522
4526
4523
4525
4525
4529
4532
4526
4528
4554
4528
4529
4531
6611
4532
6610
4534
4538
4541
4535
4537
6616
4563
6615
4537
5744
4538
5743
4540
6620
4541
6619
4543
4547
4550
4544
4546
4572
4546
4547
4549
4553
4550
4552
4552
4556
4559
4553
4555
4581
4555
4556
4558
6638
4559
6637
4561
4565
4568
4562
4564
6643
4590
6642
4564
5789
4565
5788
4567
6647
4568
6646
4570
4574
4577
4571
4573
4599
4573
4574
4576
4580
4577
4579
4579
4583
4586
4580
4582
4608
4582
4583
4585
6665
4586
6664
4588
4592
4595
4589
4591
6670
4617
6669
4591
5834
4592
5833
4594
6674
4595
6673
4597
4601
4604
4598
4600
4626
4600
4601
4603
4607
4604
4606
4606
4610
4613
4607
4609
4635
4609
4610
4612
6692
4613
6691
4615
4619
4622
4616
4618
6697
4662
6696
4618
5879
4619
5878
4621
6701
4622
6700
4624
4628
4631
4625
4627
4752
4627
4628
4630
4634
4631
4633
4633
4637
4640
4634
4636
4761
4636
4637
4639
4643
4640
4642
4642
4646
6719
4643
6718
4767
4645
4649
4646
4648
5917
5916
4648
4652
6722
4649
6721
4770
4651
4655
4652
4654
5920
5919
4654
4658
6725
4655
6724
4773
4657
4661
4658
4660
5923
5922
4660
4664
4667
4661
4663
4776
4663
5924
4664
5923
4666
4670
4667
4669
4669
4673
6728
4670
6727
4779
4672
4676
4673
4675
5926
5925
4675
4679
6731
4676
6730
4782
4678
4682
4679
4681
5929
5928
4681
4685
6734
4682
6733
4785
4684
4688
4685
4687
5932
5931
4687
4691
6737
4688
6736
4788
4690
4694
4691
4693
5935
5934
4693
4697
6740
4694
6739
4791
4696
4700
4697
4699
5938
5937
4699
4703
6743
4700
6742
4794
4702
4706
4703
4705
5941
5940
4705
4709
4706
4797
4708
4712
4709
4711
4711
4715
4712
4800
4714
4718
4715
4717
4717
4721
4718
4803
4720
4724
4721
4723
4723
4727
4724
4806
4726
4730
4727
4729
4729
4733
4730
4809
4732
4736
4733
4735
4735
4739
4736
4812
4738
4742
4739
4741
4741
4745
4742
4815
4744
4748
4745
4747
4747
6746
4748
4821
4750
4754
4757
4751
4753
4830
4753
4754
4756
4760
4757
4759
4759
4763
4766
4760
4762
4839
4762
4763
4765
6749
4766
6748
4768
4769
6748
6747
4771
4772
6754
6753
4774
4775
6760
6759
4777
4778
6766
6765
4780
4781
6772
6771
4783
4784
6778
6777
4786
4787
6784
6783
4789
4790
6790
6789
4792
4793
6796
6795
4795
4796
6802
6801
4798
4799
6808
6807
4801
4802
6814
6813
4804
4805
6820
6819
4807
4808
6826
6825
4810
4811
6832
6831
4813
4814
6838
6837
4816
4817
6844
6843
4819
4823
4826
4820
4822
6847
4950
6846
4822
4823
4825
4826
4828
4832
4835
4829
4831
4959
4831
4832
4834
4838
4835
4837
4837
4841
4844
4838
4840
4968
4840
4841
4843
4847
4844
4846
4846
4850
6851
4847
6850
4974
4849
4853
4850
4852
5944
5943
4852
4856
6854
4853
6853
4977
4855
4859
4856
4858
5947
5946
4858
4862
6857
4859
6856
4980
4861
4865
4862
4864
5950
5949
4864
4868
6860
4865
6859
4983
4867
4871
4868
4870
5953
5952
4870
4874
6863
4871
6862
4986
4873
4877
4874
4876
5956
5955
4876
4880
6866
4877
6865
4989
4879
4883
4880
4882
5959
5958
4882
4886
6869
4883
6868
4992
4885
4889
4886
4888
5962
5961
4888
4892
6872
4889
6871
4995
4891
4895
4892
4894
5965
5964
4894
4898
6875
4895
6874
4998
4897
4901
4898
4900
5968
5967
4900
4904
6878
4901
6877
5001
4903
4907
4904
4906
5971
5970
4906
4910
6881
4907
6880
5004
4909
4913
4910
4912
5974
5973
4912
4916
6884
4913
6883
5007
4915
4919
4916
4918
5977
5976
4918
4922
6887
4919
6886
5010
4921
4925
4922
4924
5980
5979
4924
4928
6890
4925
6889
5013
4927
4931
4928
4930
5983
5982
4930
4934
6893
4931
6892
5016
4933
4937
4934
4936
5986
5985
4936
4940
6896
4937
6895
5019
4939
4943
4940
4942
5989
5988
4942
4946
6899
4943
6898
5022
4945
4949
4946
4948
5992
5991
4948
4952
4955
4949
4951
5025
4951
5993
4952
5992
4954
4955
4957
4961
4964
4958
4960
5031
4960
4961
4963
4967
4964
4966
4966
4970
4973
4967
4969
5040
4969
4970
4972
4973
4975
4976
4978
4979
4981
4982
4984
4985
4987
4988
4990
4991
4993
4994
4996
4997
4999
5000
5002
5003
5005
5006
5008
5009
5011
5012
5014
5015
5017
5018
5020
5021
5023
5024
5026
5027
5029
5033
5036
5030
5032
5049
5032
5033
5035
5039
5036
5038
5038
5042
5045
5039
5041
5058
5041
5042
5044
5045
5047
5051
5054
5048
5050
5067
5050
5051
5053
5057
5054
5056
5056
5060
5063
5057
5059
5076
5059
5060
5062
5063
5065
5069
5072
5066
5068
5085
5068
5069
5071
5075
5072
5074
5074
5078
5081
5075
5077
5094
5077
5078
5080
5081
5083
5087
5090
5084
5086
5103
5086
5087
5089
5093
5090
5092
5092
5096
5099
5093
5095
5112
5095
5096
5098
5099
5101
5105
5108
5102
5104
5118
5104
5105
5107
5111
5108
5110
5110
5114
5117
5111
5113
5127
5113
5114
5116
5117
5119
5120
5122
5126
5123
5125
5125
5129
5126
5128
5128
5129
5131
5132
5133
5134
5135
5136
5162
5137
5138
5139
5165
5140
5141
5142
5168
5143
5144
5145
5171
5146
5147
5148
5174
5149
5150
5151
5177
5152
5153
5154
5180
5155
5156
5157
5183
5158
5159
5186
5161
5162
5163
5189
5164
5165
5166
5192
5167
5168
5169
5195
5170
5171
5172
5198
5173
5174
5175
5201
5176
5177
5178
5204
5179
5180
5181
5207
5182
5183
5184
5210
5185
5186
5213
5188
5189
5190
5216
5191
5192
5193
5219
5194
5195
5196
5222
5197
5198
5199
5225
5200
5201
5202
5228
5203
5204
5205
5231
5206
5207
5208
5234
5209
5210
5211
5237
5212
5213
5240
5215
5216
5217
5243
5218
5219
5220
5246
5221
5222
5223
5249
5224
5225
5226
5252
5227
5228
5229
5255
5230
5231
5232
5258
5233
5234
5235
5261
5236
5237
5238
5264
5239
5240
5267
5242
5243
5244
5270
5245
5246
5247
5273
5248
5249
5250
5276
5251
5252
5253
5279
5254
5255
5256
5282
5257
5258
5259
5285
5260
5261
5262
5288
5263
5264
5265
5291
5266
5267
5294
5269
5270
5271
5297
5272
5273
5274
5300
5275
5276
5277
5303
5278
5279
5280
5306
5281
5282
5283
5309
5284
5285
5286
5312
5287
5288
5289
5315
5290
5291
5292
5318
5293
5294
5321
5296
5297
5298
5299
5300
5301
5302
5303
5304
5305
5306
5307
5308
5309
5310
5311
5312
5313
5314
5315
5316
5317
5318
5319
5320
5321
5323
6290
5324
6292
6189
6291
5326
6293
5327
6295
6195
6294
5329
6296
5330
6298
6201
6297
5332
6299
5333
6301
6207
6300
5335
6302
5336
6304
6213
6303
5338
6305
5339
6307
6219
6306
5341
6308
5342
6310
6225
6309
5344
6311
5345
6313
6231
6312
5347
6314
5348
6316
6237
6315
5350
6317
5351
6319
6243
6318
5353
6320
5354
6322
6249
6321
5356
6323
5357
6325
6255
6324
5359
6326
5360
6328
6261
6327
5362
6329
5363
6331
6267
6330
5365
6332
5366
6334
6273
6333
5368
6335
5369
6337
6279
6336
5371
6338
5372
6285
5374
5375
7116
7118
5379
5423
7119
7121
7122
7124
7125
7127
5426
7128
7130
7131
7133
5383
6401
7133
5384
6400
6354
7134
7136
5388
5432
7137
7139
7140
7142
7143
7145
5391
5435
7146
7148
7149
7151
7152
7154
5394
5438
7155
7157
7158
7160
7161
7163
5441
7164
7166
7167
7169
5398
6410
7169
5399
6409
6415
6384
6414
5401
6416
6419
5402
6418
6390
5404
5405
5406
5450
5407
5408
5409
5453
5410
5411
5412
5456
5413
5414
5415
5459
5416
5417
5418
5462
5419
5420
5465
7170
7172
5424
5468
7173
7175
7176
7178
7179
7181
5471
7182
7184
7185
7187
5428
6428
7187
5429
6427
6399
7188
7190
5433
5477
7191
7193
7194
7196
7197
7199
5436
5480
7200
7202
7203
7205
7206
7208
5439
5483
7209
7211
7212
7214
7215
7217
5486
7218
7220
7221
7223
5443
6437
7223
5444
6436
6442
6408
6441
5446
6443
6446
5447
6445
6417
5449
5450
5451
5495
5452
5453
5454
5498
5455
5456
5457
5501
5458
5459
5460
5504
5461
5462
5463
5507
5464
5465
5510
7224
7226
5469
5513
7227
7229
7230
7232
7233
7235
5516
7236
7238
7239
7241
5473
6455
7241
5474
6454
6426
7242
7244
5478
5522
7245
7247
7248
7250
7251
7253
5481
5525
7254
7256
7257
7259
7260
7262
5484
5528
7263
7265
7266
7268
7269
7271
5531
7272
7274
7275
7277
5488
6464
7277
5489
6463
6469
6435
6468
5491
6470
6473
5492
6472
6444
5494
5495
5496
5540
5497
5498
5499
5543
5500
5501
5502
5546
5503
5504
5505
5549
5506
5507
5508
5552
5509
5510
5555
7278
7280
5514
5558
7281
7283
7284
7286
7287
7289
5561
7290
7292
7293
7295
5518
6482
7295
5519
6481
6453
7296
7298
5523
5567
7299
7301
7302
7304
7305
7307
5526
5570
7308
7310
7311
7313
7314
7316
5529
5573
7317
7319
7320
7322
7323
7325
5576
7326
7328
7329
7331
5533
6491
7331
5534
6490
6496
6462
6495
5536
6497
6500
5537
6499
6471
5539
5540
5541
5585
5542
5543
5544
5588
5545
5546
5547
5591
5548
5549
5550
5594
5551
5552
5553
5597
5554
5555
5600
7332
7334
5559
5603
7335
7337
7338
7340
7341
7343
5606
7344
7346
7347
7349
5563
6509
7349
5564
6508
6480
7350
7352
5568
5612
7353
7355
7356
7358
7359
7361
5571
5615
7362
7364
7365
7367
7368
7370
5574
5618
7371
7373
7374
7376
7377
7379
5621
7380
7382
7383
7385
5578
6518
7385
5579
6517
6523
6489
6522
5581
6524
6527
5582
6526
6498
5584
5585
5586
5630
5587
5588
5589
5633
5590
5591
5592
5636
5593
5594
5595
5639
5596
5597
5598
5642
5599
5600
5645
7386
7388
5604
5648
7389
7391
7392
7394
7395
7397
5651
7398
7400
7401
7403
5608
6536
7403
5609
6535
6507
7404
7406
5613
5657
7407
7409
7410
7412
7413
7415
5616
5660
7416
7418
7419
7421
7422
7424
5619
5663
7425
7427
7428
7430
7431
7433
5666
7434
7436
7437
7439
5623
6545
7439
5624
6544
6550
6516
6549
5626
6551
6554
5627
6553
6525
5629
5630
5631
5675
5632
5633
5634
5678
5635
5636
5637
5681
5638
5639
5640
5684
5641
5642
5643
5687
5644
5645
5690
7440
7442
5649
5693
7443
7445
7446
7448
7449
7451
5696
7452
7454
7455
7457
5653
6563
7457
5654
6562
6534
7458
7460
5658
5702
7461
7463
7464
7466
7467
7469
5661
5705
7470
7472
7473
7475
7476
7478
5664
5708
7479
7481
7482
7484
7485
7487
5711
7488
7490
7491
7493
5668
6572
7493
5669
6571
6577
6543
6576
5671
6578
6581
5672
6580
6552
5674
5675
5676
5720
5677
5678
5679
5723
5680
5681
5682
5726
5683
5684
5685
5729
5686
5687
5688
5732
5689
5690
5735
7494
7496
5694
5738
7497
7499
7500
7502
7503
7505
5741
7506
7508
7509
7511
5698
6590
7511
5699
6589
6561
7512
7514
5703
5747
7515
7517
7518
7520
7521
7523
5706
5750
7524
7526
7527
7529
7530
7532
5709
5753
7533
7535
7536
7538
7539
7541
5756
7542
7544
7545
7547
5713
6599
7547
5714
6598
6604
6570
6603
5716
6605
6608
5717
6607
6579
5719
5720
5721
5765
5722
5723
5724
5768
5725
5726
5727
5771
5728
5729
5730
5774
5731
5732
5733
5777
5734
5735
5780
7548
7550
5739
5783
7551
7553
7554
7556
7557
7559
5786
7560
7562
7563
7565
5743
6617
7565
5744
6616
6588
7566
7568
5748
5792
7569
7571
7572
7574
7575
7577
5751
5795
7578
7580
7581
7583
7584
7586
5754
5798
7587
7589
7590
7592
7593
7595
5801
7596
7598
7599
7601
5758
6626
7601
5759
6625
6631
6597
6630
5761
6632
6635
5762
6634
6606
5764
5765
5766
5810
5767
5768
5769
5813
5770
5771
5772
5816
5773
5774
5775
5819
5776
5777
5778
5822
5779
5780
5825
7602
7604
5784
5828
7605
7607
7608
7610
7611
7613
5831
7614
7616
7617
7619
5788
6644
7619
5789
6643
6615
7620
7622
5793
5837
7623
7625
7626
7628
7629
7631
5796
5840
7632
7634
7635
7637
7638
7640
5799
5843
7641
7643
7644
7646
7647
7649
5846
7650
7652
7653
7655
5803
6653
7655
5804
6652
6658
6624
6657
5806
6659
6662
5807
6661
6633
5809
5810
5811
5855
5812
5813
5814
5858
5815
5816
5817
5861
5818
5819
5820
5864
5821
5822
5823
5867
5824
5825
5870
7656
7658
5829
5873
7659
7661
7662
7664
7665
7667
5876
7668
7670
7671
7673
5833
6671
7673
5834
6670
6642
7674
7676
5838
5882
7677
7679
7680
7682
7683
7685
5841
5885
7686
7688
7689
7691
7692
7694
5844
5888
7695
7697
7698
7700
7701
7703
5891
7704
7706
7707
7709
5848
6680
7709
5849
6679
6685
6651
6684
5851
6686
6689
5852
6688
6660
5854
5855
5856
5900
5857
5858
5859
5903
5860
5861
5862
5906
5863
5864
5865
5909
5866
5867
5868
5912
5869
5870
5915
7710
7712
5874
7713
7715
7716
7718
7719
7721
7722
7724
7725
7727
5878
6698
7727
5879
6697
6669
7728
7730
5883
7731
7733
7734
7736
7737
7739
5886
7740
7742
7743
7745
7746
7748
5889
7749
7751
7752
7754
7755
7757
7758
7760
7761
7763
5893
6707
7763
5894
6706
6712
6678
6711
5896
6713
6716
5897
6715
6687
5899
5900
5901
5902
5903
5904
5905
5906
5907
5908
5909
5910
5911
5912
5913
5914
5915
5917
6719
5918
6721
6720
7710
5920
6722
5921
6724
6723
7719
5923
6725
5924
6696
5926
6728
5927
6730
6729
7728
5929
6731
5930
6733
6732
7737
5932
6734
5933
6736
6735
7746
5935
6737
5936
6739
6738
7755
5938
6740
5939
6742
6705
6741
5941
6743
5942
6714
5944
6851
5945
6853
6750
6852
5947
6854
5948
6856
6756
6855
5950
6857
5951
6859
6762
6858
5953
6860
5954
6862
6768
6861
5956
6863
5957
6865
6774
6864
5959
6866
5960
6868
6780
6867
5962
6869
5963
6871
6786
6870
5965
6872
5966
6874
6792
6873
5968
6875
5969
6877
6798
6876
5971
6878
5972
6880
6804
6879
5974
6881
5975
6883
6810
6882
5977
6884
5978
6886
6816
6885
5980
6887
5981
6889
6822
6888
5983
6890
5984
6892
6828
6891
5986
6893
5987
6895
6834
6894
5989
6896
5990
6898
6840
6897
5992
6899
5993
6846
5995
5996
5997
6023
5998
5999
6000
6026
6001
6002
6003
6029
6004
6005
6006
6032
6007
6008
6009
6035
6010
6011
6012
6038
6013
6014
6015
6041
6016
6017
6018
6044
6019
6020
6047
6022
6023
6024
6050
6025
6026
6027
6053
6028
6029
6030
6056
6031
6032
6033
6059
6034
6035
6036
6062
6037
6038
6039
6065
6040
6041
6042
6068
6043
6044
6045
6071
6046
6047
6074
6049
6050
6051
6077
6052
6053
6054
6080
6055
6056
6057
6083
6058
6059
6060
6086
6061
6062
6063
6089
6064
6065
6066
6092
6067
6068
6069
6095
6070
6071
6072
6098
6073
6074
6101
6076
6077
6078
6104
6079
6080
6081
6107
6082
6083
6084
6110
6085
6086
6087
6113
6088
6089
6090
6116
6091
6092
6093
6119
6094
6095
6096
6122
6097
6098
6099
6125
6100
6101
6128
6103
6104
6105
6131
6106
6107
6108
6134
6109
6110
6111
6137
6112
6113
6114
6140
6115
6116
6117
6143
6118
6119
6120
6146
6121
6122
6123
6149
6124
6125
6126
6152
6127
6128
6155
6130
6131
6132
6161
6133
6134
6135
6164
6136
6137
6138
6167
6139
6140
6141
6170
6142
6143
6144
6173
6145
6146
6147
6176
6148
6149
6150
6179
6151
6152
6153
6182
6154
6155
6185
6157
6158
6159
6160
6161
6162
6163
6164
6165
6166
6167
6168
6169
6170
6171
6172
6173
6174
6175
6176
6177
6178
6179
6180
6181
6182
6183
6184
6185
6187
6191
6188
6288
6190
6194
6191
6193
6193
6197
6194
6291
6196
6200
6197
6199
6199
6203
6200
6294
6202
6206
6203
6205
6205
6209
6206
6297
6208
6212
6209
6211
6211
6215
6212
6300
6214
6218
6215
6217
6217
6221
6218
6303
6220
6224
6221
6223
6223
6227
6224
6306
6226
6230
6227
6229
6229
6233
6230
6309
6232
6236
6233
6235
6235
6239
6236
6312
6238
6242
6239
6241
6241
6245
6242
6315
6244
6248
6245
6247
6247
6251
6248
6318
6250
6254
6251
6253
6253
6257
6254
6321
6256
6260
6257
6259
6259
6263
6260
6324
6262
6266
6263
6265
6265
6269
6266
6327
6268
6272
6269
6271
6271
6275
6272
6330
6274
6278
6275
6277
6277
6281
6278
6333
6280
6284
6281
6283
6283
6287
6284
6336
6286
6287
6289
6290
6292
6293
6295
6296
6298
6299
6301
6302
6304
6305
6307
6308
6310
6311
6313
6314
6316
6317
6319
6320
6322
6323
6325
6326
6328
6329
6331
6332
6334
6335
6337
6338
6340
6344
6341
6396
6343
6347
6902
6344
6346
6346
6350
6347
7122
6349
6353
6905
6350
6352
6352
6356
6353
7131
6355
6356
6358
6362
6359
6405
6361
6365
6908
6362
6364
6364
6368
6365
7140
6367
6371
6911
6368
6370
6370
6374
6371
7149
6373
6377
6914
6374
6376
6376
6380
6377
7158
6379
6383
6917
6380
6382
6382
6386
6383
7167
6385
6389
6386
6388
6388
6392
6389
6414
6391
6392
6394
6398
7118
6395
6397
6423
6397
6398
6900
6400
6401
7128
6403
6407
7136
6404
6406
6432
6406
6407
6906
6409
6413
6410
6412
7164
6412
6416
6419
6413
6415
6441
6415
6416
6418
6419
6421
6425
7172
6422
6424
6450
6424
6425
6918
6427
6428
7182
6430
6434
7190
6431
6433
6459
6433
6434
6924
6436
6440
6437
6439
7218
6439
6443
6446
6440
6442
6468
6442
6443
6445
6446
6448
6452
7226
6449
6451
6477
6451
6452
6936
6454
6455
7236
6457
6461
7244
6458
6460
6486
6460
6461
6942
6463
6467
6464
6466
7272
6466
6470
6473
6467
6469
6495
6469
6470
6472
6473
6475
6479
7280
6476
6478
6504
6478
6479
6954
6481
6482
7290
6484
6488
7298
6485
6487
6513
6487
6488
6960
6490
6494
6491
6493
7326
6493
6497
6500
6494
6496
6522
6496
6497
6499
6500
6502
6506
7334
6503
6505
6531
6505
6506
6972
6508
6509
7344
6511
6515
7352
6512
6514
6540
6514
6515
6978
6517
6521
6518
6520
7380
6520
6524
6527
6521
6523
6549
6523
6524
6526
6527
6529
6533
7388
6530
6532
6558
6532
6533
6990
6535
6536
7398
6538
6542
7406
6539
6541
6567
6541
6542
6996
6544
6548
6545
6547
7434
6547
6551
6554
6548
6550
6576
6550
6551
6553
6554
6556
6560
7442
6557
6559
6585
6559
6560
7008
6562
6563
7452
6565
6569
7460
6566
6568
6594
6568
6569
7014
6571
6575
6572
6574
7488
6574
6578
6581
6575
6577
6603
6577
6578
6580
6581
6583
6587
7496
6584
6586
6612
6586
6587
7026
6589
6590
7506
6592
6596
7514
6593
6595
6621
6595
6596
7032
6598
6602
6599
6601
7542
6601
6605
6608
6602
6604
6630
6604
6605
6607
6608
6610
6614
7550
6611
6613
6639
6613
6614
7044
6616
6617
7560
6619
6623
7568
6620
6622
6648
6622
6623
7050
6625
6629
6626
6628
7596
6628
6632
6635
6629
6631
6657
6631
6632
6634
6635
6637
6641
7604
6638
6640
6666
6640
6641
7062
6643
6644
7614
6646
6650
7622
6647
6649
6675
6649
6650
7068
6652
6656
6653
6655
7650
6655
6659
6662
6656
6658
6684
6658
6659
6661
6662
6664
6668
7658
6665
6667
6693
6667
6668
7080
6670
6671
7668
6673
6677
7676
6674
6676
6702
6676
6677
7086
6679
6683
6680
6682
7704
6682
6686
6689
6683
6685
6711
6685
6686
6688
6689
6691
6695
7712
6692
6694
6717
6694
6695
7098
6697
6698
7722
6700
6704
7730
6701
6703
6726
6703
6704
7104
6706
6710
6707
6709
7758
6709
6713
6716
6710
6712
6741
6712
6713
6715
6716
6718
6719
6721
7715
6722
6724
7724
6725
6727
6728
6730
7733
6731
6733
7742
6734
6736
7751
6737
6739
7760
6740
6742
6743
6745
6746
6748
6752
6749
6849
6751
6755
6752
6754
6754
6758
6755
6852
6757
6761
6758
6760
6760
6764
6761
6855
6763
6767
6764
6766
6766
6770
6767
6858
6769
6773
6770
6772
6772
6776
6773
6861
6775
6779
6776
6778
6778
6782
6779
6864
6781
6785
6782
6784
6784
6788
6785
6867
6787
6791
6788
6790
6790
6794
6791
6870
6793
6797
6794
6796
6796
6800
6797
6873
6799
6803
6800
6802
6802
6806
6803
6876
6805
6809
6806
6808
6808
6812
6809
6879
6811
6815
6812
6814
6814
6818
6815
6882
6817
6821
6818
6820
6820
6824
6821
6885
6823
6827
6824
6826
6826
6830
6827
6888
6829
6833
6830
6832
6832
6836
6833
6891
6835
6839
6836
6838
6838
6842
6839
6894
6841
6845
6842
6844
6844
6848
6845
6897
6847
6848
6850
6851
6853
6854
6856
6857
6859
6860
6862
6863
6865
6866
6868
6869
6871
6872
6874
6875
6877
6878
6880
6881
6883
6884
6886
6887
6889
6890
6892
6893
6895
6896
6898
6899
6901
7118
6902
7117
7123
7122
6904
7124
7127
6905
7126
7132
7131
6907
7136
6908
7135
7141
7140
6910
7142
7145
6911
7144
7150
7149
6913
7151
7154
6914
7153
7159
7158
6916
7160
7163
6917
7162
7168
7167
6919
7172
6920
7171
7177
7116
7176
6922
7178
7181
6923
7180
7186
7125
7185
6925
7190
6926
7189
7195
7134
7194
6928
7196
7199
6929
7198
7204
7143
7203
6931
7205
7208
6932
7207
7213
7152
7212
6934
7214
7217
6935
7216
7222
7161
7221
6937
7226
6938
7225
7231
7170
7230
6940
7232
7235
6941
7234
7240
7179
7239
6943
7244
6944
7243
7249
7188
7248
6946
7250
7253
6947
7252
7258
7197
7257
6949
7259
7262
6950
7261
7267
7206
7266
6952
7268
7271
6953
7270
7276
7215
7275
6955
7280
6956
7279
7285
7224
7284
6958
7286
7289
6959
7288
7294
7233
7293
6961
7298
6962
7297
7303
7242
7302
6964
7304
7307
6965
7306
7312
7251
7311
6967
7313
7316
6968
7315
7321
7260
7320
6970
7322
7325
6971
7324
7330
7269
7329
6973
7334
6974
7333
7339
7278
7338
6976
7340
7343
6977
7342
7348
7287
7347
6979
7352
6980
7351
7357
7296
7356
6982
7358
7361
6983
7360
7366
7305
7365
6985
7367
7370
6986
7369
7375
7314
7374
6988
7376
7379
6989
7378
7384
7323
7383
6991
7388
6992
7387
7393
7332
7392
6994
7394
7397
6995
7396
7402
7341
7401
6997
7406
6998
7405
7411
7350
7410
7000
7412
7415
7001
7414
7420
7359
7419
7003
7421
7424
7004
7423
7429
7368
7428
7006
7430
7433
7007
7432
7438
7377
7437
7009
7442
7010
7441
7447
7386
7446
7012
7448
7451
7013
7450
7456
7395
7455
7015
7460
7016
7459
7465
7404
7464
7018
7466
7469
7019
7468
7474
7413
7473
7021
7475
7478
7022
7477
7483
7422
7482
7024
7484
7487
7025
7486
7492
7431
7491
7027
7496
7028
7495
7501
7440
7500
7030
7502
7505
7031
7504
7510
7449
7509
7033
7514
7034
7513
7519
7458
7518
7036
7520
7523
7037
7522
7528
7467
7527
7039
7529
7532
7040
7531
7537
7476
7536
7042
7538
7541
7043
7540
7546
7485
7545
7045
7550
7046
7549
7555
7494
7554
7048
7556
7559
7049
7558
7564
7503
7563
7051
7568
7052
7567
7573
7512
7572
7054
7574
7577
7055
7576
7582
7521
7581
7057
7583
7586
7058
7585
7591
7530
7590
7060
7592
7595
7061
7594
7600
7539
7599
7063
7604
7064
7603
7609
7548
7608
7066
7610
7613
7067
7612
7618
7557
7617
7069
7622
7070
7621
7627
7566
7626
7072
7628
7631
7073
7630
7636
7575
7635
7075
7637
7640
7076
7639
7645
7584
7644
7078
7646
7649
7079
7648
7654
7593
7653
7081
7658
7082
7657
7663
7602
7662
7084
7664
7667
7085
7666
7672
7611
7671
7087
7676
7088
7675
7681
7620
7680
7090
7682
7685
7091
7684
7690
7629
7689
7093
7691
7694
7094
7693
7699
7638
7698
7096
7700
7703
7097
7702
7708
7647
7707
7099
7712
7100
7711
7717
7656
7716
7102
7718
7721
7103
7720
7726
7665
7725
7105
7730
7106
7729
7735
7674
7734
7108
7736
7739
7109
7738
7744
7683
7743
7111
7745
7748
7112
7747
7753
7692
7752
7114
7754
7757
7115
7756
7762
7701
7761
7117
7121
7118
7120
7120
7124
7127
7121
7123
7176
7123
7124
7126
7130
7127
7129
7129
7133
7130
7132
7185
7132
7133
7135
7139
7136
7138
7138
7142
7145
7139
7141
7194
7141
7142
7144
7148
7145
7147
7147
7151
7154
7148
7150
7203
7150
7151
7153
7157
7154
7156
7156
7160
7163
7157
7159
7212
7159
7160
7162
7166
7163
7165
7165
7169
7166
7168
7221
7168
7169
7171
7175
7172
7174
7174
7178
7181
7175
7177
7230
7177
7178
7180
7184
7181
7183
7183
7187
7184
7186
7239
7186
7187
7189
7193
7190
7192
7192
7196
7199
7193
7195
7248
7195
7196
7198
7202
7199
7201
7201
7205
7208
7202
7204
7257
7204
7205
7207
7211
7208
7210
7210
7214
7217
7211
7213
7266
7213
7214
7216
7220
7217
7219
7219
7223
7220
7222
7275
7222
7223
7225
7229
7226
7228
7228
7232
7235
7229
7231
7284
7231
7232
7234
7238
7235
7237
7237
7241
7238
7240
7293
7240
7241
7243
7247
7244
7246
7246
7250
7253
7247
7249
7302
7249
7250
7252
7256
7253
7255
7255
7259
7262
7256
7258
7311
7258
7259
7261
7265
7262
7264
7264
7268
7271
7265
7267
7320
7267
7268
7270
7274
7271
7273
7273
7277
7274
7276
7329
7276
7277
7279
7283
7280
7282
7282
7286
7289
7283
7285
7338
7285
7286
7288
7292
7289
7291
7291
7295
7292
7294
7347
7294
7295
7297
7301
7298
7300
7300
7304
7307
7301
7303
7356
7303
7304
7306
7310
7307
7309
7309
7313
7316
7310
7312
7365
7312
7313
7315
7319
7316
7318
7318
7322
7325
7319
7321
7374
7321
7322
7324
7328
7325
7327
7327
7331
7328
7330
7383
7330
7331
7333
7337
7334
7336
7336
7340
7343
7337
7339
7392
7339
7340
7342
7346
7343
7345
7345
7349
7346
7348
7401
7348
7349
7351
7355
7352
7354
7354
7358
7361
7355
7357
7410
7357
7358
7360
7364
7361
7363
7363
7367
7370
7364
7366
7419
7366
7367
7369
7373
7370
7372
7372
7376
7379
7373
7375
7428
7375
7376
7378
7382
7379
7381
7381
7385
7382
7384
7437
7384
7385
7387
7391
7388
7390
7390
7394
7397
7391
7393
7446
7393
7394
7396
7400
7397
7399
7399
7403
7400
7402
7455
7402
7403
7405
7409
7406
7408
7408
7412
7415
7409
7411
7464
7411
7412
7414
7418
7415
7417
7417
7421
7424
7418
7420
7473
7420
7421
7423
7427
7424
7426
7426
7430
7433
7427
7429
7482
7429
7430
7432
7436
7433
7435
7435
7439
7436
7438
7491
7438
7439
7441
7445
7442
7444
7444
7448
7451
7445
7447
7500
7447
7448
7450
7454
7451
7453
7453
7457
7454
7456
7509
7456
7457
7459
7463
7460
7462
7462
7466
7469
7463
7465
7518
7465
7466
7468
7472
7469
7471
7471
7475
7478
7472
7474
7527
7474
7475
7477
7481
7478
7480
7480
7484
7487
7481
7483
7536
7483
7484
7486
7490
7487
7489
7489
7493
7490
7492
7545
7492
7493
7495
7499
7496
7498
7498
7502
7505
7499
7501
7554
7501
7502
7504
7508
7505
7507
7507
7511
7508
7510
7563
7510
7511
7513
7517
7514
7516
7516
7520
7523
7517
7519
7572
7519
7520
7522
7526
7523
7525
7525
7529
7532
7526
7528
7581
7528
7529
7531
7535
7532
7534
7534
7538
7541
7535
7537
7590
7537
7538
7540
7544
7541
7543
7543
7547
7544
7546
7599
7546
7547
7549
7553
7550
7552
7552
7556
7559
7553
7555
7608
7555
7556
7558
7562
7559
7561
7561
7565
7562
7564
7617
7564
7565
7567
7571
7568
7570
7570
7574
7577
7571
7573
7626
7573
7574
7576
7580
7577
7579
7579
7583
7586
7580
7582
7635
7582
7583
7585
7589
7586
7588
7588
7592
7595
7589
7591
7644
7591
7592
7594
7598
7595
7597
7597
7601
7598
7600
7653
7600
7601
7603
7607
7604
7606
7606
7610
7613
7607
7609
7662
7609
7610
7612
7616
7613
7615
7615
7619
7616
7618
7671
7618
7619
7621
7625
7622
7624
7624
7628
7631
7625
7627
7680
7627
7628
7630
7634
7631
7633
7633
7637
7640
7634
7636
7689
7636
7637
7639
7643
7640
7642
7642
7646
7649
7643
7645
7698
7645
7646
7648
7652
7649
7651
7651
7655
7652
7654
7707
7654
7655
7657
7661
7658
7660
7660
7664
7667
7661
7663
7716
7663
7664
7666
7670
7667
7669
7669
7673
7670
7672
7725
7672
7673
7675
7679
7676
7678
7678
7682
7685
7679
7681
7734
7681
7682
7684
7688
7685
7687
7687
7691
7694
7688
7690
7743
7690
7691
7693
7697
7694
7696
7696
7700
7703
7697
7699
7752
7699
7700
7702
7706
7703
7705
7705
7709
7706
7708
7761
7708
7709
7711
7715
7712
7714
7714
7718
7721
7715
7717
7717
7718
7720
7724
7721
7723
7723
7727
7724
7726
7726
7727
7729
7733
7730
7732
7732
7736
7739
7733
7735
7735
7736
7738
7742
7739
7741
7741
7745
7748
7742
7744
7744
7745
7747
7751
7748
7750
7750
7754
7757
7751
7753
7753
7754
7756
7760
7757
7759
7759
7763
7760
7762
7762
7763
)


// ************************************************************************* //
