# y jRe_x jRe_y jRe_z jIm_x jIm_y jIm_z BRe_x BRe_y BRe_z BIm_x BIm_y BIm_z F_x F_y F_z VReGrad_x VReGrad_y VReGrad_z VImGrad_x VImGrad_y VImGrad_z s VRe VIm sigma mur
-0.075 -4659117.4 	-233315.06 	-414005.04 	 -7042500.2 	-679893.66 	-593243.21 	 -0.0027233411 	0.00074625845 	0.034006483 	 0.00042595048 	-0.00090241683 	-0.0019545345 	 -3424.039 	72742.391 	1262.9128 	 -2.7964798 	-3.3004046 	0.06242031 	 -5.3932015 	-15.027339 	0.83451857 		-0.075 -0.048951393 0.021680148 1200000 1
-0.07375 -4760398.8 	-812655.56 	-415179.73 	 -4658702.7 	-190831.77 	-452231.06 	 -0.0023959054 	0.00061069248 	0.030812665 	 0.00076216023 	-0.00091809962 	-0.0056025701 	 -11348.379 	63224.751 	-180.63795 	 -2.8939538 	-3.111922 	0.043624717 	 -5.7937209 	-14.449113 	0.753641 		-0.07375 -0.053076899 0.0028959746 1200000 1
-0.0725 -4184103.1 	-1560515.2 	-343641.03 	 -2510860.3 	-272559.32 	-268382.67 	 -0.0018971045 	0.00040527493 	0.026130432 	 0.0012303241 	-0.00092598715 	-0.010380656 	 -18993.061 	42964.173 	-998.60679 	 -3.055533 	-2.7644352 	0.0094451048 	 -6.4776869 	-13.325083 	0.59995976 		-0.0725 -0.056775414 -0.014593169 1200000 1
-0.07125 -3444811.4 	-2141203.6 	-262770.05 	 -1322122.2 	-217240.22 	-162271.2 	 -0.0015136634 	0.00029549686 	0.022489311 	 0.0014238804 	-0.0008756948 	-0.012001111 	 -22342.904 	34318.85 	-1301.3268 	 -3.1306787 	-2.4806453 	-0.012948213 	 -6.8829767 	-12.30488 	0.47904841 		-0.07125 -0.05988415 -0.030046648 1200000 1
-0.07 -2705519.8 	-2721892 	-181899.07 	 -133384.22 	-161921.12 	-56159.741 	 -0.0011302224 	0.00018571878 	0.01884819 	 0.0016174366 	-0.00082540246 	-0.013621566 	 -25692.747 	25673.527 	-1604.0467 	 -3.2058244 	-2.1968555 	-0.035341532 	 -7.2882665 	-11.284677 	0.35813705 		-0.07 -0.062992885 -0.045500127 1200000 1
-0.06875 -2086632.4 	-3091283.8 	-120034.8 	 256990.57 	1885.2413 	-19323.495 	 -0.00083104266 	0.00014191659 	0.015928868 	 0.0016691919 	-0.00074844084 	-0.013888838 	 -26142.788 	19749.773 	-1524.6064 	 -3.2034955 	-1.9813536 	-0.045020214 	 -7.4648082 	-10.415806 	0.27699754 		-0.06875 -0.06542699 -0.058419979 1200000 1
-0.0675 -1467745 	-3460675.7 	-58170.523 	 647365.36 	165691.61 	17512.752 	 -0.00053186292 	9.8114399e-05 	0.013009546 	 0.0017209472 	-0.00067147923 	-0.01415611 	 -26592.829 	13826.018 	-1445.1661 	 -3.2011666 	-1.7658516 	-0.054698897 	 -7.6413499 	-9.5469354 	0.19585802 		-0.0675 -0.067861096 -0.07133983 1200000 1
-0.06625 -1072738.3 	-3662221.4 	-20421.6 	 682646.21 	333761.45 	23764.954 	 -0.00040769481 	9.8872474e-05 	0.011991368 	 0.0016917791 	-0.00061278448 	-0.013642005 	 -27363.67 	11001.744 	-1389.7884 	 -3.1661274 	-1.6146836 	-0.057445875 	 -7.7212857 	-8.8285569 	0.14012349 		-0.06625 -0.069841619 -0.082287317 1200000 1
-0.065 -677731.61 	-3863767.1 	17327.322 	 717927.07 	501831.29 	30017.157 	 -0.00028352671 	9.963055e-05 	0.010973191 	 0.0016626111 	-0.00055408974 	-0.013127901 	 -28134.511 	8177.4692 	-1334.4106 	 -3.1310882 	-1.4635155 	-0.060192853 	 -7.8012214 	-8.1101783 	0.084388961 		-0.065 -0.071822143 -0.093234804 1200000 1
-0.06375 -469446.35 	-3959305.7 	36001.98 	 636921.61 	636182.43 	25845.954 	 -0.00023457121 	0.00010938386 	0.010716488 	 0.0016291688 	-0.00051349634 	-0.012637685 	 -28993.334 	6404.176 	-1315.3752 	 -3.0879047 	-1.3659601 	-0.058973675 	 -7.8371668 	-7.5175541 	0.045928759 		-0.06375 -0.073500408 -0.10256276 1200000 1
-0.0625 -261161.09 	-4054844.4 	54676.638 	 555916.16 	770533.58 	21674.751 	 -0.00018561572 	0.00011913716 	0.010459786 	 0.0015957265 	-0.00047290294 	-0.01214747 	 -29852.157 	4630.8828 	-1296.3398 	 -3.0447213 	-1.2684047 	-0.057754497 	 -7.8731122 	-6.9249299 	0.007468557 		-0.0625 -0.075178674 -0.11189072 1200000 1
-0.06125 -170478.3 	-4096103.7 	61622.289 	 463101.82 	862147.75 	16051.446 	 -0.00017226099 	0.0001273261 	0.010536071 	 0.0015746137 	-0.00044490721 	-0.011851878 	 -30709.734 	3581.6938 	-1308.2539 	 -3.0053651 	-1.2111301 	-0.054550399 	 -7.8859259 	-6.4306687 	-0.019346676 		-0.06125 -0.07667142 -0.11987509 1200000 1
-0.06 -79795.511 	-4137363 	68567.94 	 370287.47 	953761.92 	10428.142 	 -0.00015890626 	0.00013551503 	0.010612355 	 0.0015535008 	-0.00041691147 	-0.011556286 	 -31567.312 	2532.5049 	-1320.1679 	 -2.966009 	-1.1538556 	-0.051346301 	 -7.8987396 	-5.9364075 	-0.046161908 		-0.06 -0.078164167 -0.12785946 1200000 1
-0.05875 -50178.425 	-4156302.1 	69453.411 	 299784.5 	1010162.5 	6286.8255 	 -0.00015913052 	0.00013947794 	0.010785455 	 0.0015446089 	-0.00039615714 	-0.011433538 	 -32324.312 	1968.0878 	-1344.5045 	 -2.9348804 	-1.1256345 	-0.047356172 	 -7.8969843 	-5.5202299 	-0.065048351 		-0.05875 -0.079556059 -0.13471611 1200000 1
-0.0575 -20561.339 	-4175241.2 	70338.882 	 229281.53 	1066563.1 	2145.5089 	 -0.00015935477 	0.00014344086 	0.010958554 	 0.001535717 	-0.0003754028 	-0.011310789 	 -33081.312 	1403.6708 	-1368.841 	 -2.9037518 	-1.0974135 	-0.043366042 	 -7.895229 	-5.1040523 	-0.083934795 		-0.0575 -0.080947951 -0.14157276 1200000 1
-0.05625 -16745.936 	-4187612.9 	68606.039 	 184423.99 	1099352.8 	-185.58381 	 -0.00016294288 	0.00014367178 	0.011124875 	 0.0015346229 	-0.00035845362 	-0.011293732 	 -33700.406 	1127.5523 	-1393.4447 	 -2.8814893 	-1.0902261 	-0.039247518 	 -7.8830754 	-4.7520139 	-0.097343671 		-0.05625 -0.082299593 -0.14747624 1200000 1
-0.055 -12930.532 	-4199984.5 	66873.196 	 139566.46 	1132142.5 	-2516.6765 	 -0.00016653098 	0.0001439027 	0.011291196 	 0.0015335288 	-0.00034150444 	-0.011276674 	 -34319.501 	851.43379 	-1418.0483 	 -2.8592269 	-1.0830387 	-0.035128994 	 -7.8709218 	-4.3999755 	-0.11075255 		-0.055 -0.083651234 -0.15337972 1200000 1
-0.05375 -16794.495 	-4211699.7 	64292.528 	 113699.96 	1151023.2 	-3527.0993 	 -0.00016970748 	0.00014167742 	0.011419489 	 0.0015361811 	-0.00032659376 	-0.011307954 	 -34806.701 	724.95114 	-1438.0488 	 -2.8450074 	-1.0917026 	-0.031201954 	 -7.8510707 	-4.1023202 	-0.12033963 		-0.05375 -0.085007189 -0.15847618 1200000 1
-0.0525 -20658.457 	-4223414.8 	61711.861 	 87833.464 	1169903.9 	-4537.5222 	 -0.00017288398 	0.00013945215 	0.011547783 	 0.0015388334 	-0.00031168307 	-0.011339233 	 -35293.902 	598.46849 	-1458.0493 	 -2.830788 	-1.1003665 	-0.027274913 	 -7.8312196 	-3.8046648 	-0.12992671 		-0.0525 -0.086363145 -0.16357264 1200000 1
-0.05125 -24692.943 	-4235636.8 	59057.429 	 73408.807 	1181194.7 	-4783.9972 	 -0.00017480202 	0.00013590583 	0.011638397 	 0.001542659 	-0.00029805741 	-0.011383427 	 -35672.254 	538.32621 	-1472.7237 	 -2.8234775 	-1.121766 	-0.023666001 	 -7.8058371 	-3.5542049 	-0.13685017 		-0.05125 -0.087758106 -0.16798784 1200000 1
-0.05 -28727.428 	-4247858.8 	56402.997 	 58984.15 	1192485.4 	-5030.4722 	 -0.00017672006 	0.00013235951 	0.011729012 	 0.0015464846 	-0.00028443174 	-0.011427621 	 -36050.606 	478.18393 	-1487.3981 	 -2.8161671 	-1.1431654 	-0.020057089 	 -7.7804546 	-3.3037449 	-0.14377362 		-0.05 -0.089153067 -0.17240304 1200000 1
-0.04875 -30834.831 	-4260050.3 	53945.113 	 50481.007 	1199642.6 	-4911.2116 	 -0.00017758113 	0.00012826604 	0.011791856 	 0.0015501878 	-0.00027182948 	-0.011467465 	 -36344.348 	441.67002 	-1497.5775 	 -2.8147798 	-1.1755423 	-0.016791336 	 -7.751414 	-3.0948991 	-0.14887464 		-0.04875 -0.090616019 -0.1762472 1200000 1
-0.0475 -32942.235 	-4272241.8 	51487.228 	 41977.865 	1206799.8 	-4791.951 	 -0.0001784422 	0.00012417258 	0.0118547 	 0.001553891 	-0.00025922723 	-0.011507309 	 -36638.09 	405.1561 	-1507.757 	 -2.8133924 	-1.2079191 	-0.013525584 	 -7.7223735 	-2.8860534 	-0.15397566 		-0.0475 -0.092078972 -0.18009136 1200000 1
-0.04625 -33233.15 	-4283610.3 	49280.939 	 36134.464 	1211427.7 	-4535.6812 	 -0.00017865821 	0.00011998954 	0.011899678 	 0.0015569728 	-0.00024757609 	-0.011536652 	 -36866.397 	374.08808 	-1514.4849 	 -2.8172009 	-1.250364 	-0.010579651 	 -7.691313 	-2.7143296 	-0.1578885 		-0.04625 -0.093635817 -0.18346233 1200000 1
-0.045 -33524.064 	-4294978.9 	47074.65 	 30291.062 	1216055.6 	-4279.4113 	 -0.00017887422 	0.00011580651 	0.011944655 	 0.0015600545 	-0.00023592495 	-0.011565995 	 -37094.705 	343.02007 	-1521.2128 	 -2.8210094 	-1.2928089 	-0.007633719 	 -7.6602526 	-2.5426059 	-0.16180133 		-0.045 -0.095192662 -0.18683331 1200000 1
-0.04375 -32695.082 	-4304976.2 	45103.132 	 25476.382 	1218762.4 	-3995.8665 	 -0.00017877795 	0.00011178078 	0.011978802 	 0.0015624141 	-0.00022520167 	-0.011584089 	 -37270.778 	311.67248 	-1525.2735 	 -2.8295151 	-1.3449455 	-0.0049646372 	 -7.6286112 	-2.4043281 	-0.16502307 		-0.04375 -0.096867839 -0.18981885 1200000 1
-0.0425 -31866.099 	-4314973.6 	43131.614 	 20661.702 	1221469.2 	-3712.3217 	 -0.00017868168 	0.00010775504 	0.01201295 	 0.0015647737 	-0.00021447839 	-0.011602184 	 -37446.852 	280.3249 	-1529.3341 	 -2.8380209 	-1.3970821 	-0.0022955554 	 -7.5969698 	-2.2660504 	-0.16824481 		-0.0425 -0.098543016 -0.19280439 1200000 1
-0.04125 -30547.875 	-4323351.7 	41365.987 	 16191.452 	1222418.2 	-3443.2405 	 -0.00017847589 	0.00010401386 	0.012040457 	 0.0015664629 	-0.00020466022 	-0.011610207 	 -37579.109 	248.11867 	-1531.199 	 -2.8508876 	-1.4588933 	0.00014477224 	 -7.5660378 	-2.1582086 	-0.17118251 		-0.04125 -0.10036054 -0.19548398 1200000 1
-0.04 -29229.65 	-4331729.9 	39600.361 	 11721.202 	1223367.2 	-3174.1593 	 -0.00017827009 	0.00010027267 	0.012067963 	 0.0015681521 	-0.00019484205 	-0.011618229 	 -37711.365 	215.91243 	-1533.0639 	 -2.8637544 	-1.5207045 	0.0025850999 	 -7.5351059 	-2.0503668 	-0.17412022 		-0.04 -0.10217807 -0.19816356 1200000 1
-0.03875 -27826.729 	-4338447.5 	38018.453 	 7372.3678 	1222571.6 	-2928.3707 	 -0.0001780539 	9.688443e-05 	0.012091034 	 0.001569249 	-0.000185901 	-0.011617548 	 -37804.978 	183.77489 	-1532.9717 	 -2.8807475 	-1.592449 	0.0048429139 	 -7.5060904 	-1.9705269 	-0.17712536 		-0.03875 -0.10416231 -0.20060989 1200000 1
-0.0375 -26423.807 	-4345165.1 	36436.546 	 3023.5334 	1221776 	-2682.582 	 -0.00017783771 	9.3496192e-05 	0.012114104 	 0.0015703458 	-0.00017695995 	-0.011616867 	 -37898.591 	151.63734 	-1532.8795 	 -2.8977407 	-1.6641934 	0.0071007278 	 -7.4770749 	-1.890687 	-0.1801305 		-0.0375 -0.10614654 -0.20305623 1200000 1
-0.03625 -25157.662 	-4350283.5 	35024.396 	 -1239.8617 	1219230.7 	-2456.4179 	 -0.00017763926 	9.050681e-05 	0.012133774 	 0.0015709008 	-0.00016887418 	-0.011608351 	 -37956.67 	120.62716 	-1530.9154 	 -2.9186814 	-1.7463753 	0.0092169603 	 -7.4511743 	-1.8369278 	-0.1835264 		-0.03625 -0.10832279 -0.20533661 1200000 1
-0.035 -23891.518 	-4355401.8 	33612.246 	 -5503.2568 	1216685.5 	-2230.2537 	 -0.00017744082 	8.7517427e-05 	0.012153444 	 0.0015714559 	-0.00016078842 	-0.011599835 	 -38014.748 	89.616973 	-1528.9513 	 -2.9396221 	-1.8285572 	0.011333193 	 -7.4252737 	-1.7831686 	-0.18692229 		-0.035 -0.11049904 -0.207617 1200000 1
-0.03375 -22908.429 	-4359021.5 	32359.744 	 -9665.6426 	1212411.2 	-2020.1246 	 -0.00017722951 	8.4973574e-05 	0.012170057 	 0.0015714782 	-0.0001535607 	-0.011583644 	 -38038.96 	60.692096 	-1525.0761 	 -2.9643535 	-1.9219294 	0.013341197 	 -7.4037573 	-1.754032 	-0.19102793 		-0.03375 -0.11289418 -0.20979453 1200000 1
-0.0325 -21925.341 	-4362641.3 	31107.242 	 -13828.028 	1208136.9 	-1809.9954 	 -0.00017701821 	8.242972e-05 	0.01218667 	 0.0015715005 	-0.00014633299 	-0.011567453 	 -38063.173 	31.767218 	-1521.2009 	 -2.989085 	-2.0153016 	0.015349201 	 -7.382241 	-1.7248954 	-0.19513357 		-0.0325 -0.11528933 -0.21197207 1200000 1
-0.03125 -21418.201 	-4364894.6 	30003.453 	 -17908.672 	1202183.1 	-1624.8131 	 -0.00017668898 	8.0401001e-05 	0.012199952 	 0.0015709728 	-0.00014001428 	-0.011543032 	 -38053.846 	5.916712 	-1515.2247 	 -3.0174438 	-2.1208933 	0.017272033 	 -7.3665328 	-1.7193469 	-0.20028653 		-0.03125 -0.11793244 -0.21410677 1200000 1
-0.03 -20911.061 	-4367147.9 	28899.665 	 -21989.316 	1196229.3 	-1439.6309 	 -0.00017635976 	7.8372282e-05 	0.012213234 	 0.0015704452 	-0.00013369558 	-0.01151861 	 -38044.519 	-19.933794 	-1509.2486 	 -3.0458025 	-2.2264849 	0.019194866 	 -7.3508245 	-1.7137985 	-0.2054395 		-0.03 -0.12057555 -0.21624147 1200000 1
-0.02875 -21231.167 	-4368249.3 	27933.146 	 -26165.275 	1188649 	-1320.8918 	 -0.00017569271 	7.6985702e-05 	0.012221971 	 0.0015693802 	-0.0001284133 	-0.011484874 	 -38000.291 	-41.819729 	-1500.7617 	 -3.0775861 	-2.3456573 	0.021040495 	 -7.3425962 	-1.7312014 	-0.21202045 		-0.02875 -0.12349865 -0.21839127 1200000 1
-0.0275 -21551.274 	-4369350.6 	26966.627 	 -30341.234 	1181068.8 	-1202.1527 	 -0.00017502567 	7.5599122e-05 	0.012230708 	 0.0015683153 	-0.00012313102 	-0.011451139 	 -37956.063 	-63.705664 	-1492.2748 	 -3.1093696 	-2.4648297 	0.022886124 	 -7.3343679 	-1.7486044 	-0.21860141 		-0.0275 -0.12642175 -0.22054106 1200000 1
-0.02625 -23259.708 	-4369700.5 	26141.487 	 -35190.993 	1171832.9 	-1259.433 	 -0.00017364256 	7.510238e-05 	0.012232093 	 0.0015668914 	-0.00011911751 	-0.011407099 	 -37873.137 	-81.989544 	-1480.5691 	 -3.1442926 	-2.5993753 	0.024638168 	 -7.3356535 	-1.7887058 	-0.22706303 		-0.02625 -0.12966072 -0.22276278 1200000 1
-0.025 -24968.141 	-4370050.3 	25316.347 	 -40040.752 	1162597 	-1316.7133 	 -0.00017225944 	7.4605639e-05 	0.012233479 	 0.0015654676 	-0.00011510401 	-0.011363059 	 -37790.211 	-100.27342 	-1468.8635 	 -3.1792156 	-2.7339209 	0.026390211 	 -7.3369392 	-1.8288073 	-0.23552465 		-0.025 -0.1328997 -0.22498449 1200000 1
-0.02375 -28694.077 	-4370363 	24707.334 	 -46985.668 	1151368.2 	-1782.2109 	 -0.00016964349 	7.5478427e-05 	0.01222242 	 0.0015643039 	-0.00011270927 	-0.011309336 	 -37661.433 	-119.90208 	-1452.9406 	 -3.2168535 	-2.8862371 	0.027990053 	 -7.3502762 	-1.8917336 	-0.24642924 		-0.02375 -0.13649553 -0.22733479 1200000 1
-0.0225 -32420.013 	-4370675.6 	24098.32 	 -53930.584 	1140139.3 	-2247.7084 	 -0.00016702753 	7.6351214e-05 	0.012211362 	 0.0015631402 	-0.00011031452 	-0.011255614 	 -37532.655 	-139.53073 	-1437.0178 	 -3.2544914 	-3.0385534 	0.029589895 	 -7.3636132 	-1.9546598 	-0.25733382 		-0.0225 -0.14009135 -0.2296851 1200000 1
-0.02125 -38238.638 	-4372037.8 	23988.479 	 -65880.455 	1125795.7 	-3537.9858 	 -0.00016276925 	7.9478769e-05 	0.012180645 	 0.0015637707 	-0.00010996213 	-0.011197533 	 -37347.256 	-177.1362 	-1415.9252 	 -3.2942236 	-3.211942 	0.030903008 	 -7.3922158 	-2.0409329 	-0.27140697 		-0.02125 -0.14409191 -0.23222144 1200000 1
-0.02 -44057.262 	-4373400 	23878.637 	 -77830.326 	1111452.1 	-4828.2632 	 -0.00015851098 	8.2606323e-05 	0.012149928 	 0.0015644012 	-0.00010960975 	-0.011139452 	 -37161.857 	-214.74166 	-1394.8327 	 -3.3339559 	-3.3853307 	0.03221612 	 -7.4208183 	-2.1272059 	-0.28548011 		-0.02 -0.14809246 -0.23475779 1200000 1
-0.01875 -49873.1 	-4377044.9 	25046.803 	 -99784.23 	1091254 	-7558.9079 	 -0.00015311403 	8.9500879e-05 	0.012093296 	 0.0015699317 	-0.00011162052 	-0.011092137 	 -36907.991 	-311.02388 	-1368.805 	 -3.3749575 	-3.5844984 	0.032971132 	 -7.4688159 	-2.2378134 	-0.30369396 		-0.01875 -0.15255523 -0.23753946 1200000 1
-0.0175 -55688.938 	-4380689.8 	26214.969 	 -121738.13 	1071055.9 	-10289.553 	 -0.00014771709 	9.6395434e-05 	0.012036664 	 0.0015754622 	-0.00011363129 	-0.011044821 	 -36654.125 	-407.30609 	-1342.7774 	 -3.4159591 	-3.7836661 	0.033726144 	 -7.5168135 	-2.348421 	-0.32190781 		-0.0175 -0.15701801 -0.24032113 1200000 1
-0.01625 -53906.244 	-4387084.4 	30448.229 	 -160467.24 	1039425.5 	-15096.572 	 -0.00014454481 	0.00010936988 	0.011958879 	 0.0015911241 	-0.0001178075 	-0.011039251 	 -36328.038 	-644.50292 	-1315.8864 	 -3.4573648 	-4.0155142 	0.033410053 	 -7.5896677 	-2.4849825 	-0.34561724 		-0.01625 -0.1620144 -0.24341051 1200000 1
-0.015 -52123.551 	-4393479.1 	34681.489 	 -199196.34 	1007795.1 	-19903.591 	 -0.00014137252 	0.00012234433 	0.011881093 	 0.001606786 	-0.0001219837 	-0.01103368 	 -36001.952 	-881.69975 	-1288.9954 	 -3.4987704 	-4.2473624 	0.033093961 	 -7.6625219 	-2.6215439 	-0.36932668 		-0.015 -0.16701079 -0.2464999 1200000 1
-0.01375 -24015.015 	-4400140.7 	45526.524 	 -259864.71 	954898.75 	-26759.74 	 -0.00015054652 	0.00014437302 	0.011821326 	 0.0016394361 	-0.00012686752 	-0.011118201 	 -35628.595 	-1401.0909 	-1273.8495 	 -3.5402653 	-4.5221256 	0.030782678 	 -7.7679583 	-2.7865594 	-0.40049399 		-0.01375 -0.17263281 -0.24996437 1200000 1
-0.0125 4093.5204 	-4406802.3 	56371.56 	 -320533.07 	902002.39 	-33615.888 	 -0.00015972052 	0.0001664017 	0.011761559 	 0.0016720862 	-0.00013175135 	-0.011202723 	 -35255.238 	-1920.4821 	-1258.7037 	 -3.5817603 	-4.7968887 	0.028471395 	 -7.8733947 	-2.9515749 	-0.43166131 		-0.0125 -0.17825482 -0.25342885 1200000 1
-0.01125 95704.345 	-4404317.6 	79889.236 	 -395869.68 	812612.37 	-40093.464 	 -0.0002046755 	0.00020013204 	0.011837095 	 0.001726352 	-0.0001336543 	-0.011424497 	 -34920.56 	-2927.9491 	-1282.1336 	 -3.6250336 	-5.129532 	0.022576329 	 -8.0237621 	-3.1484059 	-0.4732091 		-0.01125 -0.18462503 -0.25734331 1200000 1
-0.01 187315.17 	-4401832.9 	103406.91 	 -471206.29 	723222.35 	-46571.04 	 -0.00024963048 	0.00023386239 	0.01191263 	 0.0017806179 	-0.00013555724 	-0.011646272 	 -34585.881 	-3935.4162 	-1305.5636 	 -3.6683069 	-5.4621754 	0.016681264 	 -8.1741296 	-3.3452369 	-0.5147569 		-0.01 -0.19099524 -0.26125777 1200000 1
-0.00875 402586.75 	-4368351 	148041.96 	 -515513.93 	575866.57 	-44316.453 	 -0.00037576415 	0.00027898755 	0.012382623 	 0.0018471462 	-0.00012797481 	-0.011977773 	 -34458.189 	-5694.2884 	-1408.9478 	 -3.7199645 	-5.8735282 	0.0046067625 	 -8.3924862 	-3.5760327 	-0.57104226 		-0.00875 -0.19828047 -0.2657064 1200000 1
-0.0075 617858.32 	-4334869 	192677.02 	 -559821.57 	428510.78 	-42061.866 	 -0.00050189783 	0.00032411272 	0.012852616 	 0.0019136745 	-0.00012039238 	-0.012309274 	 -34330.498 	-7453.1607 	-1512.332 	 -3.7716221 	-6.284881 	-0.007467739 	 -8.6108429 	-3.8068286 	-0.62732761 		-0.0075 -0.2055657 -0.27015503 1200000 1
-0.00625 1027742.1 	-4231635.5 	266021.99 	 -436390.48 	189799.01 	-11056.329 	 -0.00083757199 	0.00037109353 	0.014436021 	 0.0019336858 	-9.392138e-05 	-0.012486684 	 -35085.337 	-10699.544 	-1842.7709 	 -3.8481293 	-6.8006097 	-0.029731726 	 -8.9462278 	-4.0610569 	-0.70451163 		-0.00625 -0.21399267 -0.27522347 1200000 1
-0.005 1437625.9 	-4128402 	339366.96 	 -312959.4 	-48912.756 	19949.207 	 -0.0011732461 	0.00041807433 	0.016019427 	 0.0019536971 	-6.7450379e-05 	-0.012664093 	 -35840.175 	-13945.927 	-2173.2098 	 -3.9246364 	-7.3163384 	-0.051995714 	 -9.2816127 	-4.3152853 	-0.78169565 		-0.005 -0.22241964 -0.28029191 1200000 1
-0.00375 2058425.2 	-3901884 	443066.25 	 315471 	-374645.18 	118517.11 	 -0.0016196467 	0.00041059183 	0.017924417 	 0.0018555921 	-4.9443864e-05 	-0.012386434 	 -34599.6 	-17642.982 	-2449.4789 	 -4.0489118 	-7.9677054 	-0.093921538 	 -9.8738241 	-4.5492449 	-0.89125547 		-0.00375 -0.2324028 -0.28602721 1200000 1
-0.0025 2679224.4 	-3675366.1 	546765.54 	 943901.41 	-700377.59 	217085.02 	 -0.0020660473 	0.00040310932 	0.019829408 	 0.0017574872 	-3.1437348e-05 	-0.012108774 	 -33359.024 	-21340.037 	-2725.7481 	 -4.1731872 	-8.6190724 	-0.13584736 	 -10.466036 	-4.7832045 	-1.0008153 		-0.0025 -0.24238595 -0.29176251 1200000 1
-0.00125 3370605.1 	-3252854.1 	653538.71 	 2225745.4 	-1212106 	397416.5 	 -0.0026930538 	0.00036573813 	0.022934434 	 0.0013990299 	-9.8914276e-06 	-0.0099207538 	 -31651.562 	-29232.482 	-2935.3634 	 -4.365331 	-9.432321 	-0.19588656 	 -11.33171 	-4.9141385 	-1.1350608 		-0.00125 -0.25371681 -0.29789732 1200000 1
5.2475385e-17 2002560 	-2799576.8 	377896.78 	 1652692.2 	-1741821.5 	278187.66 	 -0.0033474628 	0.00033774595 	0.026708062 	 0.00093626532 	3.8740219e-05 	-0.0065415216 	 -31939.367 	-19559.402 	-3516.2935 	 -4.4319919 	1.7681754 	-0.22826297 	 -11.698483 	3.8196573 	-1.2000866 		5.2475385e-17 -0.25849082 -0.29860701 650000 1
0.00125 282668.14 	-2588230.4 	49636.436 	 259578.32 	-1959483.8 	47313.385 	 -0.0035655649 	0.00029213408 	0.028084821 	 0.00073784674 	7.5685894e-05 	-0.0047409509 	 -31837.631 	-3409.1278 	-3853.5795 	 -4.1705722 	12.968039 	-0.19576968 	 -10.885458 	12.541796 	-1.1177144 		0.00125 -0.24929637 -0.28834818 100000 1
0.0025 248855.66 	-2533170.2 	40273.057 	 191044.41 	-1993999.6 	39758.949 	 -0.003561087 	0.00024750412 	0.028316188 	 0.00071261026 	9.5074039e-05 	-0.00388586 	 -32241.022 	-3162.0239 	-3781.4752 	 -3.7801581 	12.149428 	-0.13553418 	 -9.5746882 	12.370729 	-0.96633926 		0.0025 -0.23354558 -0.27268624 100000 1
0.00375 223693.92 	-2486514 	33213.633 	 145814.76 	-2008763 	33191.944 	 -0.0035584127 	0.00020313789 	0.028470254 	 0.00069212764 	9.9621554e-05 	-0.003180083 	 -32554.312 	-2924.0973 	-3726.5397 	 -3.454662 	11.481348 	-0.093024813 	 -8.5542437 	12.065011 	-0.8411445 		0.00375 -0.21916102 -0.25753344 100000 1
0.005 198532.18 	-2439857.9 	26154.21 	 100585.1 	-2023526.4 	26624.939 	 -0.0035557384 	0.00015877166 	0.028624321 	 0.00067164502 	0.00010416907 	-0.002474306 	 -32867.602 	-2686.1707 	-3671.6042 	 -3.1291659 	10.813269 	-0.050515443 	 -7.5337993 	11.759292 	-0.71594974 		0.005 -0.20477647 -0.24238065 100000 1
0.00625 181153.78 	-2401077.5 	21678.612 	 77817.418 	-2024145.9 	21895.055 	 -0.0035418393 	0.00011501885 	0.028487812 	 0.00066413417 	9.6623195e-05 	-0.0022031418 	 -32401.208 	-2459.8697 	-3597.7322 	 -2.8564333 	10.264809 	-0.027145961 	 -6.8043918 	11.409244 	-0.6260621 		0.00625 -0.19200829 -0.22811541 100000 1
0.0075 163775.38 	-2362297.1 	17203.015 	 55049.737 	-2024765.4 	17165.171 	 -0.0035279402 	7.1266047e-05 	0.028351303 	 0.00065662333 	8.9077322e-05 	-0.0019319775 	 -31934.814 	-2233.5686 	-3523.8602 	 -2.5837007 	9.7163498 	-0.0037764796 	 -6.0749844 	11.059196 	-0.53617445 		0.0075 -0.17924012 -0.21385017 100000 1
0.00875 151638.79 	-2328337.6 	14171.396 	 42495.518 	-2022430.6 	13815.471 	 -0.003518876 	3.7913982e-05 	0.028219242 	 0.00065257036 	8.2343551e-05 	-0.0017939079 	 -31427.351 	-2066.7545 	-3460.374 	 -2.3484934 	9.2569399 	0.0095516249 	 -5.4903641 	10.720026 	-0.47009966 		0.00875 -0.16771742 -0.20046742 100000 1
0.01 139502.21 	-2294378.1 	11139.777 	 29941.299 	-2020095.7 	10465.771 	 -0.0035098119 	4.5619162e-06 	0.02808718 	 0.00064851739 	7.560978e-05 	-0.0016558382 	 -30919.887 	-1899.9403 	-3396.8877 	 -2.1132861 	8.79753 	0.02287973 	 -4.9057438 	10.380857 	-0.40402487 		0.01 -0.15619472 -0.18708466 100000 1
0.01125 130843.72 	-2264290.6 	9082.1979 	 22769.835 	-2017747.6 	8122.6501 	 -0.0035020529 	-2.2913874e-05 	0.027967142 	 0.00064614943 	7.0885433e-05 	-0.0015673516 	 -30443.801 	-1778.5172 	-3339.6123 	 -1.9018678 	8.4065378 	0.029838201 	 -4.4067531 	10.070807 	-0.35509821 		0.01125 -0.1457236 -0.17451527 100000 1
0.0125 122185.24 	-2234203 	7024.6187 	 15598.37 	-2015399.4 	5779.5294 	 -0.003494294 	-5.0389664e-05 	0.027847105 	 0.00064378146 	6.6161086e-05 	-0.0014788649 	 -29967.716 	-1657.0942 	-3282.3368 	 -1.6904495 	8.0155457 	0.036796673 	 -3.9077623 	9.7607572 	-0.30617156 		0.0125 -0.13525247 -0.16194588 100000 1
0.01375 115968.66 	-2207051.6 	5621.3962 	 11452.335 	-2013719.2 	4124.404 	 -0.0034872027 	-7.3870105e-05 	0.027739948 	 0.00064255552 	6.3242256e-05 	-0.0014207348 	 -29525.51 	-1568.8229 	-3229.5759 	 -1.4950805 	7.6771965 	0.039801339 	 -3.4628416 	9.4787854 	-0.26931201 		0.01375 -0.12568473 -0.15011338 100000 1
0.015 109752.09 	-2179900.3 	4218.1737 	 7306.2995 	-2012039 	2469.2786 	 -0.0034801115 	-9.7350546e-05 	0.027632792 	 0.00064132959 	6.0323426e-05 	-0.0013626047 	 -29083.304 	-1480.5515 	-3176.815 	 -1.2997115 	7.3388473 	0.042806005 	 -3.0179208 	9.1968136 	-0.23245247 		0.015 -0.11611699 -0.13828088 100000 1
0.01625 105350.78 	-2154915.7 	3253.1354 	 4976.5676 	-2011015.6 	1269.3778 	 -0.0034734714 	-0.00011820628 	0.027536828 	 0.0006408025 	5.8840471e-05 	-0.0013249987 	 -28669.401 	-1417.2362 	-3127.5868 	 -1.1157375 	7.041659 	0.043429499 	 -2.6090439 	8.937151 	-0.20404908 		0.01625 -0.10733761 -0.12712135 100000 1
0.0175 100949.46 	-2129931.1 	2288.0971 	 2646.8356 	-2009992.2 	69.477004 	 -0.0034668312 	-0.00013906201 	0.027440864 	 0.00064027542 	5.7357516e-05 	-0.0012873927 	 -28255.499 	-1353.9208 	-3078.3586 	 -0.93176362 	6.7444707 	0.044052992 	 -2.200167 	8.6774883 	-0.1756457 		0.0175 -0.09855823 -0.11596182 100000 1
0.01875 97977.853 	-2106480.8 	1615.4668 	 1487.937 	-2009414.9 	-835.00695 	 -0.0034605673 	-0.00015827654 	0.027354132 	 0.00064013691 	5.6984572e-05 	-0.0012648918 	 -27862.68 	-1310.2235 	-3031.9241 	 -0.75622958 	6.4799002 	0.043308901 	 -1.8163773 	8.4337696 	-0.15319673 		0.01875 -0.090476435 -0.10542763 100000 1
0.02 95006.241 	-2083030.5 	942.83653 	 329.0384 	-2008837.5 	-1739.4909 	 -0.0034543034 	-0.00017749106 	0.0272674 	 0.0006399984 	5.6611629e-05 	-0.0012423909 	 -27469.861 	-1266.5261 	-2985.4895 	 -0.58069554 	6.2153297 	0.042564809 	 -1.4325876 	8.1900509 	-0.13074776 		0.02 -0.08239464 -0.094893438 100000 1
0.02125 93225.775 	-2060574.5 	464.47439 	 -10.84985 	-2008454.9 	-2455.4533 	 -0.0034483735 	-0.00019578584 	0.027188268 	 0.00064005092 	5.7100541e-05 	-0.0012318507 	 -27090.989 	-1238.9991 	-2941.1749 	 -0.41163411 	5.9767636 	0.041099921 	 -1.0668393 	7.9563926 	-0.11252819 		0.02125 -0.07493811 -0.084952499 100000 1
0.0225 91445.309 	-2038118.5 	-13.887748 	 -350.7381 	-2008072.3 	-3171.4157 	 -0.0034424436 	-0.00021408062 	0.027109136 	 0.00064010344 	5.7589452e-05 	-0.0012213104 	 -26712.116 	-1211.472 	-2896.8603 	 -0.24257268 	5.7381975 	0.039635034 	 -0.70109093 	7.7227342 	-0.09430862 		0.0225 -0.06748158 -0.075011561 100000 1
0.02375 90710.663 	-2016174.8 	-363.95364 	 -59.929891 	-2007637.4 	-3769.6469 	 -0.0034368024 	-0.00023200353 	0.027036419 	 0.00064023001 	5.8762686e-05 	-0.0012208471 	 -26340.529 	-1197.9131 	-2854.0028 	 -0.078629014 	5.5202945 	0.037857785 	 -0.34861389 	7.4938657 	-0.079123305 		0.02375 -0.060592616 -0.065645664 100000 1
0.025 89976.018 	-1994231.1 	-714.01953 	 230.87832 	-2007202.6 	-4367.8781 	 -0.0034311613 	-0.00024992645 	0.026963702 	 0.00064035659 	5.9935919e-05 	-0.0012203838 	 -25968.943 	-1184.3543 	-2811.1452 	 0.08531465 	5.3023914 	0.036080535 	 0.0038631538 	7.2649972 	-0.063937989 		0.025 -0.053703652 -0.056279766 100000 1
0.02625 90203.576 	-1972352 	-980.03002 	 1063.1726 	-2006477.6 	-4895.2554 	 -0.0034257536 	-0.00026791124 	0.026896637 	 0.00064049347 	6.167228e-05 	-0.0012288471 	 -25598.476 	-1183.3965 	-2769.0821 	 0.24508564 	5.1006621 	0.034246001 	 0.34645086 	7.0361121 	-0.050950301 		0.02625 -0.047336638 -0.04748317 100000 1
0.0275 90431.135 	-1950472.8 	-1246.0405 	 1895.4669 	-2005752.5 	-5422.6327 	 -0.003420346 	-0.00028589603 	0.026829572 	 0.00064063036 	6.340864e-05 	-0.0012373104 	 -25228.009 	-1182.4387 	-2727.019 	 0.40485663 	4.8989327 	0.032411467 	 0.68903857 	6.807227 	-0.037962612 		0.0275 -0.040969623 -0.038686574 100000 1
0.02875 91579.785 	-1928226.9 	-1457.501 	 3246.9669 	-2004498.9 	-5910.2964 	 -0.0034151079 	-0.00030430248 	0.026767776 	 0.00064074725 	6.5630272e-05 	-0.0012539841 	 -24852.91 	-1193.2872 	-2685.0894 	 0.56110151 	4.7094666 	0.030677191 	 1.0242338 	6.5737756 	-0.026580222 		0.02875 -0.035089306 -0.030465103 100000 1
0.03 92728.435 	-1905981 	-1668.9616 	 4598.4669 	-2003245.2 	-6397.9601 	 -0.0034098697 	-0.00032270893 	0.02670598 	 0.00064086415 	6.7851904e-05 	-0.0012706578 	 -24477.812 	-1204.1357 	-2643.1598 	 0.7173464 	4.5200005 	0.028942915 	 1.359429 	6.3403241 	-0.015197832 		0.03 -0.029208989 -0.022243631 100000 1
0.03125 94787.326 	-1882941.3 	-1845.2899 	 6497.9466 	-2001210.6 	-6866.5133 	 -0.0034047322 	-0.00034185078 	0.026649409 	 0.00064095053 	7.0514334e-05 	-0.0012950711 	 -24092.667 	-1226.3944 	-2600.7083 	 0.87047287 	4.3392825 	0.027405309 	 1.6891413 	6.097809 	-0.0049986379 		0.03125 -0.023789305 -0.014614292 100000 1
0.0325 96846.218 	-1859901.6 	-2021.6183 	 8397.4263 	-1999176.1 	-7335.0666 	 -0.0033995947 	-0.00036099264 	0.026592839 	 0.00064103692 	7.3176765e-05 	-0.0013194844 	 -23707.523 	-1248.6531 	-2558.2567 	 1.0235993 	4.1585645 	0.025867703 	 2.0188537 	5.855294 	0.0052005567 		0.0325 -0.018369621 -0.0069849538 100000 1
0.03375 99826.518 	-1835635.6 	-2175.1946 	 10917.915 	-1996078 	-7797.7982 	 -0.0033944871 	-0.00038115783 	0.02654178 	 0.00064109268 	7.6261903e-05 	-0.0013512749 	 -23307.202 	-1282.2057 	-2514.6379 	 1.1738041 	3.9833475 	0.024585619 	 2.3445847 	5.5990771 	0.014516102 		0.03375 -0.013392893 2.3942288e-05 100000 1
0.035 102806.82 	-1811369.6 	-2328.7709 	 13438.403 	-1992979.9 	-8260.5298 	 -0.0033893794 	-0.00040132302 	0.02649072 	 0.00064114844 	7.9347041e-05 	-0.0013830655 	 -22906.882 	-1315.7584 	-2471.019 	 1.3240088 	3.8081305 	0.023303536 	 2.6703158 	5.3428603 	0.023831647 		0.035 -0.0084161661 0.0070328384 100000 1
0.03625 106735.7 	-1785432.3 	-2466.8675 	 16696.55 	-1988487.6 	-8725.1858 	 -0.0033842321 	-0.00042278908 	0.026445786 	 0.00064117761 	8.2858794e-05 	-0.0014218636 	 -22486.528 	-1360.682 	-2425.603 	 1.4712845 	3.6353466 	0.022313173 	 2.9932593 	5.0679774 	0.032469276 		0.03625 -0.0038725669 0.013381093 100000 1
0.0375 110664.59 	-1759495.1 	-2604.9641 	 19954.697 	-1983995.3 	-9189.8418 	 -0.0033790848 	-0.00044425514 	0.026400851 	 0.00064120679 	8.6370548e-05 	-0.0014606618 	 -22066.174 	-1405.6055 	-2380.187 	 1.6185602 	3.4625627 	0.021322811 	 3.3162028 	4.7930945 	0.041106905 		0.0375 0.00067103225 0.019729348 100000 1
0.03875 115580.2 	-1731424 	-2730.8692 	 24114.642 	-1977710.3 	-9659.2089 	 -0.003373832 	-0.00046730169 	0.026363007 	 0.00064121182 	9.0332326e-05 	-0.0015059706 	 -21621.232 	-1462.1013 	-2332.368 	 1.7626881 	3.2892603 	0.020646637 	 3.6372885 	4.4940721 	0.049192378 		0.03875 0.0047838399 0.025363829 100000 1
0.04 120495.81 	-1703353 	-2856.7744 	 28274.588 	-1971425.3 	-10128.576 	 -0.0033685792 	-0.00049034824 	0.026325162 	 0.00064121685 	9.4294104e-05 	-0.0015512793 	 -21176.29 	-1518.597 	-2284.5489 	 1.9068161 	3.1159579 	0.019970462 	 3.9583743 	4.1950497 	0.057277851 		0.04 0.0088966475 0.030998311 100000 1
0.04125 126442.27 	-1672665.1 	-2970.3149 	 33555.574 	-1962858.3 	-10600.008 	 -0.0033631616 	-0.00051526796 	0.026295762 	 0.00064119211 	9.8747851e-05 	-0.0016023337 	 -20702.583 	-1586.9286 	-2233.7576 	 2.0473479 	2.9392603 	0.019621876 	 4.2782688 	3.8657108 	0.064858155 		0.04125 0.012573735 0.035851454 100000 1
0.0425 132388.73 	-1641977.2 	-3083.8554 	 38836.561 	-1954291.3 	-11071.44 	 -0.0033577439 	-0.00054018767 	0.026266361 	 0.00064116736 	0.0001032016 	-0.0016533882 	 -20228.876 	-1655.2603 	-2182.9663 	 2.1878798 	2.7625628 	0.01927329 	 4.5981634 	3.5363718 	0.07243846 		0.0425 0.016250822 0.040704596 100000 1
0.04375 139410.38 	-1608168.3 	-3181.4445 	 45524.647 	-1942835 	-11535.239 	 -0.0033521114 	-0.00056729676 	0.026247194 	 0.00064108992 	0.00010820777 	-0.0017089765 	 -19722.727 	-1735.6944 	-2128.6903 	 2.3241105 	2.5796443 	0.019258002 	 4.9172263 	3.1696116 	0.079470138 		0.04375 0.019480142 0.044692383 100000 1
0.045 146432.03 	-1574359.4 	-3279.0336 	 52212.733 	-1931378.7 	-11999.037 	 -0.0033464789 	-0.00059440585 	0.026228027 	 0.00064101247 	0.00011321395 	-0.0017645648 	 -19216.578 	-1816.1285 	-2074.4144 	 2.4603412 	2.3967259 	0.019242714 	 5.2362892 	2.8028514 	0.086501815 		0.045 0.022709461 0.048680171 100000 1
0.04625 154566.04 	-1536906.6 	-3353.3195 	 60678.147 	-1916273.1 	-12435.393 	 -0.0033405955 	-0.00062405504 	0.026221381 	 0.0006408277 	0.00011885177 	-0.0018227877 	 -18674.985 	-1908.874 	-2016.2274 	 2.5912747 	2.2048054 	0.019557263 	 5.5544719 	2.3903668 	0.092824061 		0.04625 0.025471956 0.051699512 100000 1
0.0475 162700.05 	-1499453.9 	-3427.6055 	 69143.56 	-1901167.5 	-12871.749 	 -0.0033347122 	-0.00065370423 	0.026214735 	 0.00064064293 	0.00012448959 	-0.0018810107 	 -18133.392 	-2001.6194 	-1958.0404 	 2.7222082 	2.012885 	0.019871813 	 5.8726546 	1.9778822 	0.099146306 		0.0475 0.028234451 0.054718853 100000 1
0.04875 171966.23 	-1457822.3 	-3466.7798 	 79865.913 	-1881457.8 	-13245.629 	 -0.0033285623 	-0.00068629117 	0.026223461 	 0.00064024108 	0.00013085641 	-0.0019389445 	 -17554.24 	-2106.7674 	-1895.6426 	 2.846518 	1.8092376 	0.0204993 	 6.1893197 	1.5098375 	0.10443319 		0.04875 0.030504169 0.056644217 100000 1
0.05 181232.4 	-1416190.7 	-3505.9541 	 90588.265 	-1861748.1 	-13619.51 	 -0.0033224123 	-0.00071887811 	0.026232187 	 0.00063983924 	0.00013722323 	-0.0019968784 	 -16975.088 	-2211.9154 	-1833.2447 	 2.9708277 	1.6055903 	0.021126788 	 6.5059848 	1.0417928 	0.10972008 		0.05 0.032773886 0.058569581 100000 1
0.05125 191618.59 	-1369845.6 	-3492.7959 	 104193.2 	-1836230.1 	-13872.459 	 -0.0033160085 	-0.00075486246 	0.026259767 	 0.00063901718 	0.00014443093 	-0.0020500931 	 -16357.403 	-2329.3902 	-1766.5158 	 3.0868147 	1.3875808 	0.022029609 	 6.8196095 	0.50639604 	0.11340212 		0.05125 0.034518145 0.059248699 100000 1
0.0525 202004.77 	-1323500.6 	-3479.6377 	 117798.14 	-1810712.1 	-14125.408 	 -0.0033096046 	-0.0007908468 	0.026287347 	 0.00063819513 	0.00015163864 	-0.0021033077 	 -15739.718 	-2446.865 	-1699.7869 	 3.2028017 	1.1695713 	0.022932431 	 7.1332342 	-0.029000756 	0.11708416 		0.0525 0.036262403 0.059927817 100000 1
0.05375 213445.21 	-1271928.3 	-3390.4588 	 135111.96 	-1777862.7 	-14162.7 	 -0.0033029991 	-0.00083076929 	0.026337953 	 0.00063659361 	0.00015980284 	-0.0021451636 	 -15083.898 	-2576.4109 	-1628.8505 	 3.3083562 	0.93471215 	0.024041634 	 7.4409303 	-0.64604954 	0.11822434 		0.05375 0.037442073 0.059176197 100000 1
0.055 224885.65 	-1220356 	-3301.2799 	 152425.78 	-1745013.2 	-14199.992 	 -0.0032963935 	-0.00087069179 	0.026388559 	 0.00063499208 	0.00016796704 	-0.0021870194 	 -14428.079 	-2705.9568 	-1557.9142 	 3.4139107 	0.69985298 	0.025150836 	 7.7486263 	-1.2630983 	0.11936452 		0.055 0.038621743 0.058424577 100000 1
0.05625 237228.25 	-1163096.2 	-3105.1394 	 174560.07 	-1702899.9 	-13870.826 	 -0.0032896915 	-0.00091519922 	0.026467077 	 0.00063199321 	0.0001771809 	-0.0022076225 	 -13736.013 	-2847.2284 	-1483.2049 	 3.5064892 	0.44589057 	0.026351742 	 8.0453501 	-1.9793327 	0.11646646 		0.05625 0.039191705 0.056018452 100000 1
0.0575 249570.85 	-1105836.5 	-2908.9989 	 196694.36 	-1660786.6 	-13541.66 	 -0.0032829894 	-0.00095970665 	0.026545595 	 0.00062899434 	0.00018639476 	-0.0022282257 	 -13043.947 	-2988.5 	-1408.4957 	 3.5990676 	0.19192815 	0.027552649 	 8.3420739 	-2.6955671 	0.1135684 		0.0575 0.039761668 0.053612326 100000 1
0.05875 262526.32 	-1042532.2 	-2567.974 	 225183.59 	-1606952 	-12609.072 	 -0.0032763627 	-0.0010095849 	0.026657578 	 0.00062355431 	0.00019667148 	-0.0022128433 	 -12318.749 	-3141.4145 	-1330.8022 	 3.6757063 	-0.083043557 	0.02866662 	 8.619288 	-3.5326962 	0.10428455 		0.05875 0.039671526 0.049279534 100000 1
0.06 275481.79 	-979227.87 	-2226.9491 	 253672.83 	-1553117.4 	-11676.484 	 -0.0032697359 	-0.0010594631 	0.026769561 	 0.00061811429 	0.0002069482 	-0.002197461 	 -11593.552 	-3294.3291 	-1253.1087 	 3.7523449 	-0.35801527 	0.029780592 	 8.8965021 	-4.3698253 	0.095000698 		0.06 0.039581383 0.044946742 100000 1
0.06125 288542.51 	-909699.64 	-1699.0692 	 290710.76 	-1484441.2 	-9772.7375 	 -0.0032634332 	-0.00111568 	0.026921023 	 0.00060849106 	0.00021810172 	-0.002124067 	 -10838.388 	-3460.0676 	-1173.5301 	 3.8097546 	-0.65542551 	0.030543379 	 9.1398113 	-5.3548585 	0.075699462 		0.06125 0.038776487 0.038354971 100000 1
0.0625 301603.22 	-840171.41 	-1171.1894 	 327748.7 	-1415764.9 	-7868.9912 	 -0.0032571305 	-0.0011718969 	0.027072484 	 0.00059886783 	0.00022925525 	-0.0020506731 	 -10083.225 	-3625.8061 	-1093.9514 	 3.8671642 	-0.95283575 	0.031306166 	 9.3831204 	-6.3398917 	0.056398226 		0.0625 0.037971592 0.031763199 100000 1
0.06375 313908.88 	-764528.52 	-419.20102 	 376619.41 	-1328345 	-4432.5919 	 -0.0032514732 	-0.001235656 	0.027269358 	 0.00058217956 	0.00024066268 	-0.0018860571 	 -9298.0209 	-3809.4341 	-1013.6144 	 3.901997 	-1.2735293 	0.0313443 	 9.5678902 	-7.5060327 	0.02155266 		0.06375 0.036394398 0.022505242 100000 1
0.065 326214.54 	-688885.62 	332.78731 	 425490.13 	-1240925.2 	-996.19268 	 -0.0032458159 	-0.0012994152 	0.027466231 	 0.00056549128 	0.00025207012 	-0.0017214412 	 -8512.8168 	-3993.0622 	-933.27741 	 3.9368298 	-1.5942228 	0.031382435 	 9.7526599 	-8.6721737 	-0.013292906 		0.065 0.034817205 0.013247284 100000 1
0.06625 336319.86 	-607691.01 	1320.849 	 491403.67 	-1130186.4 	4807.345 	 -0.0032411586 	-0.0013722136 	0.027713048 	 0.00053700886 	0.00026221943 	-0.001414954 	 -7686.4541 	-4210.3004 	-852.49015 	 3.9463093 	-1.9384475 	0.030190317 	 9.8354517 	-10.057415 	-0.071873149 		0.06625 0.032408841 0.0008248074 100000 1
0.0675 346425.18 	-526496.4 	2308.9108 	 557317.21 	-1019447.6 	10610.883 	 -0.0032365013 	-0.001445012 	0.027959864 	 0.00050852644 	0.00027236874 	-0.0011084668 	 -6860.0913 	-4427.5385 	-771.7029 	 3.9557888 	-2.2826723 	0.028998198 	 9.9182435 	-11.442656 	-0.13045339 		0.0675 0.030000478 -0.011597669 100000 1
0.06875 351882.64 	-441025.9 	3476.913 	 649143.79 	-881422.25 	19958.847 	 -0.0032326075 	-0.0015348514 	0.028319654 	 0.00045351242 	0.00027741446 	-0.00046360436 	 -5996.4951 	-4787.5143 	-691.34199 	 3.9390602 	-2.6501172 	0.025917628 	 9.8189846 	-13.076678 	-0.22429302 		0.06875 0.02670216 -0.027781833 100000 1
0.07 357340.1 	-355555.4 	4644.9153 	 740970.36 	-743396.91 	29306.812 	 -0.0032287136 	-0.0016246908 	0.028679443 	 0.00039849839 	0.00028246018 	0.00018125803 	 -5132.8988 	-5147.49 	-610.98108 	 3.9223317 	-3.0175621 	0.022837058 	 9.7197258 	-14.7107 	-0.31813266 		0.07 0.023403843 -0.043965997 100000 1
0.07125 353149.96 	-268050.7 	5868.4084 	 873734.55 	-574898.79 	44358.621 	 -0.0032174849 	-0.0017203598 	0.028990162 	 0.00032867175 	0.00027850605 	0.00092317231 	 -4048.5971 	-5550.1934 	-513.07338 	 3.8952169 	-3.4155616 	0.016551128 	 9.2960764 	-16.60817 	-0.46850717 		0.07125 0.019095076 -0.064865895 100000 1
0.0725 348959.82 	-180546 	7091.9016 	 1006498.7 	-406400.68 	59410.43 	 -0.0032062562 	-0.0018160288 	0.029300882 	 0.00025884511 	0.00027455192 	0.0016650866 	 -2964.2954 	-5952.8967 	-415.16568 	 3.8681021 	-3.8135611 	0.010265197 	 8.872427 	-18.50564 	-0.61888168 		0.0725 0.014786308 -0.085765794 100000 1
0.07375 333446.81 	-90623.043 	8079.7178 	 1181903.5 	-210326.66 	79350.18 	 -0.0031963402 	-0.0019186432 	0.029576131 	 0.00016150254 	0.00025616913 	0.0026555692 	 -1581.3624 	-6540.4505 	-294.28791 	 3.838657 	-4.2569184 	0.0010437538 	 8.0898334 	-20.643335 	-0.81746746 		0.07375 0.0097009791 -0.11044844 100000 1
0.075 305339.87 	-24291.012 	7912.8159 	 1330354.1 	-113156.29 	90061.028 	 -0.0031957933 	-0.0019765617 	0.029764137 	 9.6896091e-05 	0.00024228907 	0.0033526261 	 -554.23001 	-6784.3272 	-174.6735 	 3.8214807 	-4.4917305 	-0.003996563 	 7.6226905 	-21.765244 	-0.92307843 		0.075 0.0040863161 -0.13765499 100000 1
