# y jRe_x jRe_y jRe_z jIm_x jIm_y jIm_z BRe_x BRe_y BRe_z BIm_x BIm_y BIm_z F_x F_y F_z VReGrad_x VReGrad_y VReGrad_z VImGrad_x VImGrad_y VImGrad_z s VRe VIm sigma mur
-0.075 -1847167.1 	-0.0079276875 	-0.0157695 	 -4455086.3 	-0.31672675 	-0.1290495 	 2.3755e-09 	0.0082623155 	0.039617578 	 4.9815e-10 	0.010397715 	0.0068851844 	 -0.000460669 	51925.589 	-30799.447 	 0.16777979 	1.4169e-06 	-7.79305e-08 	 0.40033188 	-2.6669e-06 	1.85816e-07 		-0.075 1.1902303e-07 4.7241541e-07 1200000 1
-0.07375 -1911936.4 	0.028851151 	0.089486739 	 -4121988.8 	-0.25141906 	-0.21401116 	 2.5085817e-09 	0.0092485646 	0.03801013 	 7.5877485e-10 	0.01170611 	0.0037496636 	 0.00077628342 	44089.185 	-32959.849 	 0.14444159 	1.408901e-06 	-1.7063069e-07 	 0.30633304 	-2.7946306e-06 	2.5866165e-07 		-0.07375 1.2076221e-07 4.6934603e-07 1200000 1
-0.0725 -1936978.6 	-0.043657978 	0.094492404 	 -3781145.2 	0.47252269 	0.40784285 	 2.6067214e-09 	0.01014847 	0.035993116 	 5.7160204e-11 	0.012618601 	0.00041646021 	 -0.0037293592 	35655.918 	-33685.535 	 0.11587321 	1.4889424e-06 	-1.78962e-07 	 0.19028429 	-3.4725223e-06 	-2.5752125e-07 		-0.0725 1.2252322e-07 4.6483161e-07 1200000 1
-0.07125 -1935804.3 	0.14752888 	0.19287625 	 -3464961 	0.22589328 	-0.15641323 	 2.6235368e-09 	0.010719259 	0.034131743 	 6.1086409e-10 	0.01304931 	-0.0022164213 	 0.0020876411 	29209.519 	-32990.139 	 0.088993533 	1.3469227e-06 	-2.6589049e-07 	 0.07938469 	-3.3416994e-06 	2.1473335e-07 		-0.07125 1.2429174e-07 4.6133844e-07 1200000 1
-0.07 -1918442.3 	0.12229189 	0.16062438 	 -3168361.3 	-0.30372264 	0.097897565 	 2.7579019e-09 	0.011092128 	0.032342265 	 2.9060929e-10 	0.013083133 	-0.0044416089 	 0.0011272244 	24000.432 	-31378.521 	 0.063815036 	1.3846752e-06 	-2.4304737e-07 	 -0.026687134 	-2.9770749e-06 	5.0275604e-09 		-0.07 1.2604733e-07 4.5671998e-07 1200000 1
-0.06875 -1890722.9 	0.22112144 	0.13418456 	 -2888367 	0.7233015 	0.36792702 	 2.7724421e-09 	0.011357299 	0.030624835 	 6.2655656e-10 	0.012748973 	-0.0063697106 	 -0.0020722934 	19757.352 	-29151.581 	 0.040360138 	1.3171717e-06 	-2.2480712e-07 	 -0.12799779 	-3.9123883e-06 	-2.1753594e-07 		-0.06875 1.2775629e-07 4.5298114e-07 1200000 1
-0.0675 -1848698.8 	0.1943328 	0.12390441 	 -2629044.5 	-0.58993151 	-0.21825995 	 2.9768924e-09 	0.011458558 	0.028933707 	 2.8216893e-10 	0.012329035 	-0.0080830374 	 0.0057711018 	16130.36 	-26806.889 	 0.018600786 	1.3553492e-06 	-2.2077814e-07 	 -0.22461904 	-2.8980045e-06 	2.7348099e-07 		-0.0675 1.2948714e-07 4.4835262e-07 1200000 1
-0.06625 -1793796 	0.22132085 	0.044850695 	 -2390912.4 	0.58602566 	0.42253296 	 3.2864961e-09 	0.011359626 	0.027311686 	 3.1983316e-10 	0.011854606 	-0.0095764367 	 -0.0025806873 	13067.633 	-24380.421 	 -0.0015052823 	1.3455257e-06 	-1.579409e-07 	 -0.31661113 	-3.9596487e-06 	-2.5795392e-07 		-0.06625 1.3106831e-07 4.4395939e-07 1200000 1
-0.065 -1731861.4 	0.29241818 	0.10591143 	 -2170314.8 	-0.3726637 	-0.31371075 	 3.4961876e-09 	0.011263731 	0.025755655 	 2.6525106e-10 	0.011228728 	-0.010884495 	 0.0068879972 	10506.062 	-21954.633 	 -0.019992936 	1.2987987e-06 	-2.1282298e-07 	 -0.40403684 	-3.2421487e-06 	3.5786764e-07 		-0.065 1.327158e-07 4.3980287e-07 1200000 1
-0.06375 -1663831.6 	0.23812564 	0.048984747 	 -1966365.1 	0.53495985 	0.51761686 	 3.8082365e-09 	0.011147588 	0.024276647 	 -3.5039543e-10 	0.010534671 	-0.012007703 	 -0.0033396415 	8394.6535 	-19636.105 	 -0.036952791 	1.3561575e-06 	-1.6791721e-07 	 -0.4871212 	-4.0820758e-06 	-3.325967e-07 		-0.06375 1.3433747e-07 4.3477636e-07 1200000 1
-0.0625 -1588132.8 	0.3441285 	0.093275587 	 -1781522.9 	-0.099195915 	-0.17573862 	 3.9624612e-09 	0.010836841 	0.022944486 	 -1.377444e-11 	0.0099368772 	-0.012876095 	 0.0049330095 	6754.7939 	-17466.838 	 -0.052410421 	1.2773438e-06 	-2.0833621e-07 	 -0.56580947 	-3.6357217e-06 	2.4727938e-07 		-0.0625 1.3598819e-07 4.3072479e-07 1200000 1
-0.06125 -1508775.2 	0.31386336 	0.042179289 	 -1611731.7 	-0.2275219 	0.061462579 	 4.2988561e-09 	0.010396983 	0.021710797 	 -5.4733304e-10 	0.0093545399 	-0.013583052 	 0.0043653583 	5439.7414 	-15400.16 	 -0.06648315 	1.3123685e-06 	-1.6844699e-07 	 -0.64044642 	-3.6110741e-06 	5.174955e-08 		-0.06125 1.3763096e-07 4.253471e-07 1200000 1
-0.06 -1431621.6 	0.37593497 	0.027937141 	 -1450421.5 	0.60557757 	0.41068143 	 4.3628865e-09 	0.010156958 	0.020513396 	 -3.6965175e-10 	0.0086296288 	-0.01423382 	 -0.002357038 	4364.7406 	-13538.348 	 -0.079252246 	1.2677449e-06 	-1.5913226e-07 	 -0.71128082 	-4.3907292e-06 	-2.3699536e-07 		-0.06 1.39269e-07 4.2104876e-07 1200000 1
-0.05875 -1351978.6 	0.36938854 	0.025501591 	 -1302749.8 	-0.72573426 	-0.34080112 	 4.5123278e-09 	0.0098100969 	0.019375367 	 -8.5292888e-10 	0.0079368673 	-0.014795804 	 0.010142075 	3463.2343 	-11809.332 	 -0.090780642 	1.2815856e-06 	-1.6053756e-07 	 -0.77837383 	-3.3663695e-06 	3.914748e-07 		-0.05875 1.4093211e-07 4.1560493e-07 1200000 1
-0.0575 -1269253.2 	0.38563586 	-0.0042339694 	 -1169938.9 	0.64041914 	0.56954563 	 4.7896068e-09 	0.0091905812 	0.018330844 	 -8.2237148e-10 	0.0073104567 	-0.015270451 	 -0.0034388827 	2708.5069 	-10125.707 	 -0.10111919 	1.2740605e-06 	-1.3764089e-07 	 -0.84178683 	-4.5907476e-06 	-3.648828e-07 		-0.0575 1.4244525e-07 4.1078174e-07 1200000 1
-0.05625 -1186209.9 	0.42631412 	0.021576924 	 -1048839.3 	-0.50905264 	-0.31996772 	 4.9689114e-09 	0.0086160435 	0.01735278 	 -8.1673001e-10 	0.0066952493 	-0.01567062 	 0.0086316895 	2082.183 	-8639.3225 	 -0.11035535 	1.2470185e-06 	-1.624272e-07 	 -0.90176085 	-3.7177201e-06 	3.7857609e-07 		-0.05625 1.439965e-07 4.057903e-07 1200000 1
-0.055 -1104143.2 	0.40020228 	-0.016782161 	 -937116.63 	0.60538339 	0.64685565 	 5.254572e-09 	0.0082789138 	0.016427662 	 -1.4503554e-09 	0.0060597834 	-0.016017033 	 -0.0034446374 	1566.8665 	-7420.0615 	 -0.11858837 	1.2755145e-06 	-1.3233759e-07 	 -0.95862526 	-4.7324678e-06 	-4.2480106e-07 		-0.055 1.4553569e-07 4.0017899e-07 1200000 1
-0.05375 -1021235.9 	0.48126102 	-0.01154916 	 -837461.37 	-0.52362012 	-0.177827 	 5.3038375e-09 	0.0077625755 	0.015635635 	 -9.7352833e-10 	0.0055146674 	-0.016244539 	 0.008535554 	1183.6893 	-6283.744 	 -0.12585042 	1.2145437e-06 	-1.3987711e-07 	 -1.0123405 	-3.8764981e-06 	2.6469814e-07 		-0.05375 1.4707993e-07 3.9564123e-07 1200000 1
-0.0525 -938941.56 	0.44529092 	-0.043180962 	 -746945.72 	-0.14806492 	0.19220052 	 5.6902283e-09 	0.007045698 	0.014950668 	 -1.6511233e-09 	0.0050315489 	-0.016386318 	 0.0041730785 	902.98585 	-5201.983 	 -0.13225923 	1.2518021e-06 	-1.1610585e-07 	 -1.0633143 	-4.2739106e-06 	-4.1382039e-08 		-0.0525 1.4864703e-07 3.8949673e-07 1200000 1
-0.05125 -859427.93 	0.48128598 	-0.076322774 	 -661577.05 	0.4938401 	0.56590511 	 5.7491079e-09 	0.0065807593 	0.014284064 	 -1.4252208e-09 	0.0045151747 	-0.016527324 	 -0.0016721025 	673.99011 	-4334.5941 	 -0.13792076 	1.2279043e-06 	-9.1313349e-08 	 -1.1118901 	-4.895048e-06 	-3.5035055e-07 		-0.05125 1.5019135e-07 3.846753e-07 1200000 1
-0.05 -781605.09 	0.52666548 	-0.081288059 	 -582334.04 	-0.95666617 	-0.4202655 	 5.8508536e-09 	0.0062217433 	0.013644163 	 -1.9626532e-09 	0.0040059395 	-0.016653701 	 0.012698134 	484.05831 	-3609.9089 	 -0.14290447 	1.1983789e-06 	-9.1320831e-08 	 -1.1582561 	-3.7713915e-06 	4.7392269e-07 		-0.05 1.5176573e-07 3.7850396e-07 1200000 1
-0.04875 -704190.11 	0.50867182 	-0.10217919 	 -511318.97 	0.72693307 	0.84403446 	 6.1216908e-09 	0.0055322756 	0.013081396 	 -1.9319949e-09 	0.0035612147 	-0.016753074 	 -0.0040092458 	326.33533 	-2873.9538 	 -0.14724776 	1.2199044e-06 	-7.6589897e-08 	 -1.2024123 	-5.261894e-06 	-5.7713151e-07 		-0.04875 1.5323924e-07 3.7328075e-07 1200000 1
-0.0475 -627825.38 	0.53549046 	-0.080310644 	 -447192.97 	-0.61208961 	-0.31041762 	 6.3927238e-09 	0.0046961673 	0.01258832 	 -1.8589295e-09 	0.0031575446 	-0.016816569 	 0.0091928798 	197.02374 	-2196.581 	 -0.15103305 	1.2054268e-06 	-9.936485e-08 	 -1.2445928 	-4.2333662e-06 	3.8735843e-07 		-0.0475 1.5471689e-07 3.6744543e-07 1200000 1
-0.04625 -553407.79 	0.52565894 	-0.10162258 	 -387326.23 	0.60521237 	0.74717523 	 6.7329842e-09 	0.0043702465 	0.012115205 	 -2.463572e-09 	0.0027346135 	-0.01688122 	 -0.002689848 	85.445456 	-1753.8545 	 -0.15436099 	1.2221971e-06 	-8.4677951e-08 	 -1.2851896 	-5.3342735e-06 	-4.9125071e-07 		-0.04625 1.5618857e-07 3.6124194e-07 1200000 1
-0.045 -480097.71 	0.60763743 	-0.12843501 	 -333090.4 	-0.94166725 	-0.19803253 	 6.7368018e-09 	0.0039289724 	0.011729274 	 -1.9356631e-09 	0.0023512569 	-0.016903789 	 0.011939822 	1.3719781 	-1350.4156 	 -0.15728072 	1.1627017e-06 	-6.6687913e-08 	 -1.3242013 	-4.1297836e-06 	2.9911579e-07 		-0.045 1.5764482e-07 3.5622725e-07 1200000 1
-0.04375 -407838.06 	0.55597261 	-0.11312761 	 -283520.39 	0.0079909302 	0.28841616 	 7.2100717e-09 	0.0031673686 	0.01144692 	 -2.6108008e-09 	0.0020152275 	-0.016877318 	 0.0030509274 	-55.941928 	-947.71759 	 -0.15988047 	1.2144061e-06 	-8.2989774e-08 	 -1.3619265 	-5.0064377e-06 	-1.0361515e-07 		-0.04375 1.5915938e-07 3.4931009e-07 1200000 1
-0.0425 -337107.72 	0.58757851 	-0.1464288 	 -236527.21 	0.40032975 	0.56917118 	 7.2751916e-09 	0.0025281109 	0.011190497 	 -2.3130176e-09 	0.001681152 	-0.016857273 	 -0.00044553771 	-104.37899 	-639.67869 	 -0.16227081 	1.1962547e-06 	-5.8947541e-08 	 -1.3986999 	-5.4173647e-06 	-3.3475007e-07 		-0.0425 1.6063852e-07 3.4393407e-07 1200000 1
-0.04125 -267628.27 	0.62820235 	-0.13521111 	 -191087.24 	-1.0629472 	-0.57110187 	 7.332356e-09 	0.0022664054 	0.010920936 	 -2.812734e-09 	0.0013367224 	-0.016859874 	 0.013097787 	-148.7572 	-448.9136 	 -0.16456033 	1.1714447e-06 	-7.3235119e-08 	 -1.4348933 	-4.2833651e-06 	6.1851573e-07 		-0.04125 1.6215406e-07 3.3704001e-07 1200000 1
-0.04 -198739.39 	0.62587467 	-0.16950237 	 -148856.61 	0.86614522 	0.96331189 	 7.4983831e-09 	0.0017131464 	0.010707205 	 -2.8497619e-09 	0.0010241246 	-0.016858556 	 -0.0044337696 	-189.01152 	-266.27253 	 -0.16678131 	1.1820014e-06 	-4.7901128e-08 	 -1.4704268 	-5.9806157e-06 	-6.5700479e-07 		-0.04 1.6360051e-07 3.3139608e-07 1200000 1
-0.03875 -130642.33 	0.63637366 	-0.12633604 	 -109317.28 	-0.8166311 	-0.49331298 	 7.8163472e-09 	0.00083219178 	0.010570595 	 -2.7296529e-09 	0.00073155763 	-0.016829271 	 0.010547606 	-225.83013 	-110.86435 	 -0.16898239 	1.1827967e-06 	-8.8906196e-08 	 -1.5054012 	-4.6607688e-06 	5.5982393e-07 		-0.03875 1.6506448e-07 3.2462283e-07 1200000 1
-0.0375 -63208.163 	0.63185556 	-0.1304885 	 -70795.347 	0.73649423 	0.70194532 	 8.2259683e-09 	0.0003682427 	0.010451219 	 -3.0852006e-09 	0.0004331246 	-0.01681397 	 -0.0029298833 	-262.36706 	-43.790915 	 -0.17128742 	1.198033e-06 	-8.8837359e-08 	 -1.5402653 	-6.0397024e-06 	-4.33041e-07 		-0.0375 1.6648468e-07 3.1782004e-07 1200000 1
-0.03625 3574.3263 	0.75395929 	-0.15089697 	 -33304.844 	-1.2810305 	-0.35533885 	 8.3313037e-09 	5.6423956e-05 	0.010379758 	 -2.6372166e-09 	0.0001349119 	-0.016790349 	 0.014530109 	-297.55142 	-23.671415 	 -0.17375308 	1.1082454e-06 	-7.6363652e-08 	 -1.5750392 	-4.4466486e-06 	4.5119663e-07 		-0.03625 1.6791002e-07 3.1209286e-07 1200000 1
-0.035 69899.959 	0.6594431 	-0.13857723 	 3444.493 	0.44807367 	0.36931538 	 8.7582647e-09 	-0.00063821568 	0.010403011 	 -3.1388302e-09 	-0.00014170826 	-0.016733522 	 -0.00014441232 	-333.31698 	-42.986479 	 -0.17644994 	1.2000984e-06 	-8.9986811e-08 	 -1.6098958 	-5.9662782e-06 	-1.4952589e-07 		-0.035 1.6935073e-07 3.0436619e-07 1200000 1
-0.03375 135903.04 	0.71343517 	-0.15768662 	 40387.501 	0.41947536 	0.4210403 	 9.0421352e-09 	-0.001507229 	0.010480069 	 -2.7888404e-09 	-0.00041691458 	-0.01666796 	 0.00011197807 	-372.15331 	-124.71357 	 -0.17947969 	1.1682666e-06 	-7.7568504e-08 	 -1.6450855 	-6.0195328e-06 	-1.8947173e-07 		-0.03375 1.7079067e-07 2.982825e-07 1200000 1
-0.0325 203023.46 	0.71539889 	-0.14515276 	 78070.611 	-0.73383952 	-0.63117047 	 9.0218912e-09 	-0.0017031638 	0.010517007 	 -3.2343434e-09 	-0.00069904798 	-0.016643625 	 0.0098527599 	-416.58277 	-221.01594 	 -0.1830723 	1.1805401e-06 	-9.2678703e-08 	 -1.6813199 	-5.1422959e-06 	6.9098558e-07 		-0.0325 1.7226256e-07 2.9041777e-07 1200000 1
-0.03125 270604.88 	0.79699589 	-0.16935101 	 116327.32 	1.1122223 	0.94940624 	 9.3251511e-09 	-0.0020677059 	0.010599062 	 -3.3255311e-09 	-0.00097969457 	-0.016619724 	 -0.00504852 	-466.44446 	-362.96375 	 -0.18721644 	1.1278939e-06 	-7.5616354e-08 	 -1.7183394 	-6.7688803e-06 	-6.2251323e-07 		-0.03125 1.7366925e-07 2.841621e-07 1200000 1
-0.03 338133.6 	0.76665584 	-0.1342483 	 155954.98 	-0.8345409 	-0.703136 	 9.624544e-09 	-0.002922316 	0.010771777 	 -3.3540606e-09 	-0.001282787 	-0.016555582 	 0.010651459 	-527.93343 	-614.23393 	 -0.19194672 	1.1694832e-06 	-1.0968918e-07 	 -1.7561537 	-5.2221914e-06 	7.5806867e-07 		-0.03 1.7512387e-07 2.7619245e-07 1200000 1
-0.02875 406266.99 	0.75538605 	-0.13961424 	 197621.23 	1.1367231 	0.7250222 	 1.0222311e-08 	-0.0036000228 	0.010978217 	 -3.6058822e-09 	-0.0015952223 	-0.016495505 	 -0.0047535133 	-597.45603 	-904.1686 	 -0.19740712 	1.1976953e-06 	-1.083354e-07 	 -1.7951845 	-6.9478043e-06 	-4.2860022e-07 		-0.02875 1.7650679e-07 2.6876089e-07 1200000 1
-0.0275 474906.92 	0.92364889 	-0.12974213 	 241713.64 	-1.499747 	-0.5375833 	 1.0441859e-08 	-0.0038117093 	0.011221793 	 -3.5730506e-09 	-0.0019215125 	-0.016430621 	 0.016548417 	-678.20208 	-1162.6134 	 -0.2036747 	1.077278e-06 	-1.2113523e-07 	 -1.8354966 	-4.830512e-06 	6.2689578e-07 		-0.0275 1.7792899e-07 2.619928e-07 1200000 1
-0.02625 543695.77 	0.79541594 	-0.13114362 	 289195.61 	1.1499866 	0.63914373 	 1.0936775e-08 	-0.0043494587 	0.011547501 	 -4.0036568e-09 	-0.0022479238 	-0.016332321 	 -0.0038993272 	-776.92624 	-1534.4425 	 -0.21083024 	1.2044852e-06 	-1.2303022e-07 	 -1.8772085 	-7.1098775e-06 	-3.5064124e-07 		-0.02625 1.7931355e-07 2.5351479e-07 1200000 1
-0.025 612842.67 	0.92318676 	-0.096701058 	 340495.45 	0.037476119 	0.18309019 	 1.1383257e-08 	-0.0052666521 	0.011946435 	 -3.7045441e-09 	-0.0025889025 	-0.016201635 	 0.0049384015 	-900.07527 	-2071.0349 	 -0.21898822 	1.1190958e-06 	-1.5540507e-07 	 -1.9204985 	-6.2582346e-06 	3.223447e-08 		-0.025 1.8071586e-07 2.4676264e-07 1200000 1
-0.02375 684719.44 	0.84087838 	-0.10473577 	 394997.38 	-0.096400285 	-0.55834367 	 1.1369878e-08 	-0.0056580797 	0.012349796 	 -4.107019e-09 	-0.0029270278 	-0.016081387 	 0.0054351235 	-1050.5576 	-2534.7573 	 -0.22851531 	1.2083608e-06 	-1.5286729e-07 	 -1.9662191 	-6.2227959e-06 	6.5308412e-07 		-0.02375 1.8216916e-07 2.3790134e-07 1200000 1
-0.0225 758663.63 	0.97762323 	-0.10121725 	 453546.22 	1.2233776 	0.90426396 	 1.1920451e-08 	-0.0058417202 	0.012781802 	 -4.2150848e-09 	-0.0032684769 	-0.01596302 	 -0.0029649815 	-1228.1417 	-2989.5402 	 -0.2394842 	1.1174139e-06 	-1.5887296e-07 	 -2.01432 	-7.3990967e-06 	-5.6285747e-07 		-0.0225 1.8355891e-07 2.3106008e-07 1200000 1
-0.02125 833120.92 	0.93024514 	-0.1040034 	 517873.27 	-0.76127371 	-0.96755551 	 1.1939365e-08 	-0.0065739681 	0.013323821 	 -4.3422585e-09 	-0.0036749963 	-0.015771084 	 0.010640944 	-1466.2168 	-3716.3537 	 -0.25191878 	1.1788619e-06 	-1.6098488e-07 	 -2.0646479 	-5.8149323e-06 	9.9954775e-07 		-0.02125 1.8506393e-07 2.2175734e-07 1200000 1
-0.02 907962.7 	0.88521191 	-0.10204007 	 588790.9 	1.6199497 	0.78167664 	 1.2810115e-08 	-0.0075060404 	0.013938718 	 -4.1680045e-09 	-0.0041144263 	-0.015539047 	 -0.0050898787 	-1752.4165 	-4627.0357 	 -0.26593024 	1.2398025e-06 	-1.6488977e-07 	 -2.1174038 	-7.867941e-06 	-4.5620931e-07 		-0.02 1.864124e-07 2.138543e-07 1200000 1
-0.01875 983587.06 	1.1257376 	-0.078764679 	 666166.46 	-1.5450051 	-0.7891671 	 1.3021504e-08 	-0.0076237177 	0.014607617 	 -4.4569466e-09 	-0.0045536995 	-0.015271179 	 0.017674461 	-2097.5876 	-5289.9942 	 -0.28169457 	1.0640362e-06 	-1.8794956e-07 	 -2.1727809 	-5.2991746e-06 	8.5414818e-07 		-0.01875 1.8784538e-07 2.0594994e-07 1200000 1
-0.0175 1059271.2 	0.91694601 	-0.18111053 	 751749.34 	1.8341769 	0.84917416 	 1.3525937e-08 	-0.0078994117 	0.01535858 	 -4.8199214e-09 	-0.0049985486 	-0.014940015 	 -0.004505217 	-2519.5991 	-6097.1126 	 -0.2994146 	1.2639932e-06 	-1.0433031e-07 	 -2.231022 	-8.1797407e-06 	-5.1055456e-07 		-0.0175 1.8922054e-07 1.9700467e-07 1200000 1
-0.01625 1133846.4 	1.1216646 	-0.19260369 	 846630.14 	-0.69701911 	-0.30988545 	 1.409846e-08 	-0.0087166182 	0.016214962 	 -4.1469792e-09 	-0.0054728139 	-0.01451128 	 0.011945171 	-3050.8444 	-7279.4667 	 -0.31918222 	1.1237842e-06 	-9.6620715e-08 	 -2.2920386 	-6.1302978e-06 	4.5481739e-07 		-0.01625 1.9069504e-07 1.8972369e-07 1200000 1
-0.015 1210052.7 	0.88558549 	-0.21634154 	 950398.82 	0.71474622 	-0.39836223 	 1.4443948e-08 	-0.0092832891 	0.017141258 	 -4.0948997e-09 	-0.0059376045 	-0.014009951 	 0.001311225 	-3715.4118 	-8451.1171 	 -0.34164743 	1.351331e-06 	-7.7651456e-08 	 -2.3569551 	-7.3671339e-06 	5.271619e-07 		-0.015 1.9222173e-07 1.8010596e-07 1200000 1
-0.01375 1289343.6 	1.1355362 	-0.16658911 	 1063430.2 	0.77572584 	0.6226496 	 1.5188218e-08 	-0.0091957011 	0.018134308 	 -3.7236963e-09 	-0.0063549999 	-0.01344912 	 0.0049345273 	-4540.439 	-9342.6224 	 -0.36742101 	1.1770171e-06 	-1.1905346e-07 	 -2.4265673 	-7.4838873e-06 	-3.2608077e-07 		-0.01375 1.9367908e-07 1.7300847e-07 1200000 1
-0.0125 1367391.3 	1.0144705 	-0.24222428 	 1189650.5 	-0.12303139 	-1.1848238 	 1.5231903e-08 	-0.0095310299 	0.0193027 	 -4.2234503e-09 	-0.0068228382 	-0.012693818 	 0.0063260034 	-5652.3825 	-10611.25 	 -0.39654244 	1.3120852e-06 	-5.6074332e-08 	 -2.5004975 	-6.7907108e-06 	1.1760436e-06 		-0.0125 1.9532871e-07 1.6251241e-07 1200000 1
-0.01125 1441312.6 	0.95864611 	-0.1791785 	 1331389.3 	1.2579432 	-0.20497393 	 1.718295e-08 	-0.010277351 	0.020675631 	 -2.591617e-09 	-0.0073255188 	-0.01170794 	 0.00068621981 	-7123.7147 	-12294.413 	 -0.42911518 	1.3990296e-06 	-1.0461572e-07 	 -2.578666 	-7.989488e-06 	3.5286361e-07 		-0.01125 1.9682504e-07 1.5451642e-07 1200000 1
-0.01 1512574.2 	1.0108211 	-0.27722063 	 1488649.2 	1.242959 	-1.1295411 	 1.8278964e-08 	-0.010297818 	0.022175926 	 -1.698565e-09 	-0.0077764351 	-0.010405254 	 -0.0012557248 	-9028.0248 	-13563.995 	 -0.46612409 	1.3931171e-06 	-1.6067709e-08 	 -2.662232 	-8.0222447e-06 	1.1137498e-06 		-0.01 1.9843552e-07 1.4520837e-07 1200000 1
-0.00875 342974.67 	0.45395825 	-0.080883373 	 356659.11 	-0.7584698 	0.57401568 	 1.9829871e-08 	-0.010026035 	0.023807617 	 1.3401745e-10 	-0.0081412981 	-0.009062063 	 0.010698193 	-2392.8381 	-3181.3169 	 -0.52776423 	-1.2889323e-06 	8.1639702e-08 	 -2.7946987 	3.1709155e-06 	-8.4386215e-06 		-0.00875 2.0067752e-07 1.2761629e-07 259530.47 1
-0.0075 135584.97 	0.45423882 	0.10727011 	 154057.86 	0.23868313 	-0.014655711 	 2.0567148e-08 	-0.0097909534 	0.024692646 	 7.606477e-10 	-0.0077417077 	-0.0085725909 	 0.0049994965 	-1014.7539 	-1260.3041 	 -0.54273292 	-2.2330168e-06 	-1.2876935e-06 	 -2.8375554 	-9.444722e-06 	2.9043611e-07 		-0.0075 1.9875853e-07 1.1474846e-07 100000 1
-0.00625 136607.09 	0.53779601 	0.10132418 	 163059.45 	0.32563528 	0.05400831 	 2.0528958e-08 	-0.009308772 	0.025209626 	 1.3384409e-09 	-0.0074847663 	-0.0080447482 	 0.006100055 	-1066.5597 	-1247.1574 	 -0.54874486 	-3.031954e-06 	-1.2117277e-06 	 -2.8594961 	-1.0339229e-05 	-4.1379831e-07 		-0.00625 1.9571008e-07 1.0280898e-07 100000 1
-0.005 136906.88 	0.60925804 	0.10932636 	 170857.17 	0.1781459 	-0.018238217 	 2.0259672e-08 	-0.0084241193 	0.025796757 	 1.6452429e-09 	-0.0072050619 	-0.0075395919 	 0.0076472954 	-1121.9911 	-1194.902 	 -0.54989204 	-3.7101587e-06 	-1.2760372e-06 	 -2.867378 	-8.8900322e-06 	2.9057921e-07 		-0.005 1.9160489e-07 9.1181439e-08 100000 1
-0.00375 136509.35 	0.65508157 	0.10845099 	 177630.92 	0.25297853 	0.092310455 	 2.0166648e-08 	-0.0077292776 	0.026311277 	 1.8860152e-09 	-0.0069179357 	-0.0070812224 	 0.0083567893 	-1167.0002 	-1145.2969 	 -0.54694447 	-4.1342587e-06 	-1.2521005e-06 	 -2.8626673 	-9.6559889e-06 	-8.3319105e-07 		-0.00375 1.8675951e-07 8.0143948e-08 100000 1
-0.0025 135498.83 	0.73604775 	0.10208744 	 183451.67 	0.19786369 	-0.017490668 	 2.0220691e-08 	-0.0073807614 	0.026769133 	 2.0871594e-09 	-0.0066136649 	-0.0066614505 	 0.0096062855 	-1202.6155 	-1109.4258 	 -0.54052048 	-4.9142509e-06 	-1.1740924e-06 	 -2.8462818 	-9.1197513e-06 	2.4634587e-07 		-0.0025 1.8111595e-07 6.8118408e-08 100000 1
-0.00125 134022.05 	0.82479449 	0.10092235 	 188333.45 	0.29563943 	0.044027757 	 2.0545253e-08 	-0.0072080603 	0.027170576 	 2.4562099e-09 	-0.006314228 	-0.0062646817 	 0.010688138 	-1230.9057 	-1079.4291 	 -0.53122538 	-5.7728691e-06 	-1.1488316e-06 	 -2.8192476 	-1.0104887e-05 	-3.868497e-07 		-0.00125 1.7476322e-07 5.7134801e-08 100000 1
5.2475385e-17 132271.42 	0.89558677 	0.11455878 	 192216.15 	0.27188871 	0.022194936 	 2.0447331e-08 	-0.0066169208 	0.027531474 	 2.537725e-09 	-0.0060159919 	-0.0059042795 	 0.012030683 	-1253.4043 	-1017.6659 	 -0.51952183 	-6.4525929e-06 	-1.2725668e-06 	 -2.7823274 	-9.8810629e-06 	-1.8582916e-07 		5.2475385e-17 1.6746719e-07 4.4998435e-08 100000 1
0.00125 130212.94 	0.93323345 	0.12521025 	 195195.89 	0.19310166 	-0.0028417195 	 2.0394111e-08 	-0.0058333138 	0.027844535 	 2.7220404e-09 	-0.0057175591 	-0.0055753488 	 0.012735261 	-1268.7226 	-940.14309 	 -0.50558881 	-6.8025345e-06 	-1.3672229e-06 	 -2.7360048 	-9.1113793e-06 	4.8052818e-08 		0.00125 1.5932799e-07 3.3835033e-08 100000 1
0.0025 127822.51 	0.99875504 	0.1277527 	 197373.47 	0.27010453 	0.061591302 	 2.017387e-08 	-0.0053558775 	0.028112436 	 2.6904969e-09 	-0.0054335693 	-0.0052786263 	 0.013903509 	-1275.7596 	-880.78417 	 -0.48969938 	-7.4330196e-06 	-1.3817565e-06 	 -2.6811313 	-9.8884374e-06 	-6.1149512e-07 		0.0025 1.5043961e-07 2.1482056e-08 100000 1
0.00375 125063.85 	1.0822509 	0.11783817 	 198814.28 	0.22644954 	-0.022600371 	 2.0042835e-08 	-0.0052269691 	0.028329502 	 2.9339414e-09 	-0.0051634208 	-0.0050197327 	 0.014970708 	-1272.4911 	-841.97326 	 -0.47195749 	-8.2442598e-06 	-1.2724374e-06 	 -2.6179949 	-9.4615452e-06 	2.1659289e-07 		0.00375 1.4080692e-07 1.0038009e-08 100000 1
0.005 122052.79 	1.1769064 	0.10579952 	 199542.15 	0.32960267 	0.046074312 	 1.9799041e-08 	-0.0051663181 	0.028511731 	 2.9957954e-09 	-0.0049017664 	-0.0047872741 	 0.016359839 	-1262.3044 	-805.70691 	 -0.45273168 	-9.1696714e-06 	-1.1428149e-06 	 -2.5477075 	-1.0494613e-05 	-4.8228016e-07 		0.005 1.3046145e-07 -2.168751e-09 100000 1
0.00625 118860.82 	1.1995502 	0.10212419 	 199547.83 	0.25641514 	-0.037552031 	 1.9296122e-08 	-0.0044937016 	0.028666846 	 2.9473992e-09 	-0.0046292509 	-0.0045891975 	 0.01675904 	-1245.7565 	-730.71019 	 -0.43208907 	-9.3753351e-06 	-1.0975779e-06 	 -2.4703669 	-9.7614876e-06 	3.4337288e-07 		0.00625 1.1933839e-07 -1.4288985e-08 100000 1
0.0075 115498.11 	1.2328528 	0.09724134 	 198956.59 	0.2920437 	0.049575375 	 1.888924e-08 	-0.0039077503 	0.028792937 	 2.9244962e-09 	-0.0043665488 	-0.0044122177 	 0.017385815 	-1223.8208 	-662.10038 	 -0.41038743 	-9.6895489e-06 	-1.0410441e-06 	 -2.3873014 	-1.011688e-05 	-5.367443e-07 		0.0075 1.0759849e-07 -2.6218016e-08 100000 1
0.00875 111955.96 	1.2793664 	0.088096582 	 197854.35 	0.26083186 	-0.043626133 	 1.8491645e-08 	-0.0036531026 	0.028908342 	 2.9243106e-09 	-0.0041206451 	-0.0042525338 	 0.01803515 	-1197.5244 	-614.01391 	 -0.38777743 	-1.0138048e-05 	-9.4272918e-07 	 -2.2990877 	-9.7976979e-06 	3.8823209e-07 		0.00875 9.5226806e-08 -3.9053022e-08 100000 1
0.01 108315.6 	1.3658114 	0.079000246 	 196259.6 	0.34460489 	0.0089912882 	 1.8453186e-08 	-0.0036593027 	0.029004616 	 3.1729443e-09 	-0.0038966606 	-0.0041035148 	 0.019240253 	-1168.1356 	-582.10052 	 -0.36443754 	-1.0988357e-05 	-8.4564788e-07 	 -2.2062271 	-1.0622657e-05 	-1.4325781e-07 		0.01 8.2296194e-08 -5.1115789e-08 100000 1
0.01125 104658.94 	1.411127 	0.072183484 	 194219.72 	0.34799597 	-0.017040766 	 1.8144415e-08 	-0.0034893787 	0.029091589 	 3.1915667e-09 	-0.0036813768 	-0.0039763172 	 0.019937789 	-1136.1907 	-541.37094 	 -0.34058592 	-1.1427875e-05 	-7.7206672e-07 	 -2.1096008 	-1.0642364e-05 	1.1311746e-07 		0.01125 6.8820274e-08 -6.4173368e-08 100000 1
0.0125 101038.54 	1.4130247 	0.073679011 	 191771.9 	0.31226282 	-0.046185989 	 1.78823e-08 	-0.0029593684 	0.029161978 	 3.3035177e-09 	-0.0034682606 	-0.0038700496 	 0.020015372 	-1102.1582 	-483.3621 	 -0.31634085 	-1.1434416e-05 	-7.8218063e-07 	 -2.0096274 	-1.0276266e-05 	4.0172879e-07 		0.0125 5.4915474e-08 -7.6586537e-08 100000 1
0.01375 97411.679 	1.4203149 	0.070101614 	 189080.25 	0.36016013 	0.014120018 	 1.7455681e-08 	-0.0025985005 	0.029222254 	 3.1803341e-09 	-0.0032735388 	-0.0037792907 	 0.020204611 	-1065.9996 	-437.30823 	 -0.29199632 	-1.1497021e-05 	-7.4212518e-07 	 -1.9076539 	-1.0731311e-05 	-2.0284145e-07 		0.01375 4.0610472e-08 -8.9924505e-08 100000 1
0.015 93777.892 	1.456732 	0.069834024 	 186224.25 	0.31566651 	-0.065278978 	 1.7287458e-08 	-0.0025381924 	0.029268692 	 3.3035563e-09 	-0.0031001281 	-0.0037039655 	 0.02071875 	-1027.4912 	-408.8463 	 -0.26769107 	-1.1852217e-05 	-7.3567859e-07 	 -1.8042517 	-1.0260956e-05 	5.9087547e-07 		0.015 2.6142802e-08 -1.02595e-07 100000 1
0.01625 90172.397 	1.5037894 	0.060207479 	 183287.22 	0.40050743 	0.013399014 	 1.7077048e-08 	-0.0026280545 	0.029306571 	 3.267528e-09 	-0.0029432016 	-0.0036390923 	 0.021403538 	-987.81175 	-389.24259 	 -0.24366388 	-1.2316885e-05 	-6.3600866e-07 	 -1.7004842 	-1.1084783e-05 	-1.9503338e-07 		0.01625 1.141871e-08 -1.1588506e-07 100000 1
0.0175 86642.883 	1.4949557 	0.059387427 	 180277.94 	0.34279055 	-0.064910486 	 1.6680793e-08 	-0.0023625989 	0.029340881 	 3.2033381e-09 	-0.0027871898 	-0.0035884714 	 0.021294305 	-947.61792 	-354.54338 	 -0.21991366 	-1.222353e-05 	-6.247882e-07 	 -1.5963708 	-1.047352e-05 	5.8961599e-07 		0.0175 -3.4262554e-09 -1.288639e-07 100000 1
0.01875 83205.661 	1.4718485 	0.056945018 	 177292.82 	0.37612782 	0.033523624 	 1.6230427e-08 	-0.0019541826 	0.029368555 	 3.0886721e-09 	-0.0026392519 	-0.0035459938 	 0.021047214 	-907.47105 	-316.26573 	 -0.19669011 	-1.1989517e-05 	-5.9751673e-07 	 -1.4930464 	-1.0773095e-05 	-3.9253047e-07 		0.01875 -1.8317088e-08 -1.4168864e-07 100000 1
0.02 79840.848 	1.461036 	0.059410704 	 174406.41 	0.30574539 	-0.05259235 	 1.5907087e-08 	-0.0017739334 	0.029403056 	 2.9984168e-09 	-0.0025139235 	-0.0035032115 	 0.02093512 	-868.29209 	-290.97761 	 -0.17406582 	-1.1879788e-05 	-6.1970591e-07 	 -1.3908881 	-1.0027492e-05 	4.7144929e-07 		0.02 -3.3162825e-08 -1.54967e-07 100000 1
0.02125 76583.65 	1.4727557 	0.054431173 	 171664.88 	0.38223124 	-0.0012793169 	 1.5837351e-08 	-0.0018639463 	0.029435805 	 3.0864794e-09 	-0.0024127547 	-0.0034553067 	 0.021062903 	-830.58499 	-279.3113 	 -0.15215782 	-1.199923e-05 	-5.6768002e-07 	 -1.2904182 	-1.0751743e-05 	-3.8401436e-08 		0.02125 -4.7975531e-08 -1.6761747e-07 100000 1
0.0225 73452.433 	1.4894369 	0.04947076 	 169103.22 	0.36600484 	0.0010317977 	 1.5748143e-08 	-0.0019976088 	0.029474124 	 3.1251488e-09 	-0.0023241511 	-0.0034108787 	 0.021373572 	-794.09298 	-270.54563 	 -0.13101756 	-1.2169077e-05 	-5.1599927e-07 	 -1.1920334 	-1.0533204e-05 	-5.7915202e-08 		0.0225 -6.2635188e-08 -1.8073408e-07 100000 1
0.02375 70517.101 	1.4395024 	0.049520094 	 166705.93 	0.36099641 	-0.01044798 	 1.5442221e-08 	-0.0016457754 	0.029507277 	 3.0927941e-09 	-0.0022284061 	-0.0033789935 	 0.020655403 	-758.74904 	-244.36152 	 -0.11063065 	-1.1673126e-05 	-5.1462194e-07 	 -1.0957223 	-1.0436714e-05 	6.0416739e-08 		0.02375 -7.71968e-08 -1.9315433e-07 100000 1
0.025 67716.257 	1.405806 	0.049299727 	 164578.21 	0.33737394 	-0.017467214 	 1.4952676e-08 	-0.0013523226 	0.029544057 	 2.9155593e-09 	-0.0021431861 	-0.0033499654 	 0.020215948 	-724.65078 	-222.72314 	 -0.0911278 	-1.1341745e-05 	-5.1071709e-07 	 -1.0022801 	-1.0149299e-05 	1.3434311e-07 		0.025 -9.1443977e-08 -2.0623522e-07 100000 1
0.02625 65045.354 	1.3834208 	0.049467211 	 162753.46 	0.32454347 	-0.0046749587 	 1.4792047e-08 	-0.0013116184 	0.029579342 	 2.9757899e-09 	-0.0020700119 	-0.0033228954 	 0.019949461 	-691.60088 	-211.63758 	 -0.072517686 	-1.1124428e-05 	-5.1069383e-07 	 -0.91185538 	-9.9646597e-06 	1.0161242e-08 		0.02625 -1.0551512e-07 -2.1834662e-07 100000 1
0.0275 62495.766 	1.381739 	0.045577409 	 161289.14 	0.36560635 	-0.017576332 	 1.4494244e-08 	-0.0014744708 	0.029616838 	 2.9233426e-09 	-0.002007874 	-0.0032958937 	 0.019872411 	-659.67297 	-208.48044 	 -0.054891441 	-1.1117655e-05 	-4.7028096e-07 	 -0.82505373 	-1.0315297e-05 	1.4302924e-07 		0.0275 -1.19203e-07 -2.3119836e-07 100000 1
0.02875 60092.144 	1.3611723 	0.045004535 	 160166.79 	0.31296669 	0.0095562933 	 1.4249078e-08 	-0.0014749064 	0.029656847 	 2.9187657e-09 	-0.001948831 	-0.0032725535 	 0.019712106 	-628.99866 	-200.78497 	 -0.03814741 	-1.0921541e-05 	-4.629749e-07 	 -0.7415643 	-9.7272471e-06 	-1.2453506e-07 		0.02875 -1.3271011e-07 -2.4340083e-07 100000 1
0.03 57837.938 	1.3118874 	0.045978417 	 159422.06 	0.35663879 	-0.010269334 	 1.3772635e-08 	-0.0011938895 	0.029697829 	 2.760422e-09 	-0.0018902989 	-0.0032528691 	 0.018917371 	-599.54223 	-185.60249 	 -0.022359368 	-1.0440782e-05 	-4.7128984e-07 	 -0.66192738 	-1.009925e-05 	7.7338812e-08 		0.03 -1.4583874e-07 -2.5557063e-07 100000 1
0.03125 55712.213 	1.2802907 	0.047558412 	 159081.84 	0.25710357 	0.023520015 	 1.3429949e-08 	-0.0010284589 	0.029746464 	 2.6811099e-09 	-0.0018445331 	-0.0032298769 	 0.018672762 	-571.71419 	-175.76291 	 -0.0074770999 	-1.0137117e-05 	-4.8559741e-07 	 -0.58606732 	-9.0365813e-06 	-2.5703255e-07 		0.03125 -1.5868446e-07 -2.6756611e-07 100000 1
0.0325 53713.98 	1.2522799 	0.046981926 	 159179.16 	0.33558301 	-0.0030187017 	 1.327063e-08 	-0.0010907262 	0.029797602 	 2.7148403e-09 	-0.0018166025 	-0.0031968391 	 0.018144073 	-545.84158 	-174.22596 	 0.0064674127 	-9.8732838e-06 	-4.7852625e-07 	 -0.51432614 	-9.7452984e-06 	1.1778061e-08 		0.0325 -1.7111275e-07 -2.7927828e-07 100000 1
0.03375 51852.809 	1.2383353 	0.045228153 	 159722.62 	0.29107593 	0.011502689 	 1.3145538e-08 	-0.0012564998 	0.029856932 	 2.7696358e-09 	-0.0017998387 	-0.0031604414 	 0.018062177 	-521.68798 	-176.57827 	 0.01950723 	-9.7505613e-06 	-4.5966119e-07 	 -0.44675512 	-9.2253881e-06 	-1.3014526e-07 		0.03375 -1.8319913e-07 -2.9106326e-07 100000 1
0.035 50160.653 	1.1967979 	0.047239931 	 160703.54 	0.30135645 	0.0018271412 	 1.2902686e-08 	-0.0011405982 	0.029915046 	 2.7616044e-09 	-0.0017796915 	-0.0031290401 	 0.017456443 	-498.85717 	-171.81455 	 0.031688564 	-9.3526182e-06 	-4.7855693e-07 	 -0.38332075 	-9.2541245e-06 	-3.0302741e-08 		0.035 -1.9495136e-07 -3.021917e-07 100000 1
0.03625 48615.593 	1.1567792 	0.049973973 	 162150.94 	0.27740367 	-0.0033867682 	 1.2443343e-08 	-0.00090103252 	0.029979206 	 2.6152302e-09 	-0.0017608804 	-0.0031001616 	 0.016928327 	-477.38371 	-164.88373 	 0.043013229 	-8.9711014e-06 	-5.0474394e-07 	 -0.32423849 	-8.9387046e-06 	2.4773866e-08 		0.03625 -2.063038e-07 -3.1372409e-07 100000 1
0.0375 47193.251 	1.1189525 	0.050475205 	 164090.72 	0.26382828 	0.006313168 	 1.2213697e-08 	-0.00083387661 	0.030044617 	 2.6285034e-09 	-0.0017479257 	-0.0030690401 	 0.016431822 	-457.15557 	-163.30194 	 0.05351354 	-8.6121527e-06 	-5.0857397e-07 	 -0.26955884 	-8.7258827e-06 	-6.9414021e-08 		0.0375 -2.1730488e-07 -3.2436996e-07 100000 1
0.03875 45872.984 	1.0958979 	0.046805201 	 166559.68 	0.2791234 	-0.0060326252 	 1.18775e-08 	-0.00097827662 	0.03011683 	 2.5670935e-09 	-0.0017417216 	-0.0030343367 	 0.016094429 	-438.07762 	-167.67075 	 0.063175121 	-8.4038989e-06 	-4.7078682e-07 	 -0.21960382 	-8.7968036e-06 	5.666429e-08 		0.03875 -2.278534e-07 -3.3557956e-07 100000 1
0.04 44668.001 	1.0697861 	0.043397251 	 169553.13 	0.24817994 	0.015257825 	 1.1688695e-08 	-0.0011411753 	0.030192468 	 2.6113225e-09 	-0.0017401162 	-0.0029976537 	 0.015812627 	-420.18824 	-173.12496 	 0.072071647 	-8.1651618e-06 	-4.3554824e-07 	 -0.17420283 	-8.4039275e-06 	-1.5374534e-07 		0.04 -2.3807679e-07 -3.4612236e-07 100000 1
0.04125 43582.852 	1.0272453 	0.045638852 	 173082.48 	0.27296011 	-0.00095966726 	 1.1235332e-08 	-0.00093450585 	0.03027315 	 2.4714796e-09 	-0.0017349408 	-0.0029640783 	 0.015163264 	-403.18274 	-170.64255 	 0.080193768 	-7.7634911e-06 	-4.5687665e-07 	 -0.13363584 	-8.5675034e-06 	1.0690779e-08 		0.04125 -2.4791879e-07 -3.5659597e-07 100000 1
0.0425 42603.849 	0.99071592 	0.046683062 	 177171.23 	0.20264418 	0.02815964 	 1.087329e-08 	-0.00076245916 	0.030359942 	 2.4043564e-09 	-0.0017358853 	-0.0029275343 	 0.014784966 	-387.38939 	-170.18261 	 0.087595947 	-7.4221218e-06 	-4.6615808e-07 	 -0.097840759 	-7.7796057e-06 	-2.7836827e-07 		0.0425 -2.5741195e-07 -3.6681931e-07 100000 1
0.04375 41706.845 	0.95560649 	0.047014613 	 181848.89 	0.25526725 	0.0056192767 	 1.060501e-08 	-0.00078022581 	0.030451923 	 2.3850452e-09 	-0.0017526002 	-0.0028775011 	 0.014205857 	-373.39063 	-175.76491 	 0.09427561 	-7.0977209e-06 	-4.6841554e-07 	 -0.067084923 	-8.2169065e-06 	-5.0985131e-08 		0.04375 -2.6647542e-07 -3.7681147e-07 100000 1
0.045 40907.24 	0.92841187 	0.043708014 	 187139.93 	0.21312159 	0.021892266 	 1.0434347e-08 	-0.00094107855 	0.030551574 	 2.4476804e-09 	-0.0017818155 	-0.0028189132 	 0.01391958 	-361.11896 	-186.04608 	 0.10025041 	-6.8531046e-06 	-4.3424916e-07 	 -0.04154134 	-7.7042456e-06 	-2.1187152e-07 		0.045 -2.7513647e-07 -3.8676116e-07 100000 1
0.04625 40218.051 	0.89284091 	0.044405661 	 193039.69 	0.22686267 	0.013190067 	 1.0201009e-08 	-0.00098022599 	0.030653691 	 2.4611994e-09 	-0.0018108547 	-0.0027581215 	 0.013402494 	-350.19762 	-194.52555 	 0.10556176 	-6.5255587e-06 	-4.4019347e-07 	 -0.021187324 	-7.7512924e-06 	-1.2315497e-07 		0.04625 -2.8342092e-07 -3.9621872e-07 100000 1
0.0475 39652.122 	0.85624943 	0.04817199 	 199566.75 	0.21020784 	0.011765757 	 9.7710294e-09 	-0.00080245048 	0.030762739 	 2.3547653e-09 	-0.0018350352 	-0.0027001213 	 0.012915304 	-340.47592 	-199.07958 	 0.11021855 	-6.1881428e-06 	-4.7686388e-07 	 -0.006219681 	-7.495249e-06 	-1.073621e-07 		0.0475 -2.9131597e-07 -4.0585425e-07 100000 1
0.04875 39167.287 	0.81855265 	0.05131705 	 206753.98 	0.20009266 	0.020503816 	 9.4783275e-09 	-0.00071225839 	0.030875318 	 2.3349802e-09 	-0.0018624986 	-0.0026362009 	 0.012410563 	-332.13566 	-206.5847 	 0.1142491 	-5.8399901e-06 	-5.0731153e-07 	 0.0032693009 	-7.3040875e-06 	-1.9330243e-07 		0.04875 -2.9884585e-07 -4.1479411e-07 100000 1
0.05 38743.326 	0.78659258 	0.050579525 	 214635.46 	0.20449615 	0.0089744027 	 9.1174259e-09 	-0.00079599712 	0.030998389 	 2.2690165e-09 	-0.0018941222 	-0.0025664578 	 0.011956355 	-325.08464 	-218.77495 	 0.1176565 	-5.5512809e-06 	-4.9902123e-07 	 0.0070239312 	-7.2551024e-06 	-7.6686739e-08 		0.05 -3.059184e-07 -4.241247e-07 100000 1
0.05125 38380.327 	0.75430502 	0.047510943 	 223235.42 	0.18295119 	0.026418466 	 8.9070622e-09 	-0.00094468293 	0.031126771 	 2.3000766e-09 	-0.0019292778 	-0.0024905228 	 0.01155661 	-319.37599 	-233.50009 	 0.12046732 	-5.2592923e-06 	-4.6737689e-07 	 0.0049453549 	-6.9462443e-06 	-2.4990985e-07 		0.05125 -3.12629e-07 -4.3285703e-07 100000 1
0.0525 38084.587 	0.71690684 	0.049863901 	 232557.36 	0.20114883 	0.012452545 	 8.5297524e-09 	-0.00089715658 	0.031264749 	 2.2090511e-09 	-0.0019620571 	-0.0024116606 	 0.010996237 	-314.97019 	-245.2697 	 0.1226924 	-4.9173051e-06 	-4.9002734e-07 	 -0.0030976467 	-7.0339706e-06 	-1.091645e-07 		0.0525 -3.1895226e-07 -4.4159236e-07 100000 1
0.05375 37855.207 	0.68288563 	0.052018943 	 242638.14 	0.15461223 	0.036043208 	 8.1910504e-09 	-0.00075588762 	0.031408959 	 2.1524314e-09 	-0.0019938081 	-0.0023291863 	 0.010599705 	-311.95179 	-256.27413 	 0.12435104 	-4.6088227e-06 	-5.1065537e-07 	 -0.017258006 	-6.4752483e-06 	-3.4408337e-07 		0.05375 -3.2493064e-07 -4.5004749e-07 100000 1
0.055 37650.59 	0.64376823 	0.054778518 	 253508.06 	0.19049368 	0.016514371 	 7.856708e-09 	-0.00073645831 	0.031562137 	 2.0811524e-09 	-0.0020381853 	-0.0022294929 	 0.0099840644 	-311.5811 	-272.29264 	 0.12544741 	-4.2511731e-06 	-5.3743787e-07 	 -0.037753277 	-6.7382971e-06 	-1.4789977e-07 		0.055 -3.3047693e-07 -4.5830251e-07 100000 1
0.05625 37480.74 	0.61256895 	0.051153817 	 265211.86 	0.14927482 	0.030521009 	 7.631931e-09 	-0.000853214 	0.031722409 	 2.1104139e-09 	-0.0020950566 	-0.0021135871 	 0.0096103873 	-314.23053 	-293.82478 	 0.12597944 	-3.9730846e-06 	-5.0036618e-07 	 -0.064910696 	-6.2299975e-06 	-2.8712154e-07 		0.05625 -3.356035e-07 -4.6641309e-07 100000 1
0.0575 37344.451 	0.5751906 	0.049551577 	 277751.42 	0.1621094 	0.019159274 	 7.3792609e-09 	-0.00097676561 	0.031890247 	 2.1035537e-09 	-0.0021544361 	-0.0019848968 	 0.0090520924 	-319.83181 	-317.39368 	 0.12597027 	-3.6339793e-06 	-4.8359803e-07 	 -0.09872964 	-6.262092e-06 	-1.7272891e-07 		0.0575 -3.403293e-07 -4.741355e-07 100000 1
0.05875 37296.841 	0.53996508 	0.052754563 	 291147.89 	0.14598491 	0.02012635 	 6.9806429e-09 	-0.00086022955 	0.032066477 	 2.0186786e-09 	-0.0021977846 	-0.0018553285 	 0.0085650186 	-327.93275 	-335.98526 	 0.12541286 	-3.3159749e-06 	-5.149147e-07 	 -0.13949864 	-6.0063606e-06 	-1.8169949e-07 		0.05875 -3.4466211e-07 -4.8190174e-07 100000 1
0.06 37267.63 	0.50207604 	0.056121348 	 305436.03 	0.1387935 	0.02615927 	 6.6457882e-09 	-0.00077321825 	0.032249947 	 1.9599477e-09 	-0.0022392841 	-0.0017126232 	 0.0080283013 	-339.41534 	-356.42614 	 0.12432501 	-2.971381e-06 	-5.4788523e-07 	 -0.18728667 	-5.8408389e-06 	-2.4136929e-07 		0.06 -3.4861847e-07 -4.8906026e-07 100000 1
0.06125 37233.398 	0.46753147 	0.05590077 	 320658.47 	0.13553984 	0.01674856 	 6.285071e-09 	-0.00081220341 	0.032448649 	 1.8948664e-09 	-0.0022801025 	-0.001559807 	 0.0075209299 	-354.08156 	-380.75817 	 0.12269998 	-2.6612444e-06 	-5.4508382e-07 	 -0.24238272 	-5.7137303e-06 	-1.4662561e-07 		0.06125 -3.5210104e-07 -4.964896e-07 100000 1
0.0625 37171.588 	0.43166825 	0.052077073 	 336856.42 	0.11626057 	0.030270281 	 6.0599001e-09 	-0.00092444337 	0.032657946 	 1.9005255e-09 	-0.0023211091 	-0.0013943062 	 0.0070249738 	-372.30188 	-408.14992 	 0.12053877 	-2.3378045e-06 	-5.0624325e-07 	 -0.30500095 	-5.4268059e-06 	-2.8130498e-07 		0.0625 -3.5519893e-07 -5.0331597e-07 100000 1
0.06375 37094.145 	0.3950937 	0.05135647 	 354025.66 	0.12558689 	0.017396231 	 5.7462105e-09 	-0.00096717617 	0.032882311 	 1.8456784e-09 	-0.002355371 	-0.0012159252 	 0.0064620382 	-394.85266 	-434.87644 	 0.11785012 	-2.0077821e-06 	-4.9853272e-07 	 -0.37513776 	-5.4260706e-06 	-1.5202149e-07 		0.06375 -3.5789175e-07 -5.1015798e-07 100000 1
0.065 37006.919 	0.36044696 	0.05335999 	 372211.32 	0.09107822 	0.037962865 	 5.4496816e-09 	-0.00089424035 	0.033115395 	 1.8037797e-09 	-0.0023748581 	-0.0010254945 	 0.0059898113 	-422.07695 	-458.54251 	 0.11462677 	-1.6963716e-06 	-5.1804382e-07 	 -0.45305557 	-4.9879756e-06 	-3.5720489e-07 		0.065 -3.6024282e-07 -5.1668646e-07 100000 1
0.06625 36857.276 	0.32220619 	0.055288389 	 391435.35 	0.11438694 	0.020382287 	 5.1216735e-09 	-0.00087265434 	0.03336359 	 1.7245735e-09 	-0.0023922092 	-0.00081126533 	 0.0053768599 	-456.1539 	-484.30844 	 0.1108689 	-1.349675e-06 	-5.3692821e-07 	 -0.53884947 	-5.1280884e-06 	-1.8093414e-07 		0.06625 -3.6216604e-07 -5.2300482e-07 100000 1
0.0675 36626.906 	0.28797035 	0.052537784 	 411747.53 	0.074622202 	0.039421403 	 4.8871087e-09 	-0.00092833544 	0.033620112 	 1.7296251e-09 	-0.0024063133 	-0.00056895701 	 0.0048905758 	-498.65238 	-512.41236 	 0.10656221 	-1.0429224e-06 	-5.0902999e-07 	 -0.63281416 	-4.6386059e-06 	-3.7088222e-07 		0.0675 -3.6366883e-07 -5.2914546e-07 100000 1
0.06875 36315.271 	0.25053866 	0.049028297 	 433157.47 	0.087388201 	0.025495204 	 4.6271261e-09 	-0.00099853347 	0.033890476 	 1.6922782e-09 	-0.0024050525 	-0.00029874674 	 0.0042864353 	-550.82108 	-538.98394 	 0.10170669 	-7.0439639e-07 	-4.7366228e-07 	 -0.73499623 	-4.6746848e-06 	-2.3118904e-07 		0.06875 -3.6474286e-07 -5.3490692e-07 100000 1
0.07 35956.163 	0.21427747 	0.048524688 	 455675.42 	0.06978571 	0.024108262 	 4.3425925e-09 	-0.00099719934 	0.034172737 	 1.6564978e-09 	-0.0023628082 	-6.9998738e-06 	 0.0037123535 	-612.94012 	-556.24016 	 0.096297194 	-3.7701405e-07 	-4.6839963e-07 	 -0.84548572 	-4.4092285e-06 	-2.1689884e-07 		0.07 -3.6542239e-07 -5.4067445e-07 100000 1
0.07125 35502.938 	0.17560487 	0.049207192 	 479330.4 	0.055995047 	0.021988942 	 4.0808035e-09 	-0.00098292511 	0.034468215 	 1.6145612e-09 	-0.0022759459 	0.00031635755 	 0.0030843979 	-687.79865 	-562.88078 	 0.090334236 	-2.5035993e-08 	-4.7504044e-07 	 -0.96436846 	-4.1837867e-06 	-1.952208e-07 		0.07125 -3.6570119e-07 -5.4587999e-07 100000 1
0.0725 34892.963 	0.13246515 	0.042554926 	 504164.56 	0.056613119 	0.01357049 	 3.8520023e-09 	-0.0010206271 	0.034791522 	 1.5984666e-09 	-0.0021486044 	0.00067537608 	 0.0023593329 	-777.45905 	-559.3889 	 0.083815111 	3.7140777e-07 	-4.0844322e-07 	 -1.0918105 	-4.1031866e-06 	-1.1053445e-07 		0.0725 -3.6548465e-07 -5.512093e-07 100000 1
0.07375 34068.301 	0.080831459 	0.027524739 	 530245.57 	0.023698087 	0.0060460316 	 3.794667e-09 	-0.0010461261 	0.035137084 	 1.66024e-09 	-0.0019725764 	0.0010767611 	 0.0014523795 	-884.37462 	-540.58912 	 0.076737323 	8.5307554e-07 	-2.5809308e-07 	 -1.228164 	-3.6883701e-06 	-3.4774572e-08 		0.07375 -3.6471627e-07 -5.560527e-07 100000 1
0.075 32764.472 	0.024614165 	0.018555495 	 553339.64 	0.01123985 	0.00194849 	 3.673345e-09 	-0.0010719273 	0.035369443 	 1.659675e-09 	-0.0017852354 	0.0014140481 	 0.000455555 	-970.63635 	-511.5192 	 0.071338165 	1.379595e-06 	-1.684425e-07 	 -1.3312482 	-3.47865e-06 	6.7175e-09 		0.075 -3.6320573e-07 -5.6048987e-07 100000 1
