# y jRe_x jRe_y jRe_z jIm_x jIm_y jIm_z BRe_x BRe_y BRe_z BIm_x BIm_y BIm_z F_x F_y F_z VReGrad_x VReGrad_y VReGrad_z VImGrad_x VImGrad_y VImGrad_z s VRe VIm sigma mur
-0.075 -49322115 	-7091.9598 	5976.2807 	 -72914882 	28004.656 	3656.4881 	 -2.1088164e-06 	0.044620664 	0.054183114 	 -5.8202288e-06 	0.0032900484 	-0.00086609877 	 -343.48157 	1304634.7 	-1220336.4 	 -9.0894558 	-0.000593215 	0.0002685267 	 67.904095 	0.00712918 	-0.011056271 		-0.075 -0.00021476179 -0.0019782067 1200000 1
-0.07375 -42475854 	4.58628 	-3.587195 	 -23238088 	-0.82715 	-4.3071 	 -1.195261e-08 	0.030967815 	0.034955309 	 2e-10 	-0.0047216139 	-0.0097906666 	 0.05827625 	766514.1 	-705811.84 	 -9.2880329 	0.00120659 	0.0001032778 	 63.994522 	0.0013824 	2.6395e-05 		-0.07375 -9.4301268e-05 -8.8344978e-05 1200000 1
-0.0725 -27944541 	10.87945 	-4.14123 	 -7038271.7 	3.14805 	-5.63345 	 -3.75236e-09 	0.025804257 	0.009100044 	 1.89065e-09 	-0.0077308265 	-0.013469499 	 0.0518525 	107077.45 	-406300.29 	 -9.6903676 	0.001206297 	0.00010599119 	 56.897609 	0.001374105 	2.74615e-05 		-0.0725 -9.279162e-05 -8.6617137e-05 1200000 1
-0.07125 -18279860 	10.2722 	-2.519918 	 -4046094.3 	11.24468 	-2.218405 	 -7.3456e-10 	0.020311673 	0.00060650149 	 3.2973e-09 	-0.0082835898 	-0.0079937971 	 -0.0276785 	-6748.7126 	-215520.1 	 -10.078527 	0.001205304 	0.00010847973 	 50.115654 	0.00136131 	2.20643e-05 		-0.07125 -9.1284884e-05 -8.4909982e-05 1200000 1
-0.07 -13507578 	7.98825 	-0.210178 	 -4101835.9 	8.41098 	4.055045 	 -2.41711e-09 	0.016483923 	-0.00074715882 	 -2.5088e-09 	-0.0074145723 	-0.0038640243 	 -0.0053121 	-13265.481 	-126767.24 	 -10.456081 	0.0012066055 	0.00011006683 	 43.651398 	0.001359405 	1.43233e-05 		-0.07 -8.9777608e-05 -8.3214254e-05 1200000 1
-0.06875 -11269098 	10.12975 	-2.107105 	 -4268044.6 	-3.71106 	-0.262795 	 -2.81211e-09 	0.013880803 	-0.00048545835 	 -1.072255e-08 	-0.0061651723 	-0.0019847761 	 0.0182867 	-8186.9843 	-86145.585 	 -10.825303 	0.0012074115 	0.0001115414 	 37.497972 	0.00136223 	1.822769e-05 		-0.06875 -8.8267972e-05 -8.1511423e-05 1200000 1
-0.0675 -9901338.7 	15.74595 	-4.67421 	 -4115305.8 	-5.36876 	-8.664695 	 3.2999e-10 	0.012100816 	-5.6458446e-05 	 -9.4379e-09 	-0.0052624412 	-0.0013805082 	 0.0081156 	-3938.8996 	-64905.805 	 -11.187608 	0.0012055085 	0.00011253449 	 31.649546 	0.00135348 	2.596969e-05 		-0.0675 -8.6759099e-05 -7.9808409e-05 1200000 1
-0.06625 -8862386.7 	15.8566 	-2.52989 	 -3786769.3 	2.8532 	-4.19516 	 1.86401e-09 	0.010776854 	9.3161909e-05 	 -4.84415e-09 	-0.0045489257 	-0.0011320814 	 0.000511051 	-2356.8674 	-51431.723 	 -11.543677 	0.0012036995 	0.00011326819 	 26.10194 	0.00133942 	2.01726e-05 		-0.06625 -8.5253986e-05 -7.8128019e-05 1200000 1
-0.065 -7971046.2 	11.9274 	0.280085 	 -3446680.4 	-0.8205 	4.44539 	 -8.7629e-10 	0.0096843216 	0.00015465206 	 -1.00327e-08 	-0.0040220606 	-0.0010211188 	 0.010432331 	-1537.1086 	-41519.952 	 -11.89401 	0.0012046935 	0.00011418184 	 20.849768 	0.001338125 	1.077695e-05 		-0.065 -8.374928e-05 -7.6460537e-05 1200000 1
-0.06375 -7196013.1 	12.9902 	-1.677045 	 -3137131.6 	-13.2217 	-0.054685 	 -2.31013e-09 	0.0087631839 	0.00013192121 	 -1.83189e-08 	-0.0035879273 	-0.00091008279 	 0.0168338 	-1282.756 	-33903.17 	 -12.239011 	0.001205998 	0.0001152484 	 15.887806 	0.001341255 	1.56967e-05 		-0.06375 -8.2241953e-05 -7.4782867e-05 1200000 1
-0.0625 -6519654.7 	18.59955 	-4.7428 	 -2871312.9 	-11.9918 	-9.622885 	 1.05497e-09 	0.0079615545 	0.00013509061 	 -1.59256e-08 	-0.0032303635 	-0.00082991744 	 0.00924099 	-984.16285 	-27900.366 	 -12.579092 	0.0012050105 	0.00011622785 	 11.209616 	0.0013299 	2.53021e-05 		-0.0625 -8.0734364e-05 -7.3106946e-05 1200000 1
-0.06125 -5930326.3 	19.7543 	-2.730885 	 -2638411.8 	-2.5968 	-4.605975 	 3.43615e-09 	0.0072620466 	0.00011063436 	 -9.9606e-09 	-0.0029154879 	-0.00074836338 	 0.00392951 	-873.93857 	-23139.917 	 -12.914693 	0.0012038005 	0.00011724236 	 6.8085902 	0.001313905 	1.924975e-05 		-0.06125 -7.9229229e-05 -7.1457979e-05 1200000 1
-0.06 -5411261.7 	16.9619 	0.300475 	 -2434039.1 	-8.4951 	5.265225 	 9.1415e-10 	0.006643473 	0.00011558062 	 -1.490335e-08 	-0.0026445296 	-0.00069358615 	 0.0109829 	-693.2725 	-19311.69 	 -13.246314 	0.001204776 	0.00011848032 	 2.6770326 	0.001313365 	8.84375e-06 		-0.06 -7.7724219e-05 -6.9822596e-05 1200000 1
-0.05875 -4952277.4 	17.9314 	-1.827395 	 -2250559.7 	-22.6867 	0.041265 	 -8.522e-10 	0.0060952486 	9.8672076e-05 	 -2.351905e-08 	-0.0024003894 	-0.00063822002 	 0.0156848 	-627.64996 	-16212.221 	 -13.57451 	0.0012059455 	0.00011961447 	 -1.1928734 	0.00131806 	1.47092e-05 		-0.05875 -7.6216942e-05 -6.8174679e-05 1200000 1
-0.0575 -4541705 	21.8745 	-5.101735 	 -2086579.4 	-19.9939 	-10.501865 	 2.2906e-09 	0.0056042663 	0.00010361631 	 -2.0916e-08 	-0.0021862209 	-0.00060215626 	 0.0098843 	-513.34874 	-13670.479 	 -13.899878 	0.0012049445 	0.00012049412 	 -4.8097246 	0.001306875 	2.54719e-05 		-0.0575 -7.4709485e-05 -6.6527117e-05 1200000 1
-0.05625 -4173343.4 	22.1226 	-2.908705 	 -1937836.6 	-8.574 	-4.739 	 4.6723e-09 	0.0051637429 	9.0319279e-05 	 -1.46884e-08 	-0.0019908319 	-0.00056359055 	 0.00523431 	-473.69122 	-11575.071 	 -14.223052 	0.001203658 	0.00012134609 	 -8.1821571 	0.001290495 	1.897235e-05 		-0.05625 -7.3204402e-05 -6.4907493e-05 1200000 1
-0.055 -3839920.6 	20.0263 	0.49736 	 -1803747.4 	-15.1514 	5.99149 	 1.9155e-09 	0.0047651779 	9.4512431e-05 	 -1.98894e-08 	-0.001817018 	-0.00053865672 	 0.01030045 	-397.9462 	-9830.4848 	 -14.544707 	0.0012044565 	0.00012222078 	 -11.319421 	0.001290955 	7.95795e-06 		-0.055 -7.1699699e-05 -6.3301241e-05 1200000 1
-0.05375 -3537851 	21.2067 	-1.76074 	 -1681315.8 	-30.1967 	0.040975 	 -2.768e-10 	0.0044042993 	8.3726176e-05 	 -2.867065e-08 	-0.0016570108 	-0.00051036054 	 0.01441485 	-371.92262 	-8373.9707 	 -14.865555 	0.0012056665 	0.00012295095 	 -14.230641 	0.001296575 	1.477414e-05 		-0.05375 -7.0192983e-05 -6.168007e-05 1200000 1
-0.0525 -3262193.2 	24.5188 	-5.2058115 	 -1570314.8 	-25.6069 	-11.12396 	 2.889e-09 	0.0040752683 	8.7299016e-05 	 -2.57129e-08 	-0.0015130712 	-0.00049243797 	 0.00999333 	-319.50988 	-7148.131 	 -15.186313 	0.001205052 	0.00012351352 	 -16.925276 	0.0012843 	2.629744e-05 		-0.0525 -6.8685793e-05 -6.0059398e-05 1200000 1
-0.05125 -3010422.3 	24.8251 	-2.6800265 	 -1468560.1 	-12.1279 	-4.700705 	 5.5988e-09 	0.0037751671 	7.8420432e-05 	 -1.90861e-08 	-0.0013794649 	-0.00047116417 	 0.0052857 	-301.52462 	-6114.4716 	 -15.507713 	0.0012042055 	0.00012418098 	 -19.412589 	0.001266725 	1.9013875e-05 		-0.05125 -6.7180265e-05 -5.84693e-05 1200000 1
-0.05 -2779042.5 	22.9602 	1.0342685 	 -1375831.2 	-18.8952 	6.83952 	 2.7578e-09 	0.0034998429 	8.1576063e-05 	 -2.439865e-08 	-0.0012581444 	-0.00045793994 	 0.00894998 	-263.85173 	-5237.1359 	 -15.830491 	0.001205297 	0.00012499141 	 -21.70207 	0.001267885 	7.014775e-06 		-0.05 -6.5674645e-05 -5.6893023e-05 1200000 1
-0.04875 -2566471.5 	23.1895 	-1.4177515 	 -1290454.8 	-33.9947 	0.325145 	 3.39e-11 	0.0032473302 	7.4207156e-05 	 -3.34448e-08 	-0.0011448452 	-0.00044140936 	 0.01288158 	-250.57459 	-4492.2273 	 -16.155395 	0.001206699 	0.00012566955 	 -23.802878 	0.0012745185 	1.4171315e-05 		-0.04875 -6.4166853e-05 -5.5299603e-05 1200000 1
-0.0475 -2370059.4 	25.684 	-5.058315 	 -1212423.9 	-28.0102 	-11.38486 	 2.9487e-09 	0.0030144898 	7.6939429e-05 	 -3.036035e-08 	-0.0010411081 	-0.00043149663 	 0.00958732 	-222.9297 	-3855.9728 	 -16.483148 	0.001206214 	0.00012613323 	 -25.72419 	0.0012620795 	2.5997618e-05 		-0.0475 -6.2658314e-05 -5.3706153e-05 1200000 1
-0.04625 -2188484.4 	26.5855 	-2.28666 	 -1140457.9 	-14.781 	-4.18654 	 5.7915e-09 	0.0027998289 	7.0720516e-05 	 -2.359035e-08 	-0.00094355768 	-0.00041858665 	 0.00534903 	-212.98383 	-3312.3351 	 -16.814465 	0.0012054455 	0.00012664437 	 -27.474847 	0.001245119 	1.7821453e-05 		-0.04625 -6.1151096e-05 -5.2144311e-05 1200000 1
-0.045 -2019770.7 	25.3466 	1.604937 	 -1074472 	-24.0562 	7.784205 	 2.819e-09 	0.0026009928 	7.3147436e-05 	 -2.91533e-08 	-0.00085353983 	-0.00041103755 	 0.00838366 	-192.19308 	-2845.5495 	 -17.150038 	0.0012066675 	0.00012722254 	 -29.063668 	0.0012484565 	5.374435e-06 		-0.045 -5.96439e-05 -5.0593897e-05 1200000 1
-0.04375 -1863119 	25.1228 	-1.081318 	 -1013453.4 	-40.3928 	0.66408 	 -3.441e-10 	0.0024169378 	6.7862284e-05 	 -3.8389e-08 	-0.00076844263 	-0.00040062232 	 0.01264528 	-184.3681 	-2445.2067 	 -17.490553 	0.001208293 	0.00012765869 	 -30.499041 	0.001256333 	1.3262035e-05 		-0.04375 -5.8134244e-05 -4.902331e-05 1200000 1
-0.0425 -1716926 	27.2597 	-5.0658065 	 -957467.44 	-33.6078 	-11.742205 	 2.5675e-09 	0.0022457806 	6.9960059e-05 	 -3.506635e-08 	-0.00068931199 	-0.0003948549 	 0.01039726 	-168.6035 	-2100.2143 	 -17.836646 	0.001207976 	0.00012792859 	 -31.789186 	0.001243447 	2.599637e-05 		-0.0425 -5.6623587e-05 -4.7452633e-05 1200000 1
-0.04125 -1580389.7 	28.7402 	-2.2437565 	 -905705.11 	-19.5215 	-4.16947 	 5.9048e-09 	0.0020866371 	6.5400435e-05 	 -2.78932e-08 	-0.00061397467 	-0.00038653479 	 0.00602584 	-162.51761 	-1803.1372 	 -18.18893 	0.0012073235 	0.00012829514 	 -32.941937 	0.0012258615 	1.760447e-05 		-0.04125 -5.5114282e-05 -4.5914736e-05 1200000 1
-0.04 -1452288.6 	27.8617 	1.87249 	 -858121.18 	-28.8387 	8.4882055 	 3.0952e-09 	0.0019380756 	6.7265458e-05 	 -3.342865e-08 	-0.0005433715 	-0.00038209289 	 0.008160742 	-150.37344 	-1546.3874 	 -18.547965 	0.001208756 	0.00012878007 	 -33.964968 	0.0012293955 	4.5512e-06 		-0.04 -5.3604532e-05 -4.4388679e-05 1200000 1
-0.03875 -1332188.4 	27.0525 	-0.97916 	 -814071.18 	-45.4186 	0.8247505 	 -2.993e-10 	0.0017994639 	6.3302122e-05 	 -4.280195e-08 	-0.00047578497 	-0.00037519394 	 0.012658262 	-145.46378 	-1325.0527 	 -18.914299 	0.0012105965 	0.00012915417 	 -34.865498 	0.0012377755 	1.30118e-05 		-0.03875 -5.2092146e-05 -4.284133e-05 1200000 1
-0.0375 -1219036 	28.8966 	-5.197938 	 -773647.23 	-38.0595 	-12.3474 	 2.6883e-09 	0.0016696163 	6.4894785e-05 	 -3.92582e-08 	-0.00041193328 	-0.00037182434 	 0.01121323 	-136.14685 	-1133.5612 	 -19.288394 	0.001210321 	0.00012937788 	 -35.65047 	0.0012247405 	2.648075e-05 		-0.0375 -5.0578615e-05 -4.1293543e-05 1200000 1
-0.03625 -1112284.3 	31.1387 	-2.187893 	 -736319.58 	-23.2287 	-4.201675 	 6.3759e-09 	0.0015479242 	6.1392079e-05 	 -3.18063e-08 	-0.00035032448 	-0.00036625963 	 0.006524184 	-132.33665 	-968.22663 	 -19.670677 	0.00120964 	0.00012967543 	 -36.32646 	0.001206815 	1.746995e-05 		-0.03625 -4.9066505e-05 -3.9779308e-05 1200000 1
-0.035 -1011130.2 	30.6955 	2.2086487 	 -702053.54 	-33.1038 	9.2142465 	 3.5015e-09 	0.0014335062 	6.2790791e-05 	 -3.74624e-08 	-0.00029163018 	-0.00036371543 	 0.007983814 	-125.15161 	-825.1849 	 -20.061491 	0.0012111475 	0.00013004646 	 -36.899796 	0.0012111185 	3.6113e-06 		-0.035 -4.7554002e-05 -3.8276915e-05 1200000 1
-0.03375 -915329.39 	29.0796 	-0.7879263 	 -670442.47 	-50.4328 	0.9479265 	 -2.782e-10 	0.0013259168 	5.9657205e-05 	 -4.70264e-08 	-0.00023465669 	-0.00035901255 	 0.012947672 	-122.12537 	-702.01084 	 -20.461143 	0.001213107 	0.00013030451 	 -37.376378 	0.001220564 	1.267275e-05 		-0.03375 -4.6038395e-05 -3.6751605e-05 1200000 1
-0.0325 -824145.89 	30.3438 	-5.2295219 	 -641588.97 	-41.7828 	-12.80959 	 2.7906e-09 	0.001224411 	6.0810715e-05 	 -4.32491e-08 	-0.00017990488 	-0.00035719357 	 0.012124692 	-116.70623 	-595.77768 	 -20.869815 	0.0012128755 	0.000130456 	 -37.761764 	0.001206853 	2.6722e-05 		-0.0325 -4.452164e-05 -3.5225209e-05 1200000 1
-0.03125 -737168.9 	33.2977 	-2.0273418 	 -615139.22 	-25.9754 	-4.268755 	 6.8862e-09 	0.0011284971 	5.7957303e-05 	 -3.554625e-08 	-0.0001262902 	-0.00035341792 	 0.006971547 	-114.48727 	-504.59907 	 -21.287633 	0.001212175 	0.0001307178 	 -38.061183 	0.001188146 	1.711665e-05 		-0.03125 -4.3006325e-05 -3.3734402e-05 1200000 1
-0.03 -653851.9 	33.6337 	2.550002 	 -591060.32 	-37.1465 	9.47318 	 3.9869e-09 	0.0010376675 	5.8931421e-05 	 -4.151005e-08 	-7.43055e-05 	-0.0003521723 	 0.007884237 	-110.46169 	-426.44953 	 -21.714582 	0.001213651 	0.00013108385 	 -38.279571 	0.0011932427 	2.72995e-06 		-0.03 -4.1490711e-05 -3.2255287e-05 1200000 1
-0.02875 -574056.83 	31.9301 	-0.688478 	 -569106.47 	-55.4718 	0.72666 	 -1.073e-10 	0.0009515446 	5.6284925e-05 	 -5.13763e-08 	-2.3070192e-05 	-0.00034895096 	 0.013458833 	-108.8446 	-360.12305 	 -22.150584 	0.00121551 	0.00013136695 	 -38.421463 	0.0012033641 	1.21408e-05 		-0.02875 -3.9972115e-05 -3.0751536e-05 1200000 1
-0.0275 -497245.82 	33.3174 	-5.3489385 	 -549374.71 	-47.291 	-13.364825 	 2.9233e-09 	0.00086970345 	5.7022735e-05 	 -4.751065e-08 	2.7053684e-05 	-0.0003482611 	 0.013632503 	-106.04075 	-304.06003 	 -22.59537 	0.001215048 	0.0001315007 	 -38.491014 	0.0011899797 	2.639775e-05 		-0.0275 -3.8452476e-05 -2.9246498e-05 1200000 1
-0.02625 -423085.99 	37.3172 	-2.0856035 	 -531630.15 	-33.171 	-4.743065 	 7.2661e-09 	0.00079167627 	5.4517455e-05 	 -3.980695e-08 	7.6913822e-05 	-0.00034574146 	 0.008502207 	-105.0842 	-257.3144 	 -23.048579 	0.0012141015 	0.00013169025 	 -38.492102 	0.0011723917 	1.658235e-05 		-0.02625 -3.6934466e-05 -2.7776407e-05 1200000 1
-0.025 -351199.95 	38.5698 	2.6024005 	 -515838.74 	-46.3021 	9.10704 	 4.3328e-09 	0.00071724873 	5.5063384e-05 	 -4.60338e-08 	0.00012612561 	-0.00034550848 	 0.008939817 	-103.29558 	-218.82218 	 -23.509628 	0.0012154795 	0.0001319758 	 -38.42826 	0.0011788701 	1.9917e-06 		-0.025 -3.5416253e-05 -2.6316006e-05 1200000 1
-0.02375 -281504 	36.4739 	-0.7583445 	 -501864.85 	-64.8965 	0.073535 	 -3.09e-10 	0.00064602372 	5.2627988e-05 	 -5.60548e-08 	0.00017540443 	-0.00034338746 	 0.014961442 	-102.85264 	-188.02416 	 -23.977837 	0.001217329 	0.00013216825 	 -38.302681 	0.0011895414 	1.16316e-05 		-0.02375 -3.3895421e-05 -2.4829457e-05 1200000 1
-0.0225 -213587.6 	36.9834 	-5.527565 	 -489803.43 	-56.753 	-13.707595 	 2.3145e-09 	0.00057785625 	5.2899824e-05 	 -5.21624e-08 	0.00022445838 	-0.00034365737 	 0.016075972 	-102.00681 	-164.1106 	 -24.452234 	0.0012168495 	0.00013229895 	 -38.118129 	0.0011767072 	2.574925e-05 		-0.0225 -3.2373684e-05 -2.334171e-05 1200000 1
-0.02125 -147158.96 	41.326 	-2.340625 	 -479526.9 	-43.2434 	-5.151315 	 6.822e-09 	0.00051221945 	5.0444303e-05 	 -4.444815e-08 	0.00027404738 	-0.00034214054 	 0.01079224 	-102.15648 	-146.69084 	 -24.931727 	0.001215926 	0.00013262485 	 -37.877176 	0.001159619 	1.620495e-05 		-0.02125 -3.0853514e-05 -2.18876e-05 1200000 1
-0.02 -81938.646 	43.0451 	2.206365 	 -471013.08 	-56.1015 	8.33709 	 4.2275e-09 	0.0004491796 	5.0440509e-05 	 -5.048685e-08 	0.00032382515 	-0.00034287302 	 0.010333912 	-102.15033 	-135.22631 	 -25.414889 	0.0012173585 	0.00013318695 	 -37.582007 	0.0011656675 	2.06725e-06 		-0.02 -2.9333177e-05 -2.0443186e-05 1200000 1
-0.01875 -17848.942 	40.4588 	-1.09897 	 -464224.49 	-73.7393 	-0.41429 	 -4.463e-10 	0.00038821311 	4.7867869e-05 	 -6.012065e-08 	0.00037450655 	-0.00034173514 	 0.016476982 	-102.78697 	-129.57187 	 -25.900188 	0.001219188 	0.00013370885 	 -37.234581 	0.0011756625 	1.13621e-05 		-0.01875 -2.7809744e-05 -1.89736e-05 1200000 1
-0.0175 45462.322 	41.1679 	-5.5373 	 -459277.1 	-65.9016 	-12.898265 	 1.8594e-09 	0.00032949198 	4.7432902e-05 	 -5.630695e-08 	0.00042580296 	-0.00034304589 	 0.01839218 	-103.60424 	-129.36686 	 -26.385682 	0.001218631 	0.000134287 	 -36.836406 	0.001163076 	2.42093e-05 		-0.0175 -2.6285528e-05 -1.7503872e-05 1200000 1
-0.01625 108304.75 	46.3609 	-2.522395 	 -456194.31 	-53.6837 	-4.732665 	 6.249e-09 	0.0002722824 	4.4551612e-05 	 -4.89798e-08 	0.00047861082 	-0.00034255643 	 0.01313771 	-104.822 	-134.67607 	 -26.86935 	0.0012176525 	0.00013513355 	 -36.388965 	0.001146856 	1.520655e-05 		-0.01625 -2.4763356e-05 -1.6066138e-05 1200000 1
-0.015 170966.98 	46.9054 	1.512035 	 -455010.07 	-65.5526 	7.399945 	 3.8715e-09 	0.00021702086 	4.356445e-05 	 -5.46354e-08 	0.00053255665 	-0.00034451775 	 0.01178218 	-106.44834 	-145.30545 	 -27.348729 	0.0012190335 	0.00013629635 	 -35.893347 	0.001152537 	2.5821e-06 		-0.015 -2.3240782e-05 -1.4637182e-05 1200000 1
-0.01375 233633.17 	42.1088 	-1.69822 	 -455867.53 	-81.4416 	-0.84017 	 -8.881e-10 	0.00016282561 	4.0147075e-05 	 -6.37981e-08 	0.00058870058 	-0.00034459861 	 0.01789607 	-108.19245 	-161.59992 	 -27.821393 	0.001220686 	0.0001375522 	 -35.35069 	0.001161888 	1.1468e-05 		-0.01375 -2.1715206e-05 -1.3184694e-05 1200000 1
-0.0125 296784.07 	43.5696 	-5.90469 	 -458993.37 	-74.5294 	-12.19178 	 1.0486e-09 	0.00011039126 	3.8256499e-05 	 -6.038415e-08 	0.00064671465 	-0.00034751999 	 0.02079133 	-110.6799 	-183.60516 	 -28.284437 	0.001219819 	0.0001390053 	 -34.761699 	0.0011497585 	2.338005e-05 		-0.0125 -2.0189369e-05 -1.1731866e-05 1200000 1
-0.01125 360973.46 	51.1606 	-3.33965 	 -464712.98 	-63.389 	-5.450285 	 5.7528e-09 	5.8439316e-05 	3.3907845e-05 	 -5.33035e-08 	0.0007082615 	-0.00034857871 	 0.01578151 	-113.06864 	-212.20185 	 -28.735219 	0.001218699 	0.0001407445 	 -34.127461 	0.0011331765 	1.5978e-05 		-0.01125 -1.8665571e-05 -1.0310088e-05 1200000 1
-0.01 426772.45 	51.3304 	0.360395 	 -473209.7 	-73.8848 	5.37885 	 4.1876e-09 	8.3394605e-06 	3.0718062e-05 	 -5.848335e-08 	0.00077302184 	-0.00035243612 	 0.01335819 	-116.40532 	-247.71791 	 -29.170667 	0.0012204675 	0.0001431232 	 -33.448693 	0.00113703 	4.539e-06 		-0.01 -1.7141481e-05 -8.8992662e-06 1200000 1
-0.00875 494373.41 	46.0085 	-2.189825 	 -485149.11 	-85.7915 	-1.253935 	 -1.211e-10 	-4.1611526e-05 	2.4227075e-05 	 -6.658505e-08 	0.00084419626 	-0.00035331382 	 0.01863928 	-118.88767 	-292.09412 	 -29.588462 	0.001222998 	0.0001460331 	 -32.726836 	0.0011422495 	1.1271e-05 		-0.00875 -1.5613607e-05 -7.4677538e-06 1200000 1
-0.0075 563787.11 	50.2001 	-5.313035 	 -502020.65 	-80.608 	-8.46705 	 1.2087e-09 	-8.8537492e-05 	1.4565065e-05 	 -6.367155e-08 	0.00092285968 	-0.00035611884 	 0.02124715 	-121.43012 	-347.27735 	 -29.985989 	0.0012235015 	0.0001500218 	 -31.962913 	0.00112965 	1.88615e-05 		-0.0075 -1.4083771e-05 -6.0432441e-06 1200000 1
-0.00625 634141.52 	60.3959 	-3.71238 	 -530379.42 	-77.9487 	-5.01176 	 5.3035e-09 	-0.00013814918 	-9.5122427e-06 	 -5.68558e-08 	0.0010181322 	-0.0003563274 	 0.01818481 	-120.27931 	-422.32956 	 -30.362368 	0.0012243175 	0.00015500165 	 -31.159369 	0.001118689 	1.476e-05 		-0.00625 -1.2554011e-05 -4.6433684e-06 1200000 1
-0.005 709756.54 	57.9721 	-1.60789 	 -585507.13 	-79.4488 	1.48962 	 4.5547e-09 	-0.00018781512 	-6.3032174e-05 	 -5.817105e-08 	0.0011392541 	-0.00037960648 	 0.01368893 	-120.86047 	-536.52664 	 -30.71696 	0.0012287875 	0.0001620345 	 -30.318078 	0.0011158265 	7.7505e-06 		-0.005 -1.1021282e-05 -3.2467116e-06 1200000 1
-0.00375 823132.32 	50.0043 	-0.89735 	 -707292.89 	-80.0175 	2.362875 	 -1.08e-09 	-0.00027132258 	-0.00015716919 	 -6.2741e-08 	0.0012942466 	-0.00047463089 	 0.01595696 	-144.15393 	-747.66641 	 -31.053833 	0.0012350965 	0.000170335 	 -29.443408 	0.001113967 	7.9095e-06 		-0.00375 -9.48011e-06 -1.8536578e-06 1200000 1
-0.0025 1086975 	54.442 	-2.17235 	 -925088.45 	-75.2719 	-0.081425 	 -5.4485e-09 	-0.00041800582 	-0.00019907684 	 -6.371195e-08 	0.0014856138 	-0.0007939057 	 0.02725716 	-344.04207 	-1159.1421 	 -31.380307 	0.001241018 	0.0001802735 	 -28.538949 	0.0011061785 	1.4317e-05 		-0.0025 -7.9320553e-06 -4.6140344e-07 1200000 1
-0.00125 1819765.3 	46.4376 	-10.7023 	 -1120361.7 	-51.197343 	8.98841 	 -2.7332e-09 	-0.00064624048 	0.00027374699 	 -7.480345e-08 	0.0016421056 	-0.0015463476 	 0.032738 	-1392.3209 	-1843.7622 	 -31.71484 	0.0012552245 	0.0001954525 	 -27.615433 	0.0010856275 	1.4142e-05 		-0.00125 -6.3766309e-06 9.1261656e-07 1200000 1
5.2475385e-17 1339214.6 	8.2346 	-10.104445 	 -601919.67 	-35.948593 	9.27687 	 4.3595e-09 	-0.00087442639 	0.0010375667 	 -1.031756e-07 	0.0015932818 	-0.0022312693 	 0.033157345 	-1256.2712 	-1222.78 	 -31.762318 	0.0013462435 	0.000201642 	 -26.551872 	0.001243338 	9.311e-06 		5.2475385e-17 -4.7550319e-06 2.3662778e-06 650000 1
0.00125 332748.1 	-17.88965 	-1.81144 	 -9715.2842 	-36.7758 	0.62168 	 3.938e-09 	-0.0010049936 	0.0011953621 	 -1.276134e-07 	0.0014430486 	-0.0022762018 	 0.031439489 	-223.06901 	-193.9896 	 -31.210145 	0.0014377965 	0.000186185 	 -25.222386 	0.0013941835 	1.52655e-05 		0.00125 -3.0122659e-06 4.0209534e-06 100000 1
0.0025 360040.22 	-21.2333 	-1.106565 	 6290.0136 	-33.74815 	-0.549975 	 -9.89e-09 	-0.0010954659 	0.0010063584 	 -1.3867045e-07 	0.0013672456 	-0.0020378992 	 0.024831074 	-183.93019 	-210.39051 	 -30.37758 	0.001453763 	0.0001655895 	 -23.773161 	0.001355297 	2.5109e-05 		0.0025 -1.2015855e-06 5.7385278e-06 100000 1
0.00375 378219.04 	-22.97325 	-1.007155 	 15429.964 	-30.7994 	-0.877026 	 -2.43395e-08 	-0.0011478121 	0.00093530127 	 -1.446679e-07 	0.001313016 	-0.0018918422 	 0.019534598 	-169.96181 	-223.96074 	 -29.565934 	0.001461761 	0.000152795 	 -22.326526 	0.0013259115 	2.7228e-05 		0.00375 6.1957425e-07 7.4087575e-06 100000 1
0.005 389823.21 	-24.2641 	-0.944945 	 21441.351 	-28.7593 	-0.900558 	 -3.7351e-08 	-0.0011938291 	0.00091627225 	 -1.4690135e-07 	0.0012797181 	-0.0018002219 	 0.015923488 	-166.15671 	-236.03736 	 -28.757253 	0.001468778 	0.0001420157 	 -20.871193 	0.001307635 	2.6689e-05 		0.005 2.4501543e-06 9.0531181e-06 100000 1
0.00625 397135.74 	-25.5758 	-0.94122 	 26581.558 	-27.96625 	-1.4466345 	 -4.7911e-08 	-0.0012416508 	0.00092002687 	 -1.49395e-07 	0.0012586123 	-0.0017488487 	 0.014443835 	-165.72144 	-246.97893 	 -27.942016 	0.0014738435 	0.0001330141 	 -19.405173 	0.001290344 	3.16795e-05 		0.00625 4.2892892e-06 1.0677957e-05 100000 1
0.0075 401779.25 	-26.2761 	-0.979033 	 32122.857 	-27.23195 	-1.8446435 	 -5.3788e-08 	-0.0012826545 	0.00093416649 	 -1.5197915e-07 	0.0012363697 	-0.0017199004 	 0.013188445 	-165.89933 	-255.16489 	 -27.113583 	0.0014765785 	0.00012563895 	 -17.927916 	0.0012700885 	3.53975e-05 		0.0075 6.132938e-06 1.2279166e-05 100000 1
0.00875 404815.11 	-25.9848 	-0.9547355 	 38542.627 	-25.50925 	-1.8471021 	 -5.97235e-08 	-0.0013242099 	0.00095061203 	 -1.516428e-07 	0.0012161656 	-0.0017072102 	 0.011188041 	-165.01279 	-262.14445 	 -26.271011 	0.001478881 	0.0001188243 	 -16.442696 	0.001251097 	3.52279e-05 		0.00875 7.9787547e-06 1.3853202e-05 100000 1
0.01 407055.25 	-25.5982 	-0.938831 	 46059.617 	-24.0754 	-1.6348201 	 -6.43845e-08 	-0.0013645696 	0.00096761888 	 -1.496984e-07 	0.0011943637 	-0.0017036885 	 0.009638116 	-162.89031 	-267.98108 	 -25.414254 	0.001482258 	0.0001131394 	 -14.952865 	0.00123606 	3.29419e-05 		0.01 9.828477e-06 1.5406619e-05 100000 1
0.01125 409064.48 	-25.7775 	-0.9329183 	 54693.718 	-24.01005 	-1.569717 	 -6.69885e-08 	-0.0014068212 	0.0009825577 	 -1.499156e-07 	0.0011729273 	-0.0017074386 	 0.00953829 	-159.16756 	-273.65082 	 -24.545516 	0.0014859175 	0.00010821 	 -13.46342 	0.001221055 	3.221295e-05 		0.01125 1.1683423e-05 1.6943108e-05 100000 1
0.0125 411285.68 	-25.78995 	-0.9481618 	 64382.547 	-24.3862 	-1.650162 	 -6.7061e-08 	-0.0014509746 	0.0009962093 	 -1.508008e-07 	0.0011507946 	-0.0017148309 	 0.00992901 	-154.27647 	-279.55902 	 -23.667067 	0.0014888775 	0.0001040245 	 -11.979096 	0.0012059905 	3.298205e-05 		0.0125 1.3542334e-05 1.8459241e-05 100000 1
0.01375 414052.3 	-24.9633 	-0.92854518 	 75051.671 	-23.7307 	-1.6433483 	 -6.6841e-08 	-0.0014982593 	0.001007301 	 -1.494825e-07 	0.0011291192 	-0.0017256496 	 0.009525965 	-148.10839 	-286.29691 	 -22.782051 	0.001491812 	0.0001001409 	 -10.505457 	0.0011921805 	3.28034e-05 		0.01375 1.5404517e-05 1.9958064e-05 100000 1
0.015 417597.39 	-24.0769 	-0.92025518 	 86580.358 	-22.6096 	-1.5565843 	 -6.65755e-08 	-0.0015493777 	0.0010172292 	 -1.471885e-07 	0.0011079426 	-0.0017373302 	 0.008827375 	-141.24736 	-294.33678 	 -21.89336 	0.001495411 	9.68726e-05 	 -9.0477852 	0.001176332 	3.17712e-05 		0.015 1.7270959e-05 2.1439654e-05 100000 1
0.01625 422110.12 	-23.75695 	-0.91826504 	 98903.096 	-22.7178 	-1.3724145 	 -6.69775e-08 	-0.0016044935 	0.0010249791 	 -1.456475e-07 	0.0010876495 	-0.0017506554 	 0.00922102 	-133.50675 	-303.98155 	 -21.004179 	0.001499181 	9.3956e-05 	 -7.61193 	0.0011616205 	2.980445e-05 		0.01625 1.9142286e-05 2.2898865e-05 100000 1
0.0175 427716.69 	-23.2617 	-0.93343454 	 111923.75 	-23.26655 	-1.6096365 	 -6.6409e-08 	-0.0016647671 	0.0010323545 	 -1.44045e-07 	0.0010689697 	-0.0017637567 	 0.01021579 	-125.56987 	-315.74301 	 -20.117314 	0.0015027175 	9.13531e-05 	 -6.2034332 	0.0011494525 	3.205815e-05 		0.0175 2.1018135e-05 2.4343661e-05 100000 1
0.01875 434559.23 	-22.04 	-0.92408355 	 125622.48 	-22.36625 	-1.521221 	 -6.5187e-08 	-0.0017297985 	0.0010381016 	 -1.40819e-07 	0.0010517211 	-0.0017779505 	 0.00981911 	-117.04174 	-329.78033 	 -19.235604 	0.001506349 	8.885085e-05 	 -4.8281483 	0.001133835 	3.096765e-05 		0.01875 2.2898277e-05 2.577242e-05 100000 1
0.02 442708.06 	-20.8574 	-0.89703205 	 139938.36 	-21.4601 	-1.0853355 	 -6.39755e-08 	-0.0018010607 	0.0010441881 	 -1.37464e-07 	0.0010370122 	-0.0017914021 	 0.00933518 	-108.71067 	-346.66446 	 -18.361514 	0.001510119 	8.652265e-05 	 -3.49171 	0.0011193165 	2.635135e-05 		0.02 2.4783205e-05 2.7178179e-05 100000 1
0.02125 452275.63 	-20.2925 	-0.86695155 	 154895.82 	-21.6519 	-0.929867 	 -6.2678e-08 	-0.001877715 	0.0010489941 	 -1.35075e-07 	0.0010241053 	-0.001805835 	 0.009968745 	-99.909705 	-366.46182 	 -17.497448 	0.001513684 	8.42055e-05 	 -2.2000528 	0.001104903 	2.456885e-05 		0.02125 2.6672994e-05 2.8570671e-05 100000 1
0.0225 463318.52 	-19.7458 	-0.82399605 	 170472.22 	-22.02015 	-0.9246125 	 -6.22185e-08 	-0.0019615907 	0.0010548783 	 -1.32455e-07 	0.001014442 	-0.0018195798 	 0.01078379 	-91.61222 	-389.86935 	 -16.645473 	0.001517568 	8.17524e-05 	 -0.9588765 	0.0010897475 	2.429145e-05 		0.0225 2.8566988e-05 2.9940395e-05 100000 1
0.02375 475965.56 	-18.68095 	-0.7582672 	 186734.91 	-21.57825 	-1.139087 	 -6.30325e-08 	-0.0020515738 	0.0010597239 	 -1.292695e-07 	0.0010069073 	-0.0018345695 	 0.01104487 	-82.837723 	-416.94827 	 -15.807565 	0.001522428 	7.920065e-05 	 0.22590377 	0.0010762225 	2.616848e-05 		0.02375 3.0466468e-05 3.1294974e-05 100000 1
0.025 490271.77 	-17.6522 	-0.7414727 	 203687.15 	-20.5659 	-1.4748515 	 -6.3644e-08 	-0.0021498515 	0.001066204 	 -1.260625e-07 	0.0010031941 	-0.001848908 	 0.01080445 	-74.811219 	-448.58197 	 -14.985434 	0.0015275805 	7.731165e-05 	 1.3485182 	0.001058473 	2.925028e-05 		0.025 3.2372692e-05 3.2630874e-05 100000 1
0.02625 506372.61 	-17.0886 	-0.778209 	 221425.56 	-20.96405 	-0.6467905 	 -6.0276e-08 	-0.0022550531 	0.0010716946 	 -1.2310515e-07 	0.001001883 	-0.0018647499 	 0.0111722 	-66.186944 	-484.84393 	 -14.180719 	0.001532276 	7.624349e-05 	 2.4029517 	0.0010466195 	2.0673975e-05 		0.02625 3.4285088e-05 3.3941064e-05 100000 1
0.0275 524336.69 	-16.53715 	-0.782167 	 239979.97 	-21.7556 	-0.364157 	 -5.66345e-08 	-0.0023697486 	0.0010794459 	 -1.214319e-07 	0.0010048768 	-0.0018801922 	 0.01225373 	-58.551887 	-526.88031 	 -13.394848 	0.001536789 	7.471494e-05 	 3.3832825 	0.001037173 	1.7529075e-05 		0.0275 3.6203028e-05 3.5247328e-05 100000 1
0.02875 544331.76 	-15.5373 	-0.7338025 	 259482.06 	-20.62875 	-1.066505 	 -5.67005e-08 	-0.0024922613 	0.0010862314 	 -1.194539e-07 	0.0010104188 	-0.0018975204 	 0.01213141 	-50.110941 	-574.81299 	 -12.629202 	0.001541748 	7.2513138e-05 	 4.2833766 	0.0010164855 	2.423893e-05 		0.02875 3.8126669e-05 3.6533927e-05 100000 1
0.03 566437.42 	-14.5816 	-0.730841 	 279982.13 	-19.43885 	-1.4513315 	 -5.69535e-08 	-0.0026256605 	0.0010958256 	 -1.160765e-07 	0.0010207689 	-0.0019145154 	 0.01162631 	-42.916526 	-630.14433 	 -11.885021 	0.0015471685 	7.1018438e-05 	 5.0970839 	0.000996391 	2.777833e-05 		0.03 4.0056992e-05 3.7788477e-05 100000 1
0.03125 590836.08 	-14.11645 	-0.7746355 	 301640.08 	-20.38415 	-0.1765775 	 -5.37455e-08 	-0.0027680067 	0.0011043601 	 -1.1311015e-07 	0.0010339617 	-0.0019336557 	 0.01221723 	-34.617262 	-693.05008 	 -11.163536 	0.001552354 	7.044246e-05 	 5.8179974 	0.000990141 	1.466962e-05 		0.03125 4.199425e-05 3.9024827e-05 100000 1
0.0325 617621.28 	-13.638 	-0.7870965 	 324519.67 	-21.27135 	0.17914395 	 -5.03455e-08 	-0.002922827 	0.0011163599 	 -1.116824e-07 	0.0010525507 	-0.0019525929 	 0.01338705 	-27.89927 	-765.48016 	 -10.465884 	0.0015573635 	6.924996e-05 	 6.4397324 	0.0009820275 	1.073842e-05 		0.0325 4.3937583e-05 4.026375e-05 100000 1
0.03375 647005.9 	-12.69685 	-0.7623575 	 348815.81 	-19.46745 	-1.346576 	 -5.0269e-08 	-0.0030878375 	0.0011271616 	 -1.0972705e-07 	0.0010742648 	-0.0019739472 	 0.01299879 	-19.686267 	-847.68664 	 -9.7932134 	0.0015628735 	6.724179e-05 	 6.9555637 	0.0009542715 	2.5677045e-05 		0.03375 4.5887329e-05 4.1479803e-05 100000 1
0.035 679085.5 	-11.7765 	-0.767049 	 374613.08 	-17.6777 	-1.9254387 	 -5.03195e-08 	-0.0032671771 	0.0011419666 	 -1.061216e-07 	0.0011022435 	-0.0019949664 	 0.01192375 	-13.451537 	-942.17335 	 -9.1466382 	0.0015686485 	6.595574e-05 	 7.3586347 	0.000927765 	3.1158645e-05 		0.035 4.78444e-05 4.2649342e-05 100000 1
0.03625 714083.76 	-11.32675 	-0.786687 	 402124.02 	-18.95585 	0.0074024 	 -4.7301e-08 	-0.0034582641 	0.0011551677 	 -1.031268e-07 	0.0011339538 	-0.0020185084 	 0.01246583 	-5.1727194 	-1049.2759 	 -8.5273149 	0.0015740905 	6.553104e-05 	 7.6417917 	0.0009252301 	1.144085e-05 		0.03625 4.9808667e-05 4.3799129e-05 100000 1
0.0375 752095.06 	-10.8837 	-0.786669 	 431420.77 	-20.2547 	0.60185825 	 -4.4197e-08 	-0.003665885 	0.0011728096 	 -1.0196555e-07 	0.0011732599 	-0.0020416143 	 0.01400388 	0.64029316 	-1172.1786 	 -7.9363956 	0.001579472 	6.446439e-05 	 7.7978374 	0.00092179206 	5.11027e-06 		0.0375 5.17794e-05 4.4962291e-05 100000 1
0.03875 793371.47 	-10.00575 	-0.7794765 	 462723.84 	-18.0725 	-1.4822168 	 -4.4059e-08 	-0.0038871152 	0.0011880454 	 -1.001806e-07 	0.0012171991 	-0.0020674036 	 0.01355797 	9.2993194 	-1311.3583 	 -7.3750891 	0.001585364 	6.2572825e-05 	 7.8191139 	0.00089004781 	2.567808e-05 		0.03875 5.3757005e-05 4.6103497e-05 100000 1
0.04 837997.56 	-9.1534 	-0.792333 	 496081.83 	-15.87105 	-2.177339 	 -4.4003e-08 	-0.0041277226 	0.0012076433 	 -9.646435e-08 	0.0012708983 	-0.0020925698 	 0.01203732 	15.061302 	-1470.8621 	 -6.8446397 	0.001591453 	6.1365845e-05 	 7.6977648 	0.00085907835 	3.2378635e-05 		0.04 5.5742432e-05 4.7187362e-05 100000 1
0.04125 886258.74 	-8.75735 	-0.8038045 	 531666.64 	-17.34025 	0.0344297 	 -4.1261e-08 	-0.0043845232 	0.0012231809 	 -9.327725e-08 	0.0013308383 	-0.0021207537 	 0.01246145 	25.013832 	-1651.4559 	 -6.3463681 	0.001597222 	6.1000585e-05 	 7.4255949 	0.000858899 	9.904575e-06 		0.04125 5.7735415e-05 4.8251152e-05 100000 1
0.0425 938253.58 	-8.3802 	-0.7995996 	 569413.94 	-18.84195 	0.7165437 	 -3.85005e-08 	-0.0046647198 	0.0012422982 	 -9.18991e-08 	0.0014038824 	-0.0021487345 	 0.01423171 	31.910976 	-1858.4811 	 -5.881646 	0.001603062 	6.000642e-05 	 6.9943348 	0.000858104 	2.72829e-06 		0.0425 5.9735328e-05 4.9334513e-05 100000 1
0.04375 994380.39 	-7.5951 	-0.7994761 	 609395.17 	-16.4864 	-1.5780575 	 -3.83385e-08 	-0.0049648326 	0.0012545303 	 -8.98951e-08 	0.0014855267 	-0.0021810421 	 0.01390291 	45.391022 	-2093.4335 	 -5.4519197 	0.001609426 	5.8214865e-05 	 6.3951694 	0.0008244935 	2.544644e-05 		0.04375 6.1742778e-05 5.0396319e-05 100000 1
0.045 1054822.2 	-6.82875 	-0.81640645 	 651366.11 	-14.062 	-2.2730365 	 -3.8181e-08 	-0.0052946202 	0.0012684327 	 -8.601215e-08 	0.0015851777 	-0.0022148832 	 0.012134871 	56.553003 	-2364.0425 	 -5.0587097 	0.001615859 	5.7126655e-05 	 5.6190994 	0.00079106 	3.217825e-05 		0.045 6.3758527e-05 5.1395692e-05 100000 1
0.04625 1120231.4 	-6.4836 	-0.82711895 	 695199.59 	-15.4257 	-0.118241 	 -3.56715e-08 	-0.005650266 	0.0012711082 	 -8.260495e-08 	0.0016967737 	-0.0022565202 	 0.012270871 	78.722341 	-2673.6109 	 -4.7036113 	0.001621948 	5.688174e-05 	 4.6567695 	0.0007904175 	1.0284e-05 		0.04625 6.5782195e-05 5.2373894e-05 100000 1
0.0475 1191066.4 	-6.14895 	-0.8177392 	 740331.07 	-16.91815 	0.586409 	 -3.3148e-08 	-0.0060458733 	0.0012727173 	 -8.091545e-08 	0.0018327363 	-0.0023047069 	 0.014241986 	101.04931 	-3035.1044 	 -4.3882919 	0.0016281545 	5.6044745e-05 	 3.4987986 	0.0007903175 	2.8707e-06 		0.0475 6.781324e-05 5.3371634e-05 100000 1
0.04875 1268555.5 	-5.43125 	-0.8111459 	 786408.85 	-14.6732 	-1.5739815 	 -3.2858e-08 	-0.0064768339 	0.0012577694 	 -7.875335e-08 	0.0019843961 	-0.0023687001 	 0.014518896 	142.23831 	-3456.0433 	 -4.1144689 	0.0016348805 	5.4443475e-05 	 2.1352613 	0.000757874 	2.42173e-05 		0.04875 6.9852319e-05 5.4349597e-05 100000 1
0.05 1353802.3 	-4.7371 	-0.8252501 	 832512.98 	-12.26215 	-2.2066615 	 -3.25365e-08 	-0.006964642 	0.0012394075 	 -7.49179e-08 	0.0021672015 	-0.0024499692 	 0.01296914 	188.79006 	-3961.3213 	 -3.8839345 	0.0016416892 	5.3536002e-05 	 0.5561795 	0.00072453 	3.028185e-05 		0.05 7.1900167e-05 5.5266246e-05 100000 1
0.05125 1449125.4 	-4.4239 	-0.84021825 	 878155.6 	-13.343 	-0.4132515 	 -3.0198e-08 	-0.0075028642 	0.0012002019 	 -7.135695e-08 	0.0023685777 	-0.0025626962 	 0.01310977 	266.90293 	-4567.4969 	 -3.6985031 	0.0016481197 	5.3449572e-05 	 -1.2487226 	0.0007218115 	1.195095e-05 		0.05125 7.3956394e-05 5.6160839e-05 100000 1
0.0525 1556915.9 	-4.10175 	-0.82506385 	 922166.81 	-14.6013 	0.221546 	 -2.78305e-08 	-0.0081244625 	0.0011595708 	 -6.92252e-08 	0.0026051507 	-0.0027126967 	 0.01561373 	357.66799 	-5325.902 	 -3.5600425 	0.0016545549 	5.2800465e-05 	 -3.2895622 	0.00072029 	5.16325e-06 		0.0525 7.602036e-05 5.7070674e-05 100000 1
0.05375 1681372.6 	-3.4327 	-0.8006837 	 964425.56 	-12.626 	-1.4748815 	 -2.73465e-08 	-0.0088188248 	0.0011003109 	 -6.684995e-08 	0.0028588751 	-0.0029212365 	 0.01689061 	496.73388 	-6270.848 	 -3.4703855 	0.0016615215 	5.1424565e-05 	 -5.5768573 	0.00069076 	2.17642e-05 		0.05375 7.8092578e-05 5.7961471e-05 100000 1
0.055 1827094.5 	-2.8058 	-0.8090382 	 1004149 	-10.5116 	-1.9770795 	 -2.6814e-08 	-0.0096351346 	0.0010539097 	 -6.314675e-08 	0.0031427456 	-0.003198857 	 0.01613171 	651.26579 	-7508.5698 	 -3.4314054 	0.00166866 	5.072472e-05 	 -8.1208857 	0.000660505 	2.6407e-05 		0.055 8.0173919e-05 5.8797466e-05 100000 1
0.05625 2001068.9 	-2.52395 	-0.8332919 	 1042789.7 	-11.2454 	-0.7769825 	 -2.46055e-08 	-0.010554432 	0.001008188 	 -5.942375e-08 	0.0034323606 	-0.0035755229 	 0.01740978 	865.72989 	-9104.8813 	 -3.4448842 	0.0016754395 	5.07948e-05 	 -10.932022 	0.000655265 	1.389775e-05 		0.05625 8.2264104e-05 5.9612589e-05 100000 1
0.0575 2211159.4 	-2.2246 	-0.8152589 	 1081472.9 	-12.0952 	-0.2307585 	 -2.2335e-08 	-0.011645231 	0.0010163234 	 -5.67212e-08 	0.0037271695 	-0.004064174 	 0.02114678 	1069.9073 	-11271.343 	 -3.5126154 	0.0016822148 	5.0359325e-05 	 -14.020134 	0.000650795 	7.8599e-06 		0.0575 8.4362472e-05 6.0435455e-05 100000 1
0.05875 2467828.2 	-1.62245 	-0.77452885 	 1125702 	-10.51455 	-1.3084545 	 -2.15785e-08 	-0.012873523 	0.0010794712 	 -5.405035e-08 	0.0039974488 	-0.0047021923 	 0.02336748 	1307.7667 	-14123.027 	 -3.6362334 	0.001689511 	4.928445e-05 	 -17.395169 	0.000625595 	1.808775e-05 		0.05875 8.6469527e-05 6.12394e-05 100000 1
0.06 2782839.9 	-1.079 	-0.78016685 	 1181599.3 	-8.7768 	-1.693538 	 -2.07545e-08 	-0.014324416 	0.0012855354 	 -5.04064e-08 	0.004213455 	-0.00549519 	 0.02329718 	1414.4934 	-18054.594 	 -3.8173802 	0.0016969786 	4.88809e-05 	 -21.066404 	0.000599415 	2.13487e-05 		0.06 8.858611e-05 6.1999331e-05 100000 1
0.06125 3169603.7 	-0.84815 	-0.81297637 	 1262899.6 	-9.10885 	-1.042077 	 -1.8591e-08 	-0.015939982 	0.0016609573 	 -4.64336e-08 	0.0043460262 	-0.006479859 	 0.02669834 	1400.748 	-23243.663 	 -4.0575109 	0.001704118 	4.919735e-05 	 -25.042904 	0.00059131 	1.410805e-05 		0.06125 9.0711903e-05 6.2737744e-05 100000 1
0.0625 3642773.4 	-0.59605 	-0.79447087 	 1385875.1 	-9.63895 	-0.7640525 	 -1.632e-08 	-0.01780538 	0.0023426363 	 -4.303645e-08 	0.0043163655 	-0.0076319797 	 0.03286129 	878.35364 	-30362.861 	 -4.3580926 	0.001711212 	4.90831e-05 	 -29.332839 	0.000584975 	1.048585e-05 		0.0625 9.2846411e-05 6.3477344e-05 100000 1
0.06375 4215242.8 	-0.0918 	-0.7340973 	 1578600.7 	-8.49675 	-1.2329075 	 -1.51785e-08 	-0.019829531 	0.0033953853 	 -3.99109e-08 	0.0041102893 	-0.0089658704 	 0.03514823 	-264.76062 	-39634.282 	 -4.7204398 	0.001718804 	4.84496e-05 	 -33.944189 	0.000564685 	1.42795e-05 		0.06375 9.4989949e-05 6.4200036e-05 100000 1
0.065 4899552.8 	0.31165 	-0.7361934 	 1874856.8 	-7.6092 	-1.42809 	 -1.39445e-08 	-0.022056762 	0.0050125356 	 -3.627925e-08 	0.0035854535 	-0.010383372 	 0.03682293 	-2912.0771 	-52059.315 	 -5.1459286 	0.001726794 	4.85188e-05 	 -38.883993 	0.00054741 	1.525405e-05 		0.065 9.7143425e-05 6.488892e-05 100000 1
0.06625 5698719.1 	0.44685 	-0.8006111 	 2324195.8 	-7.0929 	-2.18136 	 -1.173e-08 	-0.024358423 	0.0073043177 	 -3.16839e-08 	0.002771319 	-0.011831552 	 0.0382464 	-7523.122 	-67782.63 	 -5.6359778 	0.001734345 	4.927165e-05 	 -44.159301 	0.000532175 	2.16649e-05 		0.06625 9.9306953e-05 6.5568489e-05 100000 1
0.0675 6610368.7 	0.61865 	-0.76245605 	 2986166.5 	-5.93425 	-1.9475995 	 -9.3195e-09 	-0.026661777 	0.010505732 	 -2.66579e-08 	0.0014757669 	-0.013063715 	 0.03584295 	-16038.821 	-87942.324 	 -6.1921161 	0.0017415395 	4.95961e-05 	 -49.776525 	0.000510475 	1.80214e-05 		0.0675 0.00010147936 6.621929e-05 100000 1
0.06875 7608075.6 	0.94755 	-0.63143805 	 3937155.5 	-5.3872 	-1.0020245 	 -7.673e-09 	-0.028808101 	0.01476008 	 -2.2287e-08 	-0.00017551147 	-0.013874257 	 0.03727246 	-29848.691 	-112176.12 	 -6.8163533 	0.001749357 	4.95288e-05 	 -55.743294 	0.000496825 	7.1109e-06 		0.06875 0.00010366099 6.6844225e-05 100000 1
0.07 8647905 	1.09295 	-0.5894835 	 5267781.5 	-5.6687 	-0.996485 	 -5.898e-09 	-0.030495403 	0.020287549 	 -1.802905e-08 	-0.0023350188 	-0.013740754 	 0.04144931 	-53232.865 	-140763.38 	 -7.510808 	0.001758436 	5.03188e-05 	 -62.067555 	0.000491435 	5.47718e-06 		0.07 0.00010585302 6.7460648e-05 100000 1
0.07125 9636096.4 	1.1164 	-0.5518335 	 7079951.2 	-4.9681 	-1.22034 	 -3.651e-09 	-0.031533375 	0.027221608 	 -1.285995e-08 	-0.004644834 	-0.012116213 	 0.0358558 	-90372.332 	-171146.58 	 -8.2788914 	0.0017672115 	5.11771e-05 	 -68.762158 	0.00047579 	6.02268e-06 		0.07125 0.00010805736 6.8072311e-05 100000 1
0.0725 10433861 	1.144075 	-0.405205 	 9490428.2 	-2.96936 	-0.86589 	 -1.927e-09 	-0.031118193 	0.035412824 	 -6.8103e-09 	-0.0067101949 	-0.008189315 	 0.0265217 	-149275.06 	-197216.84 	 -9.1239479 	0.0017741195 	5.134e-05 	 -75.843534 	0.000447295 	6.765e-07 		0.0725 0.00011027135 6.8649915e-05 100000 1
0.07375 10827436 	0.864935 	-0.20024 	 12590658 	-1.592316 	-0.318035 	 -4.965e-10 	-0.029192781 	0.045088166 	 -5.27285e-10 	-0.0082133978 	-0.00014291024 	 0.01610255 	-248342.03 	-212213.18 	 -10.046857 	0.0017810975 	5.119365e-05 	 -83.319919 	0.000425 	-6.6135e-06 		0.07375 0.00011249302 6.9190273e-05 100000 1
0.075 10485718 	0.40843 	-0.036155 	 15801541 	-1.66576 	-0.47614 	 -1.11e-10 	-0.027832731 	0.050199764 	 2.28393e-09 	-0.0086330133 	0.0050918039 	 0.0038702 	-303640.31 	-215573.22 	 -10.52763 	0.001785018 	5.12309e-05 	 -87.157927 	0.00041753 	-6.611e-06 		0.075 0.00011460947 6.9687543e-05 100000 1
