# y jRe_x jRe_y jRe_z jIm_x jIm_y jIm_z BRe_x BRe_y BRe_z BIm_x BIm_y BIm_z F_x F_y F_z VReGrad_x VReGrad_y VReGrad_z VImGrad_x VImGrad_y VImGrad_z s VRe VIm sigma mur
-0.075 -23695446 	-503920.42 	-2017103 	 -29265957 	-7824757.5 	-1676959.5 	 -0.0028785699 	7.7575613e-05 	0.034153398 	 0.0006465291 	-0.00020595572 	-0.0078990644 	 22261.784 	291440.49 	3903.4558 	 -12.522111 	-12.448712 	0.11673149 	 -44.524344 	-178.77828 	11.068463 		-0.075 -0.28459814 1.09857 1200000 1
-0.07375 -17763141 	-351802.31 	-1508732.3 	 -2650023.5 	307709.95 	-177571.28 	 -0.0017390491 	1.800807e-05 	0.020750726 	 0.00083003611 	-0.00013662625 	-0.01027996 	 -5482.5421 	227794.64 	-423.58574 	 -13.113405 	-11.962616 	0.046025816 	 -48.236544 	-172.21929 	10.168068 		-0.07375 -0.30015903 0.87509718 1200000 1
-0.0725 -7198227.8 	-252824.02 	-600912.54 	 3770886 	717133.17 	348245.2 	 -0.00032087713 	-3.8776e-05 	0.0041942718 	 0.00085389606 	-3.3357771e-05 	-0.011222822 	 -5125.2488 	48791.557 	-335.16942 	 -14.068423 	-10.965371 	-0.087056345 	 -54.763777 	-159.50941 	8.4447746 		-0.0725 -0.31464564 0.66632611 1200000 1
-0.07125 -3526650.5 	-54260.926 	-286009.3 	 2509101.2 	997662.3 	228728.05 	 -7.5880812e-05 	-3.1864445e-05 	0.0010837629 	 0.00055942209 	-1.4006074e-05 	-0.0084617609 	 -5217.2916 	26994.066 	-254.59458 	 -14.486841 	-10.039379 	-0.18165077 	 -59.196489 	-147.84875 	7.037092 		-0.07125 -0.32721938 0.48049843 1200000 1
-0.07 144926.8 	144302.17 	28893.935 	 1247316.3 	1278191.4 	109210.89 	 0.00016911551 	-2.4952891e-05 	-0.0020267459 	 0.00026494811 	5.3456219e-06 	-0.0057007 	 -5309.3344 	5196.5743 	-174.01974 	 -14.90526 	-9.1133869 	-0.2762452 	 -63.629201 	-136.1881 	5.6294095 		-0.07 -0.33979312 0.29467076 1200000 1
-0.06875 183057.89 	234902.61 	23321.805 	 649769.09 	1293053.6 	46843.639 	 0.00012044932 	-2.3936129e-05 	-0.0018443941 	 0.00012857026 	-1.5205742e-05 	-0.0043620218 	 -4745.6315 	2782.551 	-98.125165 	 -14.94696 	-8.4151183 	-0.32366387 	 -66.161433 	-125.83068 	4.6145167 		-0.06875 -0.35014774 0.13821005 1200000 1
-0.0675 221188.98 	325503.06 	17749.675 	 52221.877 	1307915.8 	-15523.616 	 7.1783142e-05 	-2.2919366e-05 	-0.0016620424 	 -7.8075955e-06 	-3.5757106e-05 	-0.0030233437 	 -4181.9286 	368.52772 	-22.230594 	 -14.98866 	-7.7168498 	-0.37108255 	 -68.693665 	-115.47327 	3.599624 		-0.0675 -0.36050236 -0.018250648 1200000 1
-0.06625 126014.51 	325244.31 	7339.1537 	 12082.214 	1304608.9 	-20466.871 	 5.5656844e-05 	-2.7248938e-05 	-0.0015067611 	 -7.2593921e-06 	-4.3557994e-05 	-0.0030440161 	 -4177.163 	190.26151 	-17.944393 	 -14.951806 	-7.2494185 	-0.39195244 	 -70.095781 	-106.42405 	2.8548848 		-0.06625 -0.36943987 -0.15047312 1200000 1
-0.065 30840.04 	324985.56 	-3071.3678 	 -28057.449 	1301302 	-25410.126 	 3.9530545e-05 	-3.1578509e-05 	-0.0013514798 	 -6.7111888e-06 	-5.1358883e-05 	-0.0030646886 	 -4172.3974 	11.995298 	-13.658192 	 -14.914953 	-6.7819872 	-0.41282233 	 -71.497897 	-97.374831 	2.1101456 		-0.065 -0.37837737 -0.28269558 1200000 1
-0.06375 17081.817 	321350.88 	-4693.2482 	 -17689.805 	1308860.3 	-25054.353 	 3.8663127e-05 	-3.3017316e-05 	-0.0013350866 	 -4.3762503e-06 	-5.3662367e-05 	-0.0031166108 	 -4236.0623 	8.1806284 	-14.865894 	 -14.872391 	-6.4832847 	-0.41936713 	 -72.194453 	-89.535889 	1.5654664 		-0.06375 -0.38639484 -0.39391019 1200000 1
-0.0625 3323.5952 	317716.2 	-6315.1286 	 -7322.1616 	1316418.6 	-24698.58 	 3.7795708e-05 	-3.4456123e-05 	-0.0013186934 	 -2.0413118e-06 	-5.5965852e-05 	-0.0031685329 	 -4299.7273 	4.3659585 	-16.073596 	 -14.829828 	-6.1845822 	-0.42591193 	 -72.891008 	-81.696947 	1.0207872 		-0.0625 -0.3944123 -0.5051248 1200000 1
-0.06125 2727.2212 	317131.67 	-6500.6733 	 -5358.7406 	1324185 	-24571.246 	 3.8112234e-05 	-3.4476652e-05 	-0.0013175154 	 -1.8468654e-06 	-5.6246911e-05 	-0.0031939661 	 -4352.3699 	4.1705645 	-16.2609 	 -14.80255 	-6.0051891 	-0.42564 	 -73.117682 	-74.904193 	0.62241664 		-0.06125 -0.40185629 -0.59815256 1200000 1
-0.06 2130.8472 	316547.14 	-6686.2181 	 -3395.3197 	1331951.4 	-24443.912 	 3.8428759e-05 	-3.449718e-05 	-0.0013163374 	 -1.652419e-06 	-5.6527971e-05 	-0.0032193993 	 -4405.0126 	3.9751706 	-16.448204 	 -14.775272 	-5.825796 	-0.42536807 	 -73.344355 	-68.111439 	0.22404611 		-0.06 -0.40930028 -0.69118032 1200000 1
-0.05875 1631.9366 	316797.13 	-6724.1602 	 -3383.3997 	1338400.1 	-24105.478 	 3.8525721e-05 	-3.390348e-05 	-0.0013143989 	 -1.7138388e-06 	-5.5806202e-05 	-0.0032373471 	 -4447.8428 	2.3503746 	-16.42969 	 -14.769711 	-5.7342439 	-0.42262624 	 -73.242738 	-62.211837 	-0.067436423 		-0.05875 -0.41642078 -0.76843116 1200000 1
-0.0575 1133.0259 	317047.13 	-6762.1024 	 -3371.4798 	1344848.8 	-23767.044 	 3.8622683e-05 	-3.330978e-05 	-0.0013124604 	 -1.7752585e-06 	-5.5084433e-05 	-0.003255295 	 -4490.673 	0.72557851 	-16.411176 	 -14.76415 	-5.6426919 	-0.41988442 	 -73.141122 	-56.312235 	-0.35891896 		-0.0575 -0.42354128 -0.845682 1200000 1
-0.05625 672.07442 	317435.91 	-6701.0851 	 -3314.7603 	1350339.9 	-23209.889 	 3.8680673e-05 	-3.2433618e-05 	-0.0013108841 	 -1.8041823e-06 	-5.3830863e-05 	-0.0032702551 	 -4527.1443 	-0.3032416 	-16.425997 	 -14.782032 	-5.6189985 	-0.41714456 	 -72.801118 	-51.176185 	-0.57207398 		-0.05625 -0.43052751 -0.90921174 1200000 1
-0.055 211.1229 	317824.69 	-6640.0677 	 -3258.0408 	1355831 	-22652.734 	 3.8738663e-05 	-3.1557457e-05 	-0.0013093078 	 -1.8331061e-06 	-5.2577294e-05 	-0.0032852152 	 -4563.6156 	-1.3320617 	-16.440818 	 -14.799915 	-5.5953051 	-0.41440471 	 -72.461115 	-46.040136 	-0.78522901 		-0.055 -0.43751374 -0.97274149 1200000 1
-0.05375 -76.802866 	318221.4 	-6509.5692 	 -3135.1845 	1360581.2 	-21985.915 	 3.8798961e-05 	-3.0561342e-05 	-0.0013082416 	 -1.8484776e-06 	-5.1060505e-05 	-0.003297852 	 -4594.9893 	-1.8588987 	-16.474789 	 -14.841465 	-5.6264826 	-0.41308212 	 -71.94262 	-41.560407 	-0.94080322 		-0.05375 -0.44451577 -1.0243121 1200000 1
-0.0525 -364.72863 	318618.11 	-6379.0706 	 -3012.3283 	1365331.5 	-21319.096 	 3.8859258e-05 	-2.9565228e-05 	-0.0013071753 	 -1.863849e-06 	-4.9543717e-05 	-0.0033104888 	 -4626.3631 	-2.3857358 	-16.508759 	 -14.883016 	-5.6576601 	-0.41175952 	 -71.424126 	-37.080679 	-1.0963774 		-0.0525 -0.45151781 -1.0758827 1200000 1
-0.05125 -544.15631 	318974.69 	-6213.4662 	 -2877.7714 	1369443.5 	-20611.255 	 3.8917062e-05 	-2.8538952e-05 	-0.0013063726 	 -1.8753851e-06 	-4.7920645e-05 	-0.0033212041 	 -4653.3621 	-2.6452588 	-16.546346 	 -14.948126 	-5.7350996 	-0.41269587 	 -70.768801 	-33.168731 	-1.2095891 		-0.05125 -0.45865992 -1.1170138 1200000 1
-0.05 -723.58398 	319331.27 	-6047.8617 	 -2743.2144 	1373555.6 	-19903.414 	 3.8974865e-05 	-2.7512675e-05 	-0.0013055698 	 -1.8869213e-06 	-4.6297574e-05 	-0.0033319194 	 -4680.361 	-2.9047817 	-16.583933 	 -15.013236 	-5.8125391 	-0.41363222 	 -70.113477 	-29.256784 	-1.3228007 		-0.05 -0.46580204 -1.1581449 1200000 1
-0.04875 -843.45606 	319620.47 	-5869.4449 	 -2611.0736 	1377106.7 	-19192.396 	 3.9026818e-05 	-2.6506933e-05 	-0.0013048557 	 -1.8956347e-06 	-4.465969e-05 	-0.003341049 	 -4703.5576 	-3.0193027 	-16.61989 	 -15.101911 	-5.9304858 	-0.4173754 	 -69.351502 	-25.83915 	-1.4049665 		-0.04875 -0.47319127 -1.1901557 1200000 1
-0.0475 -963.32814 	319909.67 	-5691.0281 	 -2478.9327 	1380657.7 	-18481.378 	 3.9078771e-05 	-2.5501191e-05 	-0.0013041416 	 -1.9043481e-06 	-4.3021805e-05 	-0.0033501785 	 -4726.7543 	-3.1338236 	-16.655848 	 -15.190586 	-6.0484324 	-0.42111859 	 -68.589527 	-22.421515 	-1.4871324 		-0.0475 -0.4805805 -1.2221666 1200000 1
-0.04625 -1050.435 	320116.7 	-5513.1407 	 -2350.8321 	1383719.8 	-17788.785 	 3.9124232e-05 	-2.4544632e-05 	-0.0013034116 	 -1.9104671e-06 	-4.142194e-05 	-0.0033579761 	 -4746.6282 	-3.1646664 	-16.687968 	 -15.303128 	-6.2030789 	-0.42808695 	 -67.743659 	-19.436786 	-1.5468094 		-0.04625 -0.48831235 -1.2462095 1200000 1
-0.045 -1137.5418 	320323.74 	-5335.2533 	 -2222.7316 	1386781.9 	-17096.192 	 3.9169693e-05 	-2.3588074e-05 	-0.0013026815 	 -1.916586e-06 	-3.9822076e-05 	-0.0033657737 	 -4766.5021 	-3.1955092 	-16.720087 	 -15.415671 	-6.3577253 	-0.43505531 	 -66.89779 	-16.452057 	-1.6064864 		-0.045 -0.4960442 -1.2702525 1200000 1
-0.04375 -1209.3309 	320441.46 	-5166.2073 	 -2095.8785 	1389419.9 	-16434.317 	 3.9208999e-05 	-2.2697355e-05 	-0.001301869 	 -1.9203153e-06 	-3.8290337e-05 	-0.0033724315 	 -4783.451 	-3.1729966 	-16.747502 	 -15.552781 	-6.546661 	-0.44563859 	 -65.985925 	-13.848502 	-1.6502752 		-0.04375 -0.50420667 -1.2873397 1200000 1
-0.0425 -1281.1199 	320559.18 	-4997.1613 	 -1969.0254 	1392057.9 	-15772.443 	 3.9248305e-05 	-2.1806636e-05 	-0.0013010565 	 -1.9240445e-06 	-3.6758598e-05 	-0.0033790894 	 -4800.3999 	-3.1504839 	-16.774916 	 -15.689891 	-6.7355967 	-0.45622186 	 -65.074059 	-11.244947 	-1.694064 		-0.0425 -0.51236913 -1.3044269 1200000 1
-0.04125 -1348.7588 	320584.98 	-4842.6953 	 -1842.4966 	1394326.6 	-15148.188 	 3.9281925e-05 	-2.099197e-05 	-0.0013001147 	 -1.9255726e-06 	-3.5311675e-05 	-0.0033847548 	 -4814.746 	-3.0957344 	-16.797198 	 -15.85274 	-6.9574687 	-0.47084935 	 -64.110919 	-8.9786434 	-1.727181 		-0.04125 -0.52104566 -1.3154521 1200000 1
-0.04 -1416.3977 	320610.77 	-4688.2293 	 -1715.9678 	1396595.2 	-14523.933 	 3.9315545e-05 	-2.0177305e-05 	-0.0012991729 	 -1.9271006e-06 	-3.3864753e-05 	-0.0033904202 	 -4829.0922 	-3.0409849 	-16.81948 	 -16.015589 	-7.1793407 	-0.48547683 	 -63.147779 	-6.7123398 	-1.7602981 		-0.04 -0.52972219 -1.3264772 1200000 1
-0.03875 -1487.6751 	320543.63 	-4552.8629 	 -1591.1639 	1398536.8 	-13941.113 	 3.9344064e-05 	-1.9446157e-05 	-0.0012980617 	 -1.9266195e-06 	-3.2511911e-05 	-0.0033952056 	 -4841.0854 	-2.9736644 	-16.836456 	 -16.205913 	-7.4336446 	-0.50467069 	 -62.146088 	-4.7456858 	-1.7869947 		-0.03875 -0.53899401 -1.3322329 1200000 1
-0.0375 -1558.9526 	320476.49 	-4417.4964 	 -1466.3601 	1400478.5 	-13358.293 	 3.9372583e-05 	-1.8715009e-05 	-0.0012969506 	 -1.9261384e-06 	-3.1159068e-05 	-0.0033999911 	 -4853.0786 	-2.9063438 	-16.853433 	 -16.396237 	-7.6879486 	-0.52386455 	 -61.144396 	-2.7790317 	-1.8136913 		-0.0375 -0.54826583 -1.3379886 1200000 1
-0.03625 -1641.0694 	320315.03 	-4305.5808 	 -1343.2184 	1402123.2 	-12819.238 	 3.9396779e-05 	-1.8074692e-05 	-0.0012956298 	 -1.923763e-06 	-2.9905727e-05 	-0.0034039811 	 -4862.9005 	-2.8399335 	-16.86495 	 -16.616458 	-7.9749036 	-0.54828995 	 -60.115745 	-1.0795333 	-1.8375693 		-0.03625 -0.55821388 -1.3391805 1200000 1
-0.035 -1723.1861 	320153.56 	-4193.6652 	 -1220.0766 	1403767.9 	-12280.183 	 3.9420975e-05 	-1.7434376e-05 	-0.001294309 	 -1.9213876e-06 	-2.8652386e-05 	-0.0034079711 	 -4872.7224 	-2.7735233 	-16.876467 	 -16.836679 	-8.2618586 	-0.57271535 	 -59.087095 	0.61996509 	-1.8614474 		-0.035 -0.56816193 -1.3403723 1200000 1
-0.03375 -1824.1407 	319894.9 	-4110.097 	 -1096.5336 	1405137.9 	-11786.735 	 3.9441564e-05 	-1.6894358e-05 	-0.001292735 	 -1.917165e-06 	-2.7502793e-05 	-0.0034112263 	 -4880.4992 	-2.7168879 	-16.882492 	 -17.090084 	-8.5823419 	-0.60323633 	 -58.042655 	2.0807295 	-1.8857099 		-0.03375 -0.57886853 -1.3376305 1200000 1
-0.0325 -1925.0953 	319636.23 	-4026.5289 	 -972.99057 	1406507.9 	-11293.286 	 3.9462153e-05 	-1.6354341e-05 	-0.0012911609 	 -1.9129424e-06 	-2.63532e-05 	-0.0034144815 	 -4888.276 	-2.6602526 	-16.888517 	 -17.343489 	-8.9028252 	-0.63375732 	 -56.998215 	3.5414939 	-1.9099724 		-0.0325 -0.58957513 -1.3348888 1200000 1
-0.03125 -2054.2785 	319274.5 	-3977.7794 	 -846.09728 	1407623.4 	-10847.841 	 3.9479713e-05 	-1.5928406e-05 	-0.001289283 	 -1.9069021e-06 	-2.5312492e-05 	-0.0034170405 	 -4894.0906 	-2.6200857 	-16.888742 	 -17.634487 	-9.2583518 	-0.67150724 	 -55.949385 	4.7888265 	-1.9376342 		-0.03125 -0.60112559 -1.3287768 1200000 1
-0.03 -2183.4617 	318912.77 	-3929.03 	 -719.204 	1408739 	-10402.397 	 3.9497273e-05 	-1.5502471e-05 	-0.0012874051 	 -1.9008618e-06 	-2.4271785e-05 	-0.0034195995 	 -4899.9052 	-2.5799187 	-16.888967 	 -17.925485 	-9.6138784 	-0.70925717 	 -54.900555 	6.0361591 	-1.965296 		-0.03 -0.61267605 -1.3226649 1200000 1
-0.02875 -2353.3195 	318436.86 	-3924.0984 	 -586.3885 	1409619 	-10008.595 	 3.9512271e-05 	-1.5211458e-05 	-0.0012851574 	 -1.8931439e-06 	-2.3347918e-05 	-0.0034214786 	 -4903.7935 	-2.5678378 	-16.882699 	 -18.25999 	-10.006616 	-0.75573429 	 -53.859644 	7.0932204 	-1.9993757 		-0.02875 -0.62516029 -1.3136864 1200000 1
-0.0275 -2523.1772 	317960.96 	-3919.1669 	 -453.57301 	1410499 	-9614.7934 	 3.9527269e-05 	-1.4920445e-05 	-0.0012829098 	 -1.8854261e-06 	-2.2424051e-05 	-0.0034233577 	 -4907.6818 	-2.5557569 	-16.876432 	 -18.594494 	-10.399353 	-0.80221141 	 -52.818734 	8.1502817 	-2.0334554 		-0.0275 -0.63764452 -1.304708 1200000 1
-0.02625 -2752.4066 	317351.97 	-3971.3349 	 -309.88267 	1411156.3 	-9278.6436 	 3.9540297e-05 	-1.4796503e-05 	-0.0012801977 	 -1.8762669e-06 	-2.1630198e-05 	-0.0034245471 	 -4909.6121 	-2.5858194 	-16.862237 	 -18.980494 	-10.832159 	-0.85941449 	 -51.79978 	9.0392396 	-2.0771641 		-0.02625 -0.65115867 -1.2933107 1200000 1
-0.025 -2981.636 	316742.99 	-4023.5029 	 -166.19232 	1411813.5 	-8942.4939 	 3.9553324e-05 	-1.4672562e-05 	-0.0012774856 	 -1.8671076e-06 	-2.0836345e-05 	-0.0034257366 	 -4911.5423 	-2.6158819 	-16.848043 	 -19.366493 	-11.264965 	-0.91661758 	 -50.780827 	9.9281975 	-2.1208728 		-0.025 -0.66467282 -1.2819135 1200000 1
-0.02375 -3301.5603 	315972.32 	-4152.7239 	 1.3117965 	1412244.8 	-8673.536 	 3.9565649e-05 	-1.476608e-05 	-0.0012741645 	 -1.8568516e-06 	-2.0194272e-05 	-0.0034261902 	 -4911.3729 	-2.7003072 	-16.823691 	 -19.814932 	-11.741432 	-0.98724438 	 -49.800678 	10.671789 	-2.1778143 		-0.02375 -0.67932108 -1.2684902 1200000 1
-0.0225 -3621.4845 	315201.65 	-4281.9449 	 168.81592 	1412676 	-8404.5781 	 3.9577974e-05 	-1.4859599e-05 	-0.0012708433 	 -1.8465955e-06 	-1.9552199e-05 	-0.0034266437 	 -4911.2036 	-2.7847324 	-16.79934 	 -20.263371 	-12.217899 	-1.0578712 	 -48.82053 	11.41538 	-2.2347557 		-0.0225 -0.69396934 -1.255067 1200000 1
-0.02125 -4087.5253 	314228.37 	-4519.3056 	 381.06847 	1412854 	-8217.9126 	 3.9592544e-05 	-1.524992e-05 	-0.0012666899 	 -1.8361864e-06 	-1.9097056e-05 	-0.0034262637 	 -4908.6342 	-2.9468314 	-16.760683 	 -20.789537 	-12.742344 	-1.145616 	 -47.900391 	12.039315 	-2.3091431 		-0.02125 -0.70986583 -1.2399518 1200000 1
-0.02 -4553.5661 	313255.09 	-4756.6663 	 593.32102 	1413031.9 	-8031.2471 	 3.9607114e-05 	-1.5640242e-05 	-0.0012625365 	 -1.8257773e-06 	-1.8641913e-05 	-0.0034258837 	 -4906.0649 	-3.1089304 	-16.722025 	 -21.315702 	-13.266789 	-1.2333609 	 -46.980252 	12.66325 	-2.3835306 		-0.02 -0.72576231 -1.2248366 1200000 1
-0.01875 -5263.7349 	312013.56 	-5152.0075 	 856.65057 	1412911.5 	-7952.6461 	 3.9632701e-05 	-1.6453995e-05 	-0.0012571948 	 -1.8137902e-06 	-1.8429443e-05 	-0.0034245234 	 -4900.6076 	-3.446262 	-16.664286 	 -21.941506 	-13.844063 	-1.3433708 	 -46.148014 	13.200262 	-2.480411 		-0.01875 -0.7430328 -1.2082936 1200000 1
-0.0175 -5973.9036 	310772.03 	-5547.3488 	 1119.9801 	1412791.1 	-7874.0452 	 3.9658289e-05 	-1.7267748e-05 	-0.0012518532 	 -1.8018031e-06 	-1.8216972e-05 	-0.0034231631 	 -4895.1504 	-3.7835936 	-16.606547 	 -22.567309 	-14.421336 	-1.4533806 	 -45.315776 	13.737275 	-2.5772914 		-0.0175 -0.76030329 -1.1917507 1200000 1
-0.01625 -7012.3286 	309128.57 	-6169.1061 	 1396.3314 	1412288.5 	-7957.6508 	 3.9700533e-05 	-1.8711423e-05 	-0.0012445322 	 -1.7558359e-06 	-1.833456e-05 	-0.0034207009 	 -4885.974 	-4.4419111 	-16.538317 	 -23.325198 	-15.056096 	-1.5929656 	 -44.609679 	14.234397 	-2.7027151 		-0.01625 -0.77908614 -1.1739505 1200000 1
-0.015 -8050.7536 	307485.12 	-6790.8635 	 1672.6827 	1411785.9 	-8041.2563 	 3.9742776e-05 	-2.0155098e-05 	-0.0012372111 	 -1.7098686e-06 	-1.8452147e-05 	-0.0034182387 	 -4876.7977 	-5.1002285 	-16.470088 	 -24.083086 	-15.690856 	-1.7325506 	 -43.903583 	14.731519 	-2.8281389 		-0.015 -0.79786899 -1.1561502 1200000 1
-0.01375 -9115.2579 	305309.21 	-7640.482 	 2500.638 	1410498.7 	-8334.012 	 3.9616485e-05 	-2.2578955e-05 	-0.0012251739 	 -1.5699002e-06 	-1.9028444e-05 	-0.0034137665 	 -4861.094 	-4.7464646 	-16.361177 	 -25.023157 	-16.385389 	-1.9122993 	 -43.378191 	15.263813 	-2.9890802 		-0.01375 -0.81831328 -1.1371217 1200000 1
-0.0125 -10179.762 	303133.3 	-8490.1005 	 3328.5934 	1409211.5 	-8626.7677 	 3.9490194e-05 	-2.5002813e-05 	-0.0012131367 	 -1.4299318e-06 	-1.9604741e-05 	-0.0034092944 	 -4845.3904 	-4.3927007 	-16.252266 	 -25.963227 	-17.079921 	-2.0920479 	 -42.852799 	15.796107 	-3.1500215 		-0.0125 -0.83875756 -1.1180931 1200000 1
-0.01125 -13413.944 	301854.58 	-9539.1955 	 10436.636 	1406118.9 	-8466.0733 	 3.8425822e-05 	-2.9094188e-05 	-0.0011923193 	 -2.2347014e-06 	-2.0777455e-05 	-0.0033924862 	 -4813.5349 	4.7412762 	-15.023213 	 -27.166971 	-17.82794 	-2.3275514 	 -42.589023 	16.493747 	-3.3534884 		-0.01125 -0.86101308 -1.0976314 1200000 1
-0.01 -16648.127 	300575.86 	-10588.291 	 17544.678 	1403026.3 	-8305.3788 	 3.7361451e-05 	-3.3185564e-05 	-0.0011715019 	 -3.0394711e-06 	-2.1950168e-05 	-0.003375678 	 -4781.6794 	13.875253 	-13.79416 	 -28.370715 	-18.575959 	-2.5630549 	 -42.325247 	17.191387 	-3.5569554 		-0.01 -0.8832686 -1.0771697 1200000 1
-0.00875 -60777.525 	307951.56 	-15868.155 	 37758.358 	1404095 	-4735.1259 	 3.9425958e-05 	-4.1024588e-05 	-0.0011869303 	 -1.1655361e-05 	-2.3986867e-05 	-0.0033192642 	 -4756.7695 	-7.2269155 	-5.5452181 	 -29.979845 	-19.34469 	-2.8773922 	 -42.447073 	18.294951 	-3.8067687 		-0.00875 -0.90745298 -1.0546529 1200000 1
-0.0075 -104906.92 	315327.26 	-21148.02 	 57972.038 	1405163.6 	-1164.873 	 4.1490465e-05 	-4.8863612e-05 	-0.0012023587 	 -2.0271251e-05 	-2.6023566e-05 	-0.0032628505 	 -4731.8596 	-28.329084 	2.7037241 	 -31.588975 	-20.11342 	-3.1917294 	 -42.5689 	19.398514 	-4.0565821 		-0.0075 -0.93163736 -1.0321362 1200000 1
-0.00625 -313653.13 	311974.57 	-56384.912 	 -107619.88 	1472211.9 	-7510.4833 	 0.00012129097 	-6.5441156e-05 	-0.0017207447 	 -2.9840282e-05 	-3.4843958e-05 	-0.0034816838 	 -5325.3282 	-973.06206 	8.4040021 	 -33.876578 	-20.783011 	-3.6182434 	 -43.269242 	21.374783 	-4.3439351 		-0.00625 -0.95773653 -1.0061566 1200000 1
-0.005 -522399.35 	308621.87 	-91621.804 	 -273211.8 	1539260.2 	-13856.094 	 0.00020109147 	-8.20187e-05 	-0.0022391307 	 -3.9409314e-05 	-4.366435e-05 	-0.0037005171 	 -5918.7969 	-1917.795 	14.10428 	 -36.16418 	-21.452601 	-4.0447575 	 -43.969584 	23.351053 	-4.6312881 		-0.005 -0.9838357 -0.98017709 1200000 1
-0.00375 11935.747 	395231.17 	-141913.79 	 -1699946.5 	2151031.8 	-192784.07 	 0.00035875879 	-8.7438905e-05 	-0.0028934612 	 9.2693019e-05 	-3.9646502e-05 	-0.0046927344 	 -8431.0273 	-5503.8274 	-289.40091 	 -39.987546 	-21.706227 	-4.6486814 	 -45.694235 	27.009242 	-4.8827311 		-0.00375 -1.011242 -0.94680613 1200000 1
-0.0025 546270.84 	481840.47 	-192205.78 	 -3126681.2 	2762803.5 	-371712.05 	 0.00051642611 	-9.285911e-05 	-0.0035477917 	 0.00022479535 	-3.5628654e-05 	-0.0056849517 	 -10943.258 	-9089.8598 	-592.90609 	 -43.810912 	-21.959852 	-5.2526054 	 -47.418886 	30.667432 	-5.1341741 		-0.0025 -1.0386483 -0.91343516 1200000 1
-0.00125 4861638.2 	-1175170.3 	101528.65 	 -5191885 	3331590.2 	-830271.29 	 0.0004784389 	-8.3360181e-05 	3.8595875e-05 	 0.00095207135 	-5.190998e-05 	-0.010269776 	 -21511.665 	-36496.018 	-1574.2425 	 -49.32422 	-21.246144 	-5.9959371 	 -49.806972 	36.981765 	-5.2801387 		-0.00125 -1.06603 -0.8714372 1200000 1
5.2475385e-17 4816042.8 	-4437123.3 	266493.27 	 -3076058.7 	2887718.3 	-602213.61 	 0.00014850505 	-2.9755792e-05 	0.0076653564 	 0.0019808668 	-0.00011814272 	-0.016507561 	 -44510.013 	-34800.563 	-2717.7241 	 -52.15172 	6.6326605 	-6.3701517 	 -50.030603 	34.048843 	-5.2931555 		5.2475385e-17 -1.0753642 -0.82741589 650000 1
0.00125 988745.97 	-6128174.5 	111841.4 	 -169632.25 	2308762.8 	-78587.305 	 -0.00012303139 	4.6903919e-05 	0.012354221 	 0.0024398265 	-0.0001679274 	-0.018993888 	 -61731.911 	-7963.5562 	-3271.0129 	 -48.448935 	34.454801 	-5.9509403 	 -45.980165 	31.019066 	-5.1523114 		0.00125 -1.0494484 -0.7863151 100000 1
0.0025 680277.49 	-6436964.7 	97286.189 	 -221688.86 	2089436.1 	-65387.333 	 -0.00028600823 	0.00010017541 	0.015062646 	 0.002480434 	-0.00018123275 	-0.018823601 	 -72946.317 	-7263.3065 	-3701.2948 	 -42.081926 	34.988625 	-5.1637493 	 -39.814446 	37.034815 	-4.8817581 		0.0025 -1.0055954 -0.74338115 100000 1
0.00375 479421.72 	-6596374 	80924.784 	 -236861.22 	1959237.4 	-55139.948 	 -0.00041629462 	0.00011692992 	0.017343021 	 0.0025055047 	-0.00016979387 	-0.018607469 	 -82787.633 	-6282.0556 	-4132.5976 	 -37.521856 	34.456276 	-4.5237438 	 -34.426526 	40.215117 	-4.5163419 		0.00375 -0.96219044 -0.69259392 100000 1
0.005 278565.95 	-6755783.3 	64563.379 	 -252033.57 	1829038.7 	-44892.564 	 -0.00054658101 	0.00013368442 	0.019623396 	 0.0025305755 	-0.000158355 	-0.018391336 	 -92628.948 	-5300.8046 	-4563.9004 	 -32.961786 	33.923926 	-3.8837382 	 -29.038607 	43.395419 	-4.1509257 		0.005 -0.91878552 -0.64180669 100000 1
0.00625 192191.44 	-6799543.5 	50899.633 	 -227209.42 	1789444.9 	-38574.631 	 -0.00058301011 	0.00011215223 	0.020094238 	 0.0025432802 	-0.00013164738 	-0.018483118 	 -94391.163 	-4191.3902 	-4674.6162 	 -30.108279 	32.955086 	-3.4352054 	 -24.791523 	44.762217 	-3.7633057 		0.00625 -0.87748596 -0.58504354 100000 1
0.0075 105816.93 	-6843303.7 	37235.887 	 -202385.28 	1749851 	-32256.699 	 -0.00061943921 	9.0620046e-05 	0.020565079 	 0.002555985 	-0.00010493976 	-0.018574901 	 -96153.378 	-3081.9758 	-4785.3321 	 -27.254772 	31.986247 	-2.9866726 	 -20.54444 	46.129015 	-3.3756857 		0.0075 -0.8361864 -0.5282804 100000 1
0.00875 70139.649 	-6854018.6 	27663.338 	 -174884.23 	1724985.8 	-27159.217 	 -0.00063154876 	6.9365162e-05 	0.020670081 	 0.0025632776 	-7.9700471e-05 	-0.018619029 	 -96379.098 	-2435.3879 	-4806.9598 	 -25.16919 	30.961484 	-2.6620808 	 -16.899207 	46.497958 	-3.0331562 		0.00875 -0.79752034 -0.46972101 100000 1
0.01 34462.372 	-6864733.5 	18090.79 	 -147383.18 	1700120.6 	-22061.735 	 -0.0006436583 	4.8110279e-05 	0.020775083 	 0.0025705702 	-5.4461181e-05 	-0.018663157 	 -96604.818 	-1788.8001 	-4828.5875 	 -23.083608 	29.936721 	-2.3374889 	 -13.253974 	46.866902 	-2.6906268 		0.01 -0.75885429 -0.41116162 100000 1
0.01125 22014.807 	-6863768.6 	11671.75 	 -126872.99 	1681409.9 	-18311.15 	 -0.00064820661 	3.1151786e-05 	0.020789993 	 0.0025736808 	-3.2362933e-05 	-0.018663855 	 -96437.535 	-1454.1265 	-4821.8548 	 -21.433101 	28.991275 	-2.0993713 	 -9.9977828 	46.675575 	-2.397581 		0.01125 -0.72267854 -0.35255376 100000 1
0.0125 9567.2423 	-6862803.7 	5252.7113 	 -106362.8 	1662699.1 	-14560.566 	 -0.00065275493 	1.4193294e-05 	0.020804903 	 0.0025767914 	-1.0264684e-05 	-0.018664553 	 -96270.252 	-1119.453 	-4815.1221 	 -19.782595 	28.04583 	-1.8612536 	 -6.7415915 	46.484249 	-2.1045352 		0.0125 -0.68650279 -0.29394589 100000 1
0.01375 6958.0241 	-6857523.2 	823.36237 	 -93206.603 	1647383.2 	-12022.263 	 -0.00065421859 	1.0655664e-06 	0.020789947 	 0.0025766879 	8.6873356e-06 	-0.018638727 	 -95973.918 	-959.58596 	-4797.1187 	 -18.398786 	27.199083 	-1.6827865 	 -3.7567545 	45.940426 	-1.8549773 		0.01375 -0.65256397 -0.23634313 100000 1
0.015 4348.8058 	-6852242.8 	-3605.9865 	 -80050.408 	1632067.3 	-9483.9593 	 -0.00065568225 	-1.2062162e-05 	0.020774991 	 0.0025765844 	2.7639356e-05 	-0.018612901 	 -95677.583 	-799.71895 	-4779.1152 	 -17.014977 	26.352336 	-1.5043195 	 -0.7719174 	45.396603 	-1.6054194 		0.015 -0.61862514 -0.17874037 100000 1
0.01625 5439.5417 	-6845171.2 	-6911.3196 	 -72359.783 	1618917.3 	-7873.5195 	 -0.00065621677 	-2.2521838e-05 	0.020752238 	 0.0025745678 	4.4008235e-05 	-0.018574114 	 -95348.754 	-731.65311 	-4758.4676 	 -15.806407 	25.593601 	-1.3672792 	 2.0123719 	44.604283 	-1.3916719 		0.01625 -0.58668313 -0.12285162 100000 1
0.0175 6530.2775 	-6838099.7 	-10216.653 	 -64669.158 	1605767.3 	-6263.0797 	 -0.00065675129 	-3.2981513e-05 	0.020729486 	 0.0025725512 	6.0377114e-05 	-0.018535327 	 -95019.926 	-663.58728 	-4737.82 	 -14.597838 	24.834866 	-1.2302389 	 4.7966612 	43.811962 	-1.1779245 		0.0175 -0.55474111 -0.066962875 100000 1
0.01875 8733.7497 	-6830060.5 	-12931.711 	 -60556.494 	1594026.8 	-5287.8722 	 -0.00065718942 	-4.1782162e-05 	0.020705798 	 0.0025696317 	7.4853434e-05 	-0.018491667 	 -94688.071 	-641.89894 	-4717.8005 	 -13.510942 	24.14808 	-1.1223711 	 7.4258166 	42.823416 	-0.9931334 		0.01875 -0.52459596 -0.013321716 100000 1
0.02 10937.222 	-6822021.4 	-15646.768 	 -56443.83 	1582286.4 	-4312.6647 	 -0.00065762755 	-5.0582811e-05 	0.02068211 	 0.0025667122 	8.9329754e-05 	-0.018448008 	 -94356.216 	-620.21061 	-4697.781 	 -12.424046 	23.461294 	-1.0145033 	 10.054972 	41.834869 	-0.80834234 		0.02 -0.49445081 0.040319442 100000 1
0.02125 13307.081 	-6813232.7 	-18070.33 	 -54554.829 	1571416.5 	-3739.848 	 -0.00065817894 	-5.8439086e-05 	0.020658649 	 0.0025634936 	0.00010255813 	-0.018403412 	 -94025.004 	-621.82428 	-4679.0277 	 -11.425001 	22.831569 	-0.92747443 	 12.559288 	40.674327 	-0.64698778 		0.02125 -0.46594273 0.091265458 100000 1
0.0225 15676.94 	-6804444.1 	-20493.891 	 -52665.827 	1560546.6 	-3167.0313 	 -0.00065873032 	-6.629536e-05 	0.020635188 	 0.0025602749 	0.00011578651 	-0.018358816 	 -93693.792 	-623.43795 	-4660.2745 	 -10.425956 	22.201843 	-0.84044559 	 15.063604 	39.513784 	-0.48563322 		0.0225 -0.43743464 0.14221147 100000 1
0.02375 17970.167 	-6794900.7 	-22786.669 	 -52160.535 	1550140.9 	-2835.9645 	 -0.00065937447 	-7.3675308e-05 	0.020611271 	 0.0025570417 	0.00012830728 	-0.018314661 	 -93357.914 	-637.52748 	-4642.4007 	 -9.4918757 	21.616568 	-0.7684525 	 17.463658 	38.189027 	-0.34346011 		0.02375 -0.41043812 0.19004992 100000 1
0.025 20263.394 	-6785357.3 	-25079.448 	 -51655.242 	1539735.2 	-2504.8977 	 -0.00066001861 	-8.1055256e-05 	0.020587353 	 0.0025538086 	0.00014082805 	-0.018270507 	 -93022.036 	-651.617 	-4624.527 	 -8.5577954 	21.031292 	-0.69645942 	 19.863712 	36.86427 	-0.20128699 		0.025 -0.3834416 0.23788837 100000 1
0.02625 22502.919 	-6774957.5 	-27329.935 	 -52058.647 	1529479.4 	-2314.3605 	 -0.0006606814 	-8.825777e-05 	0.02056195 	 0.0025506405 	0.00015307165 	-0.018226814 	 -92673.893 	-673.60467 	-4606.8747 	 -7.6722267 	20.479765 	-0.63533342 	 22.173457 	35.372587 	-0.075117571 		0.02625 -0.35785989 0.28221059 100000 1
0.0275 24742.445 	-6764557.7 	-29580.422 	 -52462.052 	1519223.6 	-2123.8234 	 -0.00066134419 	-9.5460284e-05 	0.020536546 	 0.0025474725 	0.00016531524 	-0.018183121 	 -92325.75 	-695.59233 	-4589.2225 	 -6.7866579 	19.928238 	-0.57420743 	 24.483202 	33.880903 	0.051051845 		0.0275 -0.33227818 0.32653282 100000 1
0.02875 27025.37 	-6753147.3 	-31842.611 	 -53521.578 	1508865 	-2013.2389 	 -0.00066196189 	-0.00010267919 	0.020508735 	 0.0025443355 	0.00017762035 	-0.018139235 	 -91957.627 	-723.80601 	-4571.1506 	 -5.9371293 	19.401037 	-0.52084474 	 26.711859 	32.212203 	0.16348686 		0.02875 -0.30803929 0.36691285 100000 1
0.03 29308.296 	-6741736.9 	-34104.801 	 -54581.104 	1498506.3 	-1902.6544 	 -0.00066257959 	-0.00010989811 	0.020480924 	 0.0025411985 	0.00018992546 	-0.018095349 	 -91589.504 	-752.01969 	-4553.0787 	 -5.0876007 	18.873835 	-0.46748206 	 28.940516 	30.543503 	0.27592187 		0.03 -0.28380041 0.40729288 100000 1
0.03125 31723.623 	-6729126.3 	-36417.737 	 -56166.621 	1487834.7 	-1836.3964 	 -0.00066311294 	-0.00011726561 	0.020449929 	 0.0025380034 	0.00020256395 	-0.018050253 	 -91193.946 	-785.90028 	-4534.0426 	 -4.2641831 	18.362244 	-0.41947869 	 31.093785 	28.681905 	0.37610729 		0.03125 -0.26085471 0.44327161 100000 1
0.0325 34138.951 	-6716515.6 	-38730.672 	 -57752.138 	1477163 	-1770.1383 	 -0.0006636463 	-0.00012463312 	0.020418933 	 0.0025348083 	0.00021520243 	-0.018005158 	 -90798.388 	-819.78087 	-4515.0064 	 -3.4407656 	17.850653 	-0.37147533 	 33.247055 	26.820308 	0.47629272 		0.0325 -0.23790901 0.47925034 100000 1
0.03375 36725.097 	-6702495.5 	-41128.098 	 -59797.857 	1466000.4 	-1726.5544 	 -0.00066407316 	-0.00013224524 	0.020383996 	 0.0025314404 	0.00022840115 	-0.017957568 	 -90367.971 	-858.91177 	-4494.5481 	 -2.6351474 	17.346205 	-0.32688857 	 35.327854 	24.744845 	0.56499627 		0.03375 -0.21622807 0.51032238 100000 1
0.035 39311.243 	-6688475.4 	-43525.523 	 -61843.577 	1454837.8 	-1682.9706 	 -0.00066450003 	-0.00013985736 	0.020349059 	 0.0025280725 	0.00024159986 	-0.017909978 	 -89937.555 	-898.04267 	-4474.0898 	 -1.8295292 	16.841757 	-0.28230182 	 37.408654 	22.669382 	0.65369983 		0.035 -0.19454714 0.54139442 100000 1
0.03625 42017.608 	-6672841.7 	-46041.036 	 -64334.891 	1443031.5 	-1649.2449 	 -0.00066479358 	-0.00014778536 	0.020309185 	 0.0025243974 	0.00025555524 	-0.017858313 	 -89464.267 	-941.6576 	-4451.7683 	 -1.0343464 	16.335838 	-0.23949035 	 39.41753 	20.354155 	0.73099445 		0.03625 -0.17412368 0.56699584 100000 1
0.0375 44723.973 	-6657208.1 	-48556.549 	 -66826.206 	1431225.2 	-1615.5192 	 -0.00066508712 	-0.00015571335 	0.020269311 	 0.0025207223 	0.00026951061 	-0.017806649 	 -88990.979 	-985.27252 	-4429.4468 	 -0.23916361 	15.82992 	-0.19667889 	 41.426407 	18.038927 	0.80828908 		0.0375 -0.15370022 0.59259725 100000 1
0.03875 47365.681 	-6639805.5 	-51226.713 	 -69842.035 	1418628.5 	-1587.6225 	 -0.00066519344 	-0.0001640047 	0.020222864 	 0.0025165926 	0.00028439856 	-0.017749021 	 -88465.298 	-1032.2145 	-4404.7671 	 0.55257096 	15.31339 	-0.15419428 	 43.361699 	15.452911 	0.87352187 		0.03875 -0.13454888 0.61209316 100000 1
0.04 50007.388 	-6622403 	-53896.878 	 -72857.864 	1406031.8 	-1559.7259 	 -0.00066529975 	-0.00017229605 	0.020176416 	 0.002512463 	0.0002992865 	-0.017691393 	 -87939.618 	-1079.1565 	-4380.0874 	 1.3443055 	14.796861 	-0.11170967 	 45.296991 	12.866894 	0.93875466 		0.04 -0.11539754 0.63158906 100000 1
0.04125 52226.22 	-6603191.8 	-56762.271 	 -76694.154 	1392446.7 	-1548.4527 	 -0.00066510808 	-0.00018096371 	0.020120525 	 0.0025077323 	0.00031526771 	-0.017625789 	 -87349.113 	-1128.6115 	-4352.3906 	 2.1397848 	14.259577 	-0.068225859 	 47.154794 	9.9734792 	0.99045773 		0.04125 -0.097556729 0.64426039 100000 1
0.0425 54445.052 	-6583980.7 	-59627.664 	 -80530.445 	1378861.6 	-1537.1796 	 -0.0006649164 	-0.00018963137 	0.020064634 	 0.0025030016 	0.00033124892 	-0.017560185 	 -86758.608 	-1178.0666 	-4324.6938 	 2.9352641 	13.722293 	-0.024742053 	 49.012598 	7.0800643 	1.0421608 		0.0425 -0.079715918 0.65693172 100000 1
0.04375 55726.202 	-6563116.7 	-62728.775 	 -85941.605 	1363901.2 	-1582.2297 	 -0.00066422721 	-0.00019862795 	0.019994436 	 0.0024975661 	0.00034847494 	-0.017485125 	 -86085.911 	-1231.8086 	-4293.0081 	 3.7425657 	13.152398 	0.020978437 	 50.786611 	3.8363471 	1.0778909 		0.04375 -0.063250997 0.66196055 100000 1
0.045 57007.351 	-6542252.8 	-65829.887 	 -91352.766 	1348940.7 	-1627.2799 	 -0.00066353801 	-0.00020762452 	0.019924238 	 0.0024921307 	0.00036570096 	-0.017410066 	 -85413.214 	-1285.5506 	-4261.3225 	 4.5498674 	12.582503 	0.066698926 	 52.560625 	0.59262995 	1.113621 		0.045 -0.046786075 0.66698938 100000 1
0.04625 56862.041 	-6520134.5 	-69189.946 	 -99940.222 	1331750.9 	-1822.007 	 -0.00066204572 	-0.00021679626 	0.019832183 	 0.002486025 	0.00038433062 	-0.017326151 	 -84633.409 	-1352.8819 	-4224.1977 	 5.3787642 	11.96523 	0.11579005 	 54.241975 	-3.0516356 	1.1297073 		0.04625 -0.031794738 0.66344213 100000 1
0.0475 56716.732 	-6498016.2 	-72550.006 	 -108527.68 	1314561.2 	-2016.7341 	 -0.00066055343 	-0.000225968 	0.019740129 	 0.0024799194 	0.00040296028 	-0.017242236 	 -83853.604 	-1420.2131 	-4187.0729 	 6.207661 	11.347957 	0.16488118 	 55.923325 	-6.6959011 	1.1457936 		0.0475 -0.016803401 0.65989487 100000 1
0.04875 55230.347 	-6475190.1 	-76128.895 	 -123250.4 	1293338.3 	-2542.6237 	 -0.00065789148 	-0.00023498565 	0.019616015 	 0.0024734967 	0.00042320609 	-0.017155082 	 -82931.622 	-1527.0833 	-4142.503 	 7.0704805 	10.663573 	0.21827925 	 57.500498 	-10.799948 	1.1369433 		0.04875 -0.0034248467 0.64670237 100000 1
0.05 53743.963 	-6452363.9 	-79707.783 	 -137973.13 	1272115.4 	-3068.5132 	 -0.00065522953 	-0.00024400331 	0.0194919 	 0.002467074 	0.00044345189 	-0.017067928 	 -82009.641 	-1633.9534 	-4097.9331 	 7.9333 	9.9791901 	0.27167731 	 59.07767 	-14.903994 	1.1280931 		0.05 0.0099537078 0.63350988 100000 1
0.05125 52798.448 	-6429068.7 	-83299.966 	 -163607.54 	1243391.1 	-4229.2304 	 -0.00065118263 	-0.00025227977 	0.019325066 	 0.0024612921 	0.00046568967 	-0.016992816 	 -80899.351 	-1837.4867 	-4043.6321 	 8.845489 	9.1995917 	0.32989143 	 60.536651 	-19.538879 	1.0867734 		0.05125 0.021523129 0.60944239 100000 1
0.0525 51852.934 	-6405773.6 	-86892.148 	 -189241.96 	1214666.7 	-5389.9476 	 -0.00064713573 	-0.00026055622 	0.019158232 	 0.0024555101 	0.00048792745 	-0.016917703 	 -79789.063 	-2041.0199 	-3989.3312 	 9.757678 	8.4199934 	0.38810554 	 61.995632 	-24.173763 	1.0454537 		0.0525 0.03309255 0.5853749 100000 1
0.05375 57412.944 	-6380768.1 	-89928.923 	 -232303.31 	1172469 	-7609.9473 	 -0.00064221663 	-0.00026719476 	0.018944507 	 0.0024522876 	0.00051291743 	-0.016885466 	 -78437.468 	-2449.0894 	-3923.8463 	 10.737236 	7.5033827 	0.45076123 	 63.320098 	-29.427546 	0.96089009 		0.05375 0.042573112 0.54900798 100000 1
0.055 62972.955 	-6355762.6 	-92965.697 	 -275364.66 	1130271.3 	-9829.9471 	 -0.00063729753 	-0.00027383329 	0.018730781 	 0.0024490651 	0.00053790742 	-0.016853229 	 -77085.874 	-2857.1588 	-3858.3614 	 11.716793 	6.586772 	0.51341691 	 64.644564 	-34.681328 	0.87632644 		0.055 0.052053675 0.51264106 100000 1
0.05625 88754.324 	-6323955.3 	-94177.119 	 -342425.79 	1065573 	-13532.983 	 -0.000634009 	-0.00027772536 	0.01848813 	 0.0024515141 	0.00056717325 	-0.016914783 	 -75447.685 	-3648.7352 	-3783.6545 	 12.780917 	5.4701123 	0.57844113 	 65.81511 	-40.668506 	0.73284208 		0.05625 0.059040043 0.46230466 100000 1
0.0575 114535.69 	-6292147.9 	-95388.541 	 -409486.92 	1000874.7 	-17236.018 	 -0.00063072047 	-0.00028161743 	0.018245478 	 0.0024539631 	0.00059643908 	-0.016976337 	 -73809.497 	-4440.3115 	-3708.9476 	 13.84504 	4.3534525 	0.64346535 	 66.985655 	-46.655684 	0.58935772 		0.0575 0.06602641 0.41196826 100000 1
0.05875 186894.98 	-6240592.3 	-92306.826 	 -501913.61 	902292.93 	-22430.484 	 -0.00063593173 	-0.00028194762 	0.018043165 	 0.0024659442 	0.00063278868 	-0.017198734 	 -71877.211 	-5875.9253 	-3634.6806 	 15.001169 	2.943225 	0.70575115 	 67.97481 	-53.533526 	0.36359374 		0.05875 0.069923674 0.34566545 100000 1
0.06 259254.26 	-6189036.6 	-89225.112 	 -594340.29 	803711.17 	-27624.95 	 -0.00064114299 	-0.00028227781 	0.017840851 	 0.0024779252 	0.00066913828 	-0.017421131 	 -69944.926 	-7311.539 	-3560.4137 	 16.157297 	1.5329975 	0.76803695 	 68.963965 	-60.411367 	0.13782976 		0.06 0.073820938 0.27936264 100000 1
0.06125 421783.58 	-6091376.5 	-77621.684 	 -696207.58 	661193.55 	-32892.51 	 -0.00066995456 	-0.00027990769 	0.017845371 	 0.002501677 	0.00071709086 	-0.017859764 	 -67790.673 	-9719.1593 	-3508.0168 	 17.384494 	-0.3031609 	0.81744192 	 69.718661 	-68.405256 	-0.20583207 		0.06125 0.073756168 0.19463703 100000 1
0.0625 584312.89 	-5993716.3 	-66018.257 	 -798074.87 	518675.93 	-38160.069 	 -0.00069876613 	-0.00027753757 	0.017849891 	 0.0025254287 	0.00076504344 	-0.018298397 	 -65636.421 	-12126.78 	-3455.6199 	 18.61169 	-2.1393193 	0.86684689 	 70.473357 	-76.399145 	-0.5494939 		0.0625 0.073691397 0.10991142 100000 1
0.06375 897624.11 	-5804733.1 	-39660.604 	 -852662.37 	332444.24 	-38608.22 	 -0.00077966382 	-0.00027797871 	0.018382926 	 0.0025548618 	0.00083036365 	-0.018916622 	 -63425.55 	-15871.941 	-3453.6652 	 19.827799 	-4.5735438 	0.88551078 	 70.865542 	-85.833097 	-1.0660475 		0.06375 0.068407869 0.0036391686 100000 1
0.065 1210935.3 	-5615749.9 	-13302.951 	 -907249.86 	146212.54 	-39056.371 	 -0.00086056151 	-0.00027841984 	0.018915961 	 0.0025842949 	0.00089568386 	-0.019534848 	 -61214.679 	-19617.102 	-3451.7105 	 21.043907 	-7.0077682 	0.90417467 	 71.257727 	-95.267049 	-1.5826012 		0.065 0.063124341 -0.10263309 100000 1
0.06625 1737300.8 	-5271086.9 	34946.067 	 -776693.92 	-58404.047 	-22813.713 	 -0.0010398355 	-0.00029710192 	0.020496945 	 0.0025899785 	0.00098207041 	-0.020023742 	 -59039.632 	-25221.394 	-3498.5591 	 22.056232 	-10.232012 	0.86348031 	 70.960863 	-106.56918 	-2.3560686 		0.06625 0.050888449 -0.23452845 100000 1
0.0675 2263666.2 	-4926424 	83195.086 	 -646137.98 	-263020.64 	-6571.0554 	 -0.0012191095 	-0.000315784 	0.022077928 	 0.0025956622 	0.001068457 	-0.020512637 	 -56864.585 	-30825.686 	-3545.4077 	 23.068556 	-13.456256 	0.82278595 	 70.663998 	-117.87132 	-3.1295359 		0.0675 0.038652556 -0.36642382 100000 1
0.06875 3015929.5 	-4358449.4 	156765.87 	 -49885.757 	-425375.97 	49948.437 	 -0.0016105482 	-0.00039916766 	0.026081055 	 0.0024665074 	0.0011688997 	-0.019702135 	 -55070.022 	-42011.428 	-3610.5778 	 23.514253 	-17.614929 	0.68087366 	 68.864516 	-131.4188 	-4.2816025 		0.06875 0.01724781 -0.52920674 100000 1
0.07 3768192.8 	-3790474.8 	230336.66 	 546366.47 	-587731.3 	106467.93 	 -0.0020019868 	-0.00048255132 	0.030084181 	 0.0023373526 	0.0012693424 	-0.018891634 	 -53275.459 	-53197.169 	-3675.7479 	 23.95995 	-21.773602 	0.53896136 	 67.065033 	-144.96627 	-5.433669 		0.07 -0.0041569367 -0.69198966 100000 1
0.07125 4600817 	-2963006 	321798.39 	 2097544.7 	-575057.59 	246080.59 	 -0.00247846 	-0.00064710016 	0.034829243 	 0.0020243412 	0.001324538 	-0.01632009 	 -45811.488 	-68858.622 	-3019.1116 	 23.245657 	-26.939549 	0.21358537 	 61.77844 	-160.78765 	-7.1813698 		0.07125 -0.038078983 -0.89412645 100000 1
0.0725 5433441.2 	-2135537.1 	413260.13 	 3648723 	-562383.87 	385693.24 	 -0.0029549332 	-0.000811649 	0.039574305 	 0.0017113297 	0.0013797335 	-0.013748545 	 -38347.518 	-84520.074 	-2362.4752 	 22.531364 	-32.105496 	-0.11179062 	 56.491846 	-176.60902 	-8.9290705 		0.0725 -0.07200103 -1.0962632 100000 1
0.07375 6045055.7 	-1106010.9 	492136.86 	 6303193.1 	-352303.83 	613489.04 	 -0.0035531863 	-0.0010918719 	0.045398815 	 0.0010568229 	0.0013474898 	-0.0072438789 	 -22620.762 	-119073.99 	-770.08297 	 20.563312 	-38.259698 	-0.60731596 	 46.984095 	-194.03032 	-11.170698 		0.07375 -0.11647291 -1.3299196 100000 1
0.075 5911258.6 	-341335.66 	488434.94 	 9175961.6 	-880818.03 	778960.69 	 -0.0039451746 	-0.0012742745 	0.049350874 	 0.00059504259 	0.0013118693 	-0.002351419 	 -7601.1754 	-135752.21 	1834.4638 	 19.33283 	-41.572856 	-0.87984523 	 41.342842 	-203.00021 	-12.353078 		0.075 -0.16843898 -1.5836699 100000 1
