# y jRe_x jRe_y jRe_z jIm_x jIm_y jIm_z BRe_x BRe_y BRe_z BIm_x BIm_y BIm_z F_x F_y F_z VReGrad_x VReGrad_y VReGrad_z VImGrad_x VImGrad_y VImGrad_z s VRe VIm sigma mur
-0.075 -514355.19 	-25322.361 	-16910.538 	 -2156394.4 	-110983.02 	-158496.06 	 -0.0044918832 	0.0027784569 	0.041500899 	 0.00013688913 	-0.00041868278 	0.0049922388 	 -811.92619 	16087.702 	-317.13372 	 -0.47634348 	-0.63275378 	0.0060486089 	 -1.5381253 	-3.2485116 	0.13086604 		-0.075 -0.00074502177 -0.0028083449 1200000 1
-0.07375 -559949.57 	-149395.61 	-17645.737 	 -1870610.7 	-322132.84 	-136447.74 	 -0.0044815211 	0.0026647398 	0.041138092 	 0.00028380534 	-0.00045194782 	0.0034839401 	 -3606.2883 	14827.662 	-611.04344 	 -0.47943432 	-0.59059034 	0.00573655 	 -1.6416208 	-3.0542177 	0.11253515 		-0.07375 -0.0015238064 -0.0068137272 1200000 1
-0.0725 -581112.64 	-295867.78 	-14995.881 	 -1571844.9 	-606411.7 	-101756.37 	 -0.004473753 	0.0025193069 	0.040500711 	 0.00044198597 	-0.00049428175 	0.0017984419 	 -6389.279 	13290.765 	-861.3882 	 -0.48402864 	-0.5343441 	0.0038873917 	 -1.7642907 	-2.7946309 	0.08350043 		-0.0725 -0.002225494 -0.010468849 1200000 1
-0.07125 -589818.78 	-442012.66 	-12668.43 	 -1324175.4 	-877484.44 	-74416.382 	 -0.0044599846 	0.0023731198 	0.039701268 	 0.00061131666 	-0.00051176471 	-8.6353301e-05 	 -8608.7087 	11691.096 	-1068.5983 	 -0.48793699 	-0.481126 	0.0029189411 	 -1.8508607 	-2.542414 	0.060488654 		-0.07125 -0.002862716 -0.013812112 1200000 1
-0.07 -586920.73 	-585968.43 	-9992.8895 	 -1122482.2 	-1128395.8 	-51284.548 	 -0.0044516376 	0.0022386016 	0.038980565 	 0.00074390243 	-0.00051400859 	-0.0015541306 	 -10519.913 	10520.697 	-1250.2925 	 -0.49086183 	-0.43081182 	0.0021581171 	 -1.9066112 	-2.3047937 	0.040882191 		-0.07 -0.0034388184 -0.01686759 1200000 1
-0.06875 -576200.46 	-727398.33 	-7408.0137 	 -962851.57 	-1348734.6 	-33297.177 	 -0.0044433339 	0.0021151207 	0.038388331 	 0.00084141567 	-0.00051420319 	-0.0025460852 	 -12265.621 	9781.6815 	-1412.3928 	 -0.4916644 	-0.38329562 	0.0017276766 	 -1.9350867 	-2.0892694 	0.025482206 		-0.06875 -0.0039431724 -0.019593886 1200000 1
-0.0675 -558412.61 	-863172.43 	-4962.56 	 -825879.88 	-1539051.7 	-19296.886 	 -0.0044396025 	0.0020040324 	0.037822892 	 0.00091071917 	-0.00050258761 	-0.0033236943 	 -13790.983 	9129.6279 	-1568.4985 	 -0.49091775 	-0.33859129 	0.0015443634 	 -1.9518658 	-1.8974712 	0.013342203 		-0.0675 -0.00438822 -0.022052969 1200000 1
-0.06625 -536897.49 	-994284.84 	-2698.6775 	 -708317.18 	-1708959.7 	-7939.8102 	 -0.0044372063 	0.0018995265 	0.037299019 	 0.00096681745 	-0.00048859863 	-0.0039336025 	 -15226.973 	8553.0062 	-1718.6179 	 -0.48846914 	-0.29594695 	0.0015211383 	 -1.9583524 	-1.7217333 	0.0033677668 		-0.06625 -0.0047843165 -0.024308085 1200000 1
-0.065 -512598.63 	-1120211.1 	-667.93189 	 -607641.9 	-1859797.6 	962.50971 	 -0.0044353504 	0.0018006682 	0.036818437 	 0.0010132649 	-0.00047363342 	-0.0043962983 	 -16605.172 	8026.2011 	-1862.4745 	 -0.48430931 	-0.25530899 	0.0016567361 	 -1.9564222 	-1.5613454 	-0.0045895585 		-0.065 -0.0051332164 -0.026372695 1200000 1
-0.06375 -487450.49 	-1239401.4 	1069.1989 	 -526186.51 	-1992121.2 	7690.9271 	 -0.0044385236 	0.0017122002 	0.036415158 	 0.0010415763 	-0.00045223355 	-0.0046941516 	 -18021.776 	7545.7173 	-2017.9943 	 -0.47781301 	-0.21679087 	0.0019371205 	 -1.9449362 	-1.4172157 	-0.0107517 		-0.06375 -0.0054269729 -0.02822823 1200000 1
-0.0625 -460299.28 	-1352412.1 	2555.7878 	 -454713.63 	-2103144.4 	12610.857 	 -0.004437951 	0.0016267499 	0.036025187 	 0.001070302 	-0.00043593946 	-0.0049418174 	 -19282.251 	7090.6336 	-2157.542 	 -0.46968354 	-0.18102474 	0.0023292729 	 -1.9307932 	-1.2897263 	-0.015425401 		-0.0625 -0.0056697754 -0.0298971 1200000 1
-0.06125 -432376.3 	-1458746 	3803.4065 	 -391998.68 	-2201534.2 	16295.518 	 -0.0044408093 	0.0015479035 	0.035673359 	 0.0010892612 	-0.00041720424 	-0.0051089631 	 -20515.343 	6639.708 	-2299.2986 	 -0.46027228 	-0.14736008 	0.0028211591 	 -1.9141691 	-1.1738568 	-0.019075405 		-0.06125 -0.005873788 -0.031429512 1200000 1
-0.06 -404330.02 	-1559153.7 	4872.4296 	 -337314.31 	-2288318.8 	19169.586 	 -0.0044454305 	0.0014740676 	0.03535599 	 0.0011022076 	-0.00039819806 	-0.0052189521 	 -21714.657 	6202.0362 	-2441.3162 	 -0.44956614 	-0.1156897 	0.0033667756 	 -1.8951973 	-1.0685083 	-0.022054393 		-0.06 -0.0060407689 -0.032836333 1200000 1
-0.05875 -377235.24 	-1651380.6 	5728.9127 	 -291477.42 	-2365974.1 	21113.901 	 -0.0044494031 	0.0014025517 	0.035094711 	 0.0011164607 	-0.00038195882 	-0.0052293348 	 -23001.513 	5760.202 	-2571.3866 	 -0.43730478 	-0.085942854 	0.0039710349 	 -1.8730163 	-0.9732557 	-0.024258776 		-0.05875 -0.0061685342 -0.034118437 1200000 1
-0.0575 -350591.17 	-1739385.9 	6377.7016 	 -252133.81 	-2427966.6 	22179.246 	 -0.0044533753 	0.0013383673 	0.034842349 	 0.0011232073 	-0.00036464583 	-0.0052825726 	 -24050.916 	5375.0888 	-2707.2011 	 -0.42365846 	-0.059032426 	0.0046690677 	 -1.8502341 	-0.89020049 	-0.02574125 		-0.0575 -0.0062526614 -0.035262882 1200000 1
-0.05625 -323739.41 	-1819660.2 	6925.8076 	 -216863.51 	-2483526.6 	23007.887 	 -0.0044568882 	0.0012758304 	0.034616718 	 0.0011317856 	-0.00034969107 	-0.0052751683 	 -25102.49 	4972.347 	-2827.0031 	 -0.40936251 	-0.034124999 	0.0053743663 	 -1.8276449 	-0.81490261 	-0.027032379 		-0.05625 -0.0063095107 -0.036322475 1200000 1
-0.055 -297533.84 	-1894274.6 	7348.1767 	 -185888.96 	-2532173 	23315.259 	 -0.0044602311 	0.0012164366 	0.034414023 	 0.0011392676 	-0.00033539942 	-0.0052468646 	 -26107.251 	4579.7904 	-2940.3986 	 -0.39425417 	-0.011125614 	0.0061243893 	 -1.8046449 	-0.74691724 	-0.027896646 		-0.055 -0.0063393083 -0.037301025 1200000 1
-0.05375 -272613.78 	-1961208.8 	7667.1731 	 -159458.99 	-2576838.7 	23547.243 	 -0.0044710743 	0.0011616317 	0.034252834 	 0.0011365051 	-0.00031971388 	-0.0051589249 	 -27176.442 	4185.7692 	-3063.2499 	 -0.37829007 	0.010029846 	0.0068946732 	 -1.7808937 	-0.68583352 	-0.02870127 		-0.05375 -0.0063420494 -0.038201464 1200000 1
-0.0525 -248938.16 	-2025146.6 	7908.2731 	 -137027.93 	-2610293.4 	23311.027 	 -0.0044684169 	0.001107843 	0.034088877 	 0.0011487291 	-0.00030866293 	-0.0051364517 	 -27994.989 	3839.6607 	-3152.9317 	 -0.36124296 	0.028721581 	0.0077079696 	 -1.7568905 	-0.6330914 	-0.029144508 		-0.0525 -0.0063124318 -0.039014261 1200000 1
-0.05125 -225226.01 	-2081385.6 	8086.6619 	 -116872.65 	-2640669.3 	22923.179 	 -0.0044741562 	0.0010584808 	0.033947697 	 0.0011496299 	-0.00029584209 	-0.0050710498 	 -28809.914 	3481.9069 	-3250.5645 	 -0.34405054 	0.04537928 	0.0085416999 	 -1.7341422 	-0.58648628 	-0.029477573 		-0.05125 -0.006264938 -0.039770742 1200000 1
-0.05 -202248.35 	-2132670.7 	8230.828 	 -99082.989 	-2667063.2 	22625.152 	 -0.0044783989 	0.0010108712 	0.033820034 	 0.0011522021 	-0.00028414307 	-0.0050007179 	 -29567.739 	3133.6907 	-3337.2061 	 -0.32640872 	0.060302879 	0.0093950475 	 -1.7116364 	-0.54506094 	-0.029909172 		-0.05 -0.0061997341 -0.040478172 1200000 1
-0.04875 -180161.42 	-2178234.9 	8367.7293 	 -83547.547 	-2690475.9 	22080.558 	 -0.0044796887 	0.00096459619 	0.033709985 	 0.0011589822 	-0.00027364303 	-0.0049109383 	 -30310.56 	2791.4421 	-3406.3993 	 -0.30830481 	0.073537571 	0.01024801 	 -1.6892526 	-0.50867158 	-0.030161763 		-0.04875 -0.0061175951 -0.041140519 1200000 1
-0.0475 -159789.12 	-2219434.3 	8467.1969 	 -70658.37 	-2708917.9 	21507.867 	 -0.0044859337 	0.00092251138 	0.033612651 	 0.0011570538 	-0.00026258444 	-0.0048471097 	 -30929.93 	2476.1224 	-3486.7983 	 -0.28953681 	0.084675639 	0.011149083 	 -1.666755 	-0.47823916 	-0.0304282 		-0.0475 -0.0060145502 -0.041749905 1200000 1
-0.04625 -139112.35 	-2254836.4 	8592.783 	 -58883.006 	-2724201.2 	21074.162 	 -0.004485247 	0.00088108465 	0.033518529 	 0.0011645111 	-0.00025329955 	-0.0047782037 	 -31465.628 	2159.0195 	-3536.1403 	 -0.27081175 	0.093833643 	0.012063064 	 -1.6456725 	-0.45273136 	-0.030862007 		-0.04625 -0.0059021434 -0.042328489 1200000 1
-0.045 -119024.72 	-2285665.8 	8767.4279 	 -48424.388 	-2737319.4 	20463.219 	 -0.0044873874 	0.00084199833 	0.033434667 	 0.0011677569 	-0.00024372156 	-0.0047080875 	 -31948.272 	1848.8974 	-3586.006 	 -0.25194101 	0.10138658 	0.012971255 	 -1.6251388 	-0.43140185 	-0.031192617 		-0.045 -0.0057807795 -0.042880608 1200000 1
-0.04375 -99509.103 	-2312234.7 	8940.124 	 -39122.718 	-2748447.8 	20114.358 	 -0.0044916541 	0.00080477173 	0.033359156 	 0.0011678617 	-0.00023421079 	-0.0046408484 	 -32369.632 	1546.5573 	-3634.9347 	 -0.23293743 	0.10734727 	0.013928032 	 -1.6051242 	-0.4139277 	-0.031791392 		-0.04375 -0.0056517107 -0.043410036 1200000 1
-0.0425 -81274.522 	-2332551.8 	9214.0904 	 -31178.574 	-2758644 	19674.495 	 -0.004490069 	0.00076862032 	0.033299631 	 0.0011763997 	-0.00022554686 	-0.0045487997 	 -32802.207 	1254.1123 	-3655.3786 	 -0.21347227 	0.11159272 	0.014859837 	 -1.5849721 	-0.40078949 	-0.032377289 		-0.0425 -0.0055116869 -0.043916554 1200000 1
-0.04125 -63081.558 	-2350717.4 	9583.3785 	 -23953.361 	-2763829.3 	19240.622 	 -0.0044926077 	0.00073554839 	0.033229646 	 0.0011769731 	-0.00021663972 	-0.0045197256 	 -32998.071 	971.96165 	-3687.1083 	 -0.19417243 	0.11380004 	0.01581672 	 -1.5660541 	-0.39230567 	-0.033055649 		-0.04125 -0.0053697591 -0.0444086 1200000 1
-0.04 -44906.581 	-2363402 	10027.138 	 -17210.042 	-2768927.7 	19167.179 	 -0.0044919359 	0.0007032375 	0.033170407 	 0.0011825976 	-0.00020807076 	-0.0044673741 	 -33198.001 	688.16653 	-3697.7639 	 -0.17495109 	0.11449047 	0.016801617 	 -1.5478644 	-0.38710076 	-0.034113042 		-0.04 -0.0052278373 -0.044895723 1200000 1
-0.03875 -27003.786 	-2372220.7 	10653.011 	 -10939.407 	-2772475.4 	18947.374 	 -0.0044900604 	0.00067241679 	0.033115272 	 0.0011895596 	-0.00019951682 	-0.0044199738 	 -33336.22 	407.89794 	-3698.0962 	 -0.15573997 	0.11370358 	0.01773509 	 -1.5302002 	-0.38534729 	-0.035132008 		-0.03875 -0.0050859316 -0.045378889 1200000 1
-0.0375 -9930.0298 	-2374433.4 	11385.03 	 -5252.3152 	-2777741.8 	19188.227 	 -0.0044982879 	0.00064248601 	0.033082116 	 0.0011850213 	-0.00019020493 	-0.0043278104 	 -33545.507 	135.92617 	-3711.76 	 -0.13643709 	0.11141267 	0.01868303 	 -1.5127399 	-0.38684927 	-0.03661571 		-0.0375 -0.0049430146 -0.045857433 1200000 1
-0.03625 7136.2839 	-2376757.9 	12358.115 	 295.33722 	-2775400.5 	19519.603 	 -0.0044896733 	0.00061581316 	0.033018674 	 0.0011988251 	-0.00018171341 	-0.0043436386 	 -33397.292 	-133.50001 	-3683.55 	 -0.11713604 	0.10694536 	0.019635735 	 -1.4959292 	-0.3929387 	-0.038327906 		-0.03625 -0.0048050962 -0.046344471 1200000 1
-0.035 24555.074 	-2372655.7 	13630.946 	 5885.7291 	-2774765.2 	19978.707 	 -0.0044913582 	0.00058950486 	0.03297629 	 0.0012009735 	-0.00017245699 	-0.0043145171 	 -33320.589 	-406.59541 	-3669.2618 	 -0.0982376 	0.1010441 	0.020489569 	 -1.4801403 	-0.40220097 	-0.040261257 		-0.035 -0.00467651 -0.046841721 1200000 1
-0.03375 41996.716 	-2364818.7 	15122.49 	 11551.694 	-2773109.3 	21094.946 	 -0.0044924536 	0.00056433859 	0.032937341 	 0.0012039858 	-0.00016298355 	-0.0042903342 	 -33182.91 	-679.48175 	-3645.8706 	 -0.079474985 	0.093623589 	0.021336856 	 -1.4648736 	-0.41444342 	-0.042867402 		-0.03375 -0.0045554708 -0.047351433 1200000 1
-0.0325 59276.066 	-2351642.3 	16993.466 	 17333.552 	-2771352.7 	22240.887 	 -0.0044907894 	0.00054065797 	0.032907993 	 0.0012117524 	-0.0001527478 	-0.0042432592 	 -33052.796 	-949.18065 	-3602.2281 	 -0.06072747 	0.08469077 	0.022057123 	 -1.4498985 	-0.43006974 	-0.045631018 		-0.0325 -0.0044418757 -0.047876212 1200000 1
-0.03125 76199.974 	-2336740.9 	19320.389 	 23335.517 	-2765260.2 	24034.436 	 -0.0044949981 	0.00051876845 	0.032866821 	 0.0012103181 	-0.00014200607 	-0.0042589593 	 -32694.581 	-1220.7839 	-3574.3954 	 -0.042115896 	0.073759261 	0.022668437 	 -1.4352747 	-0.44978098 	-0.049112139 		-0.03125 -0.004340743 -0.048423449 1200000 1
-0.03 94191.373 	-2315987.2 	22194.75 	 30168.173 	-2759176.5 	26785.456 	 -0.0044948402 	0.00049810198 	0.032838849 	 0.0012160356 	-0.00013059373 	-0.0042500671 	 -32347.201 	-1500.6812 	-3520.7266 	 -0.024018401 	0.061078644 	0.023118977 	 -1.42183 	-0.47294948 	-0.053590241 		-0.03 -0.0042586286 -0.0490032 1200000 1
-0.02875 112443.78 	-2291475.6 	25662.157 	 37649.954 	-2751498.8 	29742.533 	 -0.0044986465 	0.00047820119 	0.032816535 	 0.0012170633 	-0.00011855307 	-0.0042443898 	 -31945.334 	-1784.4772 	-3470.5184 	 -0.0062232339 	0.046869202 	0.023344779 	 -1.4089851 	-0.49961309 	-0.058411269 		-0.02875 -0.0041919302 -0.049610689 1200000 1
-0.0275 130956.64 	-2263046.4 	29789.148 	 45888.949 	-2743027 	34171.605 	 -0.0045077266 	0.00045845917 	0.032801578 	 0.0012115928 	-0.0001060692 	-0.0042378598 	 -31497.259 	-2071.1796 	-3426.6407 	 0.011254165 	0.031121811 	0.023313835 	 -1.3967357 	-0.52921801 	-0.06463677 		-0.0275 -0.0041417646 -0.05024844 1200000 1
-0.02625 149166.78 	-2229196.7 	34826.554 	 54922.239 	-2732173.4 	39504.512 	 -0.0045129709 	0.00044219481 	0.032787301 	 0.0012126593 	-9.0817466e-05 	-0.0042267421 	 -30977.407 	-2356.309 	-3358.4044 	 0.028774118 	0.013287663 	0.022910608 	 -1.3844065 	-0.56339941 	-0.071833262 		-0.02625 -0.0041101893 -0.050928692 1200000 1
-0.025 168562.08 	-2192197.2 	40993.61 	 65669.78 	-2718003.3 	46195.643 	 -0.0045281911 	0.00042483822 	0.032780204 	 0.0012000273 	-7.6150755e-05 	-0.0042422975 	 -30343.726 	-2661.1331 	-3313.8177 	 0.045417954 	-0.0064425091 	0.022020171 	 -1.3735697 	-0.60184487 	-0.080426521 		-0.025 -0.0041086172 -0.051660037 1200000 1
-0.02375 188677.85 	-2150295.6 	48376.43 	 78016.918 	-2702945.4 	55331.998 	 -0.0045450507 	0.00040816578 	0.032786196 	 0.0011864503 	-6.0635145e-05 	-0.0042400125 	 -29701.339 	-2971.595 	-3261.7987 	 0.061595702 	-0.027816908 	0.020531471 	 -1.3636158 	-0.64360524 	-0.091279524 		-0.02375 -0.0041312605 -0.052439057 1200000 1
-0.0225 209351.85 	-2104192.9 	56895.288 	 92075.691 	-2685006.7 	65496.526 	 -0.0045657693 	0.00039208924 	0.032800972 	 0.0011684983 	-4.441858e-05 	-0.0042345028 	 -29011.114 	-3290.6541 	-3211.0449 	 0.07730718 	-0.050939974 	0.018520333 	 -1.3544799 	-0.68967581 	-0.10320761 		-0.0225 -0.0041790348 -0.053268027 1200000 1
-0.02125 229667.29 	-2051980.6 	67161.123 	 107594.14 	-2667160.1 	79373.586 	 -0.0046017892 	0.0003741294 	0.032832596 	 0.0011299138 	-2.6858161e-05 	-0.0041874931 	 -28345.518 	-3599.7298 	-3187.6755 	 0.092748043 	-0.075667073 	0.015471197 	 -1.3455898 	-0.73916993 	-0.11839709 		-0.02125 -0.0042516989 -0.054148162 1200000 1
-0.02 251276.18 	-1997991.3 	79602.107 	 126357.56 	-2641426.4 	96875.503 	 -0.0046355662 	0.00035893794 	0.032856127 	 0.0010931753 	-9.549282e-06 	-0.0042084557 	 -27436.744 	-3952.754 	-3155.722 	 0.1073166 	-0.1028562 	0.011329081 	 -1.3382214 	-0.79443788 	-0.13696085 		-0.02 -0.0043673772 -0.055116833 1200000 1
-0.01875 273724.92 	-1938119.1 	93921.351 	 148234.47 	-2614887.7 	117423.44 	 -0.0046870493 	0.0003384523 	0.032911466 	 0.0010310925 	4.5688681e-06 	-0.004175606 	 -26609.636 	-4307.3703 	-3159.2952 	 0.12099307 	-0.13148341 	0.0060615102 	 -1.33261 	-0.85373188 	-0.15822289 		-0.01875 -0.0045154666 -0.056147392 1200000 1
-0.0175 296674.12 	-1874627.5 	110721.54 	 173248.8 	-2586725 	143687.27 	 -0.0047500511 	0.0003150281 	0.03298201 	 0.00095051746 	1.5703529e-05 	-0.0041275772 	 -25755.534 	-4675.5516 	-3185.8427 	 0.13396842 	-0.1613734 	-0.0008093065 	 -1.3283889 	-0.91593724 	-0.18440654 		-0.0175 -0.0046965214 -0.057246473 1200000 1
-0.01625 319508.39 	-1804856.1 	129664.07 	 201302.91 	-2556245.4 	174268.86 	 -0.0048252965 	0.00029032878 	0.033071665 	 0.00085054363 	2.6572792e-05 	-0.0040250928 	 -24934.848 	-5038.3984 	-3229.8209 	 0.14650421 	-0.19295122 	-0.0091031699 	 -1.3250189 	-0.98283749 	-0.21424392 		-0.01625 -0.0049107947 -0.058419305 1200000 1
-0.015 342535.31 	-1734604.8 	151926.35 	 234105.47 	-2518965.8 	212490.74 	 -0.0049218717 	0.00025822411 	0.033159633 	 0.0007092931 	2.7031161e-05 	-0.0039742132 	 -23913.691 	-5459.721 	-3336.6128 	 0.15791247 	-0.226036 	-0.019583758 	 -1.3236806 	-1.0543253 	-0.2505954 		-0.015 -0.0051745352 -0.059696823 1200000 1
-0.01375 366502.46 	-1659339.9 	177473.55 	 273132.29 	-2482667.3 	259459.45 	 -0.0050377818 	0.00021742124 	0.033288593 	 0.00053213677 	1.4547976e-05 	-0.003844572 	 -23002.483 	-5895.641 	-3483.0609 	 0.16813144 	-0.25968315 	-0.032615788 	 -1.3256346 	-1.1277293 	-0.29416106 		-0.01375 -0.0054810562 -0.061065201 1200000 1
-0.0125 390318.09 	-1581135.9 	205045.71 	 317532.01 	-2443578.6 	311977.64 	 -0.0051760302 	0.00016656043 	0.033437981 	 0.00030914648 	-1.3322292e-05 	-0.0036790039 	 -22089.108 	-6361.0535 	-3687.5798 	 0.17742552 	-0.29411704 	-0.047337869 	 -1.3300941 	-1.2044265 	-0.34217259 		-0.0125 -0.0058256309 -0.062516913 1200000 1
-0.01125 413397.01 	-1500866.6 	235781.14 	 367328.51 	-2406331.5 	374966.95 	 -0.0053399535 	0.00010326077 	0.033609019 	 2.9421963e-05 	-5.961858e-05 	-0.0034604326 	 -21206.788 	-6856.8463 	-3966.1381 	 0.18588131 	-0.32811657 	-0.06495254 	 -1.3369386 	-1.2808275 	-0.39857418 		-0.01125 -0.0062068968 -0.064050502 1200000 1
-0.01 435061.97 	-1418901.4 	268906.58 	 423767.39 	-2365508.4 	447949.89 	 -0.0055286013 	3.0646045e-05 	0.033779387 	 -0.00031442019 	-0.00012902779 	-0.0032240074 	 -20239.047 	-7418.9321 	-4320.0725 	 0.1935751 	-0.36236583 	-0.085051788 	 -1.3461716 	-1.3599515 	-0.46280268 		-0.01 -0.0066385682 -0.065707007 1200000 1
-0.00875 456062.85 	-1335724.6 	303292.29 	 490944.97 	-2326841.9 	528832.76 	 -0.0057547016 	-6.8397208e-05 	0.033993773 	 -0.00075409168 	-0.00024701695 	-0.0029001721 	 -19353.5 	-8060.1783 	-4799.2033 	 0.19968182 	-0.39548878 	-0.10744382 	 -1.3616615 	-1.4382561 	-0.53279721 		-0.00875 -0.0071147129 -0.067459303 1200000 1
-0.0075 475253.01 	-1252429.6 	339059.88 	 566978.85 	-2292258.3 	619847.15 	 -0.0060078487 	-0.000184878 	0.0342267 	 -0.0012760762 	-0.00040652488 	-0.0025072386 	 -18492.117 	-8787.0878 	-5385.6893 	 0.20494616 	-0.42682264 	-0.13252925 	 -1.3816739 	-1.5134974 	-0.6103118 		-0.0075 -0.0076283014 -0.069301759 1200000 1
-0.00625 492070.93 	-1167756.4 	373675.84 	 652505.09 	-2257274.3 	714980.88 	 -0.0062883097 	-0.00031979148 	0.034474554 	 -0.0018883406 	-0.00061329409 	-0.0020427025 	 -17628.345 	-9607.7867 	-6086.0169 	 0.20943058 	-0.45745975 	-0.15863225 	 -1.4066293 	-1.5891777 	-0.69016029 		-0.00625 -0.0081780069 -0.071232457 1200000 1
-0.005 504100.37 	-1082524.8 	407123.73 	 746477.69 	-2226161.1 	820753.78 	 -0.0065986232 	-0.00047601473 	0.034719055 	 -0.0026280457 	-0.00087743428 	-0.0014932811 	 -16765.058 	-10557.182 	-6963.0572 	 0.21361839 	-0.48558843 	-0.18695185 	 -1.4356182 	-1.6619007 	-0.77724437 		-0.005 -0.0087596312 -0.07325112 1200000 1
-0.00375 512219.54 	-996830.64 	437238.89 	 859314 	-2192584.9 	928670.16 	 -0.0069913811 	-0.00069751249 	0.03501281 	 -0.0036658935 	-0.001315845 	-0.00078508777 	 -15868.029 	-11859.401 	-8262.7946 	 0.21688272 	-0.5129063 	-0.21616828 	 -1.4762091 	-1.7353497 	-0.86442305 		-0.00375 -0.0093912105 -0.075398798 1200000 1
-0.0025 514676.73 	-909624.3 	464048.14 	 988657.72 	-2161867.6 	1039474.3 	 -0.0074060322 	-0.00095695217 	0.035337845 	 -0.0048432667 	-0.0018603496 	7.1369833e-05 	 -14965.497 	-13376.879 	-9786.9013 	 0.21981246 	-0.53873973 	-0.24700143 	 -1.5274474 	-1.8064214 	-0.95212617 		-0.0025 -0.010050818 -0.077618861 1200000 1
-0.00125 511445.67 	-798519.84 	464877.97 	 1136640 	-2304031.9 	1321288.7 	 -0.007673239 	-0.0011400398 	0.035560549 	 -0.0056471593 	-0.0022585915 	0.00074649257 	 -13259.276 	-15023.073 	-11144.816 	 0.22271412 	-0.58320882 	-0.26013699 	 -1.5915002 	-1.7323043 	-1.180695 		-0.00125 -0.010743293 -0.079935895 1200000 1
5.2475385e-17 272916.56 	-458512.65 	218511.06 	 674303.15 	-1331141.4 	471273.5 	 -0.0078900038 	-0.0012491917 	0.035708524 	 -0.006445772 	-0.0026012201 	0.0016192869 	 -8484.6899 	-7692.6711 	-7095.6856 	 0.22634314 	0.089586194 	0.034761345 	 -1.6195287 	0.46246196 	0.30898339 		5.2475385e-17 -0.011383941 -0.08192797 650000.03 1
0.00125 40234.234 	-164941.76 	-53935.643 	 99821.021 	-571963.32 	-272347.07 	 -0.0076370551 	-0.0012103297 	0.035689121 	 -0.0059563563 	-0.002486362 	0.0019853565 	 -3886.709 	197.94676 	-2483.8343 	 0.22730366 	0.50649258 	0.62634221 	 -1.5144055 	1.9811172 	2.662039 		0.00125 -0.011170673 -0.080663812 100000 1
0.0025 38990.759 	-157175.75 	-57554.525 	 93375.781 	-595979.44 	-258322.5 	 -0.0072888501 	-0.0010914159 	0.035530559 	 -0.0051874442 	-0.0022465684 	0.0020692885 	 -3736.3297 	94.013729 	-2240.6483 	 0.22727422 	0.47656551 	0.64446038 	 -1.3848248 	2.1831639 	2.5300309 		0.0025 -0.010578492 -0.077987665 100000 1
0.00375 37656.415 	-155052.86 	-55689.124 	 87961.612 	-614504.59 	-246845.17 	 -0.0068899092 	-0.00097790145 	0.035405629 	 -0.0043129872 	-0.0020066447 	0.0021627691 	 -3688.891 	-33.577525 	-1962.2633 	 0.22787864 	0.49791356 	0.61018976 	 -1.2654861 	2.3338902 	2.4225066 		0.00375 -0.0099668747 -0.075163028 100000 1
0.005 36271.961 	-153359.81 	-53417.941 	 83196.845 	-632669.89 	-233824.78 	 -0.0065554762 	-0.00088136999 	0.035281339 	 -0.0035530631 	-0.0017986345 	0.0022085552 	 -3643.1089 	-137.54814 	-1714.8261 	 0.22894094 	0.5195619 	0.57430859 	 -1.1526755 	2.4841289 	2.2985828 		0.005 -0.0093250809 -0.072128726 100000 1
0.00625 34876.023 	-152085.34 	-50446.249 	 79130.919 	-649481.56 	-218352.36 	 -0.0063080628 	-0.00080557242 	0.035160288 	 -0.0029790772 	-0.0016259734 	0.0022005279 	 -3590.7541 	-213.28159 	-1521.5479 	 0.2302255 	0.54037804 	0.53399704 	 -1.0476128 	2.6247787 	2.1491056 		0.00625 -0.0086624278 -0.068914002 100000 1
0.0075 33363.815 	-150745.65 	-46862.369 	 75162.361 	-664427.46 	-201056.32 	 -0.0060982263 	-0.00073245588 	0.035046454 	 -0.0024843414 	-0.0014547195 	0.002181914 	 -3534.1319 	-270.46738 	-1348.1041 	 0.23242519 	0.55784688 	0.48968514 	 -0.94301429 	2.7491002 	1.9806276 		0.0075 -0.0079701397 -0.065527298 100000 1
0.00875 31845.319 	-149165.91 	-42884.744 	 71341.258 	-676952.55 	-182375.25 	 -0.005917454 	-0.00066892348 	0.034937579 	 -0.0020566442 	-0.0012978729 	0.0021457781 	 -3468.7588 	-314.8568 	-1191.5492 	 0.23490127 	0.57056806 	0.44309736 	 -0.84025597 	2.8513005 	1.7976577 		0.00875 -0.0072621835 -0.062019673 100000 1
0.01 30338.39 	-147204.67 	-38667.923 	 67657.039 	-686371.98 	-163192.53 	 -0.0057625305 	-0.00061473689 	0.034835302 	 -0.0016912488 	-0.0011556427 	0.002096301 	 -3393.5406 	-346.91446 	-1051.0277 	 0.23758752 	0.577421 	0.39561961 	 -0.73932118 	2.9243147 	1.6090864 		0.01 -0.006543868 -0.058416513 100000 1
0.01125 28921.004 	-144762.08 	-34328.5 	 64246.337 	-692418.45 	-143739.11 	 -0.0056360815 	-0.0005709003 	0.034738834 	 -0.0013846144 	-0.0010299679 	0.0020355628 	 -3307.5204 	-368.29245 	-926.70233 	 0.24003927 	0.57764685 	0.34837438 	 -0.64136618 	2.9657909 	1.4172261 		0.01125 -0.0058191444 -0.054704983 100000 1
0.0125 27490.049 	-141833.39 	-30065.213 	 60951.442 	-694971.36 	-125023.9 	 -0.0055284105 	-0.00053385022 	0.034650759 	 -0.001136806 	-0.00091595791 	0.0019654088 	 -3209.5219 	-378.88041 	-820.87919 	 0.24291696 	0.57090539 	0.30306386 	 -0.54499405 	2.9742888 	1.2322668 		0.0125 -0.0051050621 -0.051006169 100000 1
0.01375 26093.156 	-138447.24 	-26070.574 	 57793.576 	-694651.46 	-107848.93 	 -0.0054371916 	-0.00050277859 	0.034569907 	 -0.00092474141 	-0.00081265659 	0.001894303 	 -3105.4327 	-382.03081 	-726.81161 	 0.24589091 	0.55865466 	0.26122453 	 -0.45002203 	2.9553772 	1.0623788 		0.01375 -0.0044011058 -0.047312586 100000 1
0.015 24749.597 	-134777.23 	-22296.762 	 54828.894 	-692374.15 	-91687.082 	 -0.005359659 	-0.00047766895 	0.03449549 	 -0.00074540454 	-0.00071998034 	0.0018209306 	 -2997.3632 	-380.24345 	-644.47311 	 0.24880763 	0.54256977 	0.2222194 	 -0.35714326 	2.9182373 	0.90233883 		0.015 -0.0037128294 -0.043647855 100000 1
0.01625 23518.331 	-130746.16 	-18939.815 	 52149.151 	-687798.61 	-77533.904 	 -0.0052955102 	-0.00046055909 	0.034433948 	 -0.00060194242 	-0.00064097315 	0.0017510136 	 -2887.5541 	-373.94099 	-574.93962 	 0.25133505 	0.52224848 	0.18794161 	 -0.26783385 	2.858956 	0.76211107 		0.01625 -0.0030462762 -0.040029999 100000 1
0.0175 22344.628 	-126637.14 	-16015.887 	 49761.088 	-681529.06 	-65381.364 	 -0.0052407844 	-0.0004466318 	0.034372101 	 -0.00048282696 	-0.00056918385 	0.0016716055 	 -2771.6793 	-365.60035 	-515.35926 	 0.25374663 	0.49935537 	0.15834473 	 -0.18118438 	2.7851148 	0.64168008 		0.0175 -0.0024143119 -0.036519735 100000 1
0.01875 21212.268 	-122440.43 	-13422.639 	 47526.449 	-674542.23 	-54641.311 	 -0.0051942962 	-0.00043788325 	0.034321961 	 -0.00038632201 	-0.00050690036 	0.0015992354 	 -2661.0346 	-354.47968 	-465.10955 	 0.25620662 	0.47528287 	0.13232909 	 -0.096336763 	2.7046226 	0.53521436 		0.01875 -0.0018093987 -0.033111142 100000 1
0.02 20144.488 	-118193.28 	-11211.746 	 45506.266 	-666633.01 	-45689.224 	 -0.0051541275 	-0.00043280904 	0.034278192 	 -0.00030575965 	-0.00045149047 	0.0015285135 	 -2551.748 	-342.22312 	-421.40949 	 0.25848936 	0.45007998 	0.11029354 	 -0.013739976 	2.6158726 	0.4465095 		0.02 -0.0012323513 -0.029798121 100000 1
0.02125 19159.198 	-113940.96 	-9283.9265 	 43714.156 	-658385.79 	-37867.422 	 -0.0051230231 	-0.00043152506 	0.034242027 	 -0.00023707877 	-0.00040199829 	0.0014642087 	 -2447.2677 	-329.29433 	-383.07935 	 0.26047436 	0.42470119 	0.091213342 	 0.066667634 	2.5245075 	0.36900389 		0.02125 -0.00068106001 -0.02656239 100000 1
0.0225 18266.7 	-109901.26 	-7688.5049 	 42218.393 	-649851.12 	-31439.956 	 -0.0050913557 	-0.00043357585 	0.034209873 	 -0.00018597378 	-0.0003600073 	0.0013921321 	 -2342.5289 	-317.67367 	-351.96286 	 0.26207931 	0.39985814 	0.075497487 	 0.14367015 	2.4318941 	0.30534525 		0.0225 -0.00017250135 -0.023486422 100000 1
0.02375 17398.899 	-105880.36 	-6387.6843 	 40847.709 	-641025.71 	-26364.873 	 -0.005067094 	-0.00043839634 	0.034184979 	 -0.00014124462 	-0.00032219947 	0.0013283104 	 -2244.4148 	-304.89387 	-324.27351 	 0.26379834 	0.37518456 	0.062779756 	 0.21986846 	2.3370506 	0.25514205 		0.02375 0.00030861407 -0.020521975 100000 1
0.025 16587.329 	-102001.44 	-5241.5706 	 39651.43 	-632376.09 	-21812.745 	 -0.0050453211 	-0.00044577983 	0.034165883 	 -0.00010438451 	-0.00028868007 	0.0012665732 	 -2150.6832 	-292.61544 	-300.1601 	 0.26534796 	0.3514993 	0.051616793 	 0.29432917 	2.2447016 	0.21011663 		0.025 0.00076223724 -0.017664787 100000 1
0.02625 15837.649 	-98209.213 	-4309.3884 	 38629.034 	-623612.88 	-18234.372 	 -0.0050257224 	-0.00045573778 	0.034154371 	 -7.5320015e-05 	-0.00025937383 	0.0012087006 	 -2061.2361 	-280.64713 	-279.28974 	 0.2666943 	0.32839513 	0.042587745 	 0.36697404 	2.1517291 	0.17478308 		0.02625 0.0011887118 -0.01491421 100000 1
0.0275 15171.058 	-94583.767 	-3540.6655 	 37822.005 	-614832.82 	-15274.416 	 -0.0050095379 	-0.0004677489 	0.034144161 	 -4.8770386e-05 	-0.00023264353 	0.0011487841 	 -1973.3324 	-270.09421 	-260.15401 	 0.26765847 	0.30630679 	0.035163353 	 0.43780144 	2.0599875 	0.14559423 		0.0275 0.0015849851 -0.012268924 100000 1
0.02875 14529.933 	-91118.458 	-2896.6535 	 37150.807 	-606302.11 	-12764.993 	 -0.0049934383 	-0.00048229656 	0.034142893 	 -2.9922674e-05 	-0.00021013243 	0.001093379 	 -1891.9331 	-259.63658 	-244.33742 	 0.26871152 	0.28548986 	0.028972743 	 0.50737781 	1.9712081 	0.120871 		0.02875 0.0019508526 -0.0097713561 100000 1
0.03 13932.021 	-87739.877 	-2381.7922 	 36619.348 	-597656.94 	-10868.354 	 -0.0049797571 	-0.0004986157 	0.034145576 	 -1.2814908e-05 	-0.00018948391 	0.0010401786 	 -1813.5063 	-249.64909 	-229.63746 	 0.26964576 	0.26531555 	0.02404975 	 0.57589954 	1.8820065 	0.10225096 		0.03 0.0022942677 -0.0073705088 100000 1
0.03125 13376.97 	-84481.337 	-1928.3885 	 36226.722 	-589135.58 	-9125.9564 	 -0.0049679169 	-0.00051672858 	0.034152052 	 2.5333599e-06 	-0.00017062952 	0.00098861229 	 -1738.2885 	-240.33235 	-216.08068 	 0.2704527 	0.24610867 	0.019717842 	 0.64337617 	1.7947637 	0.085150864 		0.03125 0.00261578 -0.0050662047 100000 1
0.0325 12890.808 	-81320.505 	-1570.5949 	 35991.108 	-580642.66 	-7804.1758 	 -0.004956248 	-0.00053703571 	0.03416754 	 1.2750152e-05 	-0.00015468404 	0.00094113524 	 -1667.0074 	-231.7836 	-204.38599 	 0.27096895 	0.22780146 	0.01630987 	 0.70929807 	1.7081011 	0.072233984 		0.0325 0.0029125946 -0.0028654691 100000 1
0.03375 12435.926 	-78320.198 	-1290.0741 	 35914.372 	-572021.92 	-6803.4922 	 -0.0049453883 	-0.00055894519 	0.034182167 	 2.3920637e-05 	-0.00013965569 	0.00088964486 	 -1596.4974 	-224.25904 	-193.14183 	 0.27144339 	0.21041854 	0.01364661 	 0.77437383 	1.6216304 	0.062506976 		0.03375 0.003183667 -0.00079519041 100000 1
0.035 12012.073 	-75399.836 	-1041.0338 	 35966.847 	-563512.84 	-5860.3596 	 -0.0049349246 	-0.00058280138 	0.034204767 	 3.1882552e-05 	-0.00012656848 	0.00084324003 	 -1530.5742 	-216.98418 	-183.20436 	 0.27187943 	0.19389879 	0.011280838 	 0.8384791 	1.536471 	0.053338213 		0.035 0.0034352121 0.0011692593 100000 1
0.03625 11623.962 	-72556.215 	-847.24925 	 36150.877 	-554895.83 	-5195.4849 	 -0.0049246702 	-0.00060825784 	0.034231911 	 3.8430067e-05 	-0.00011473827 	0.00079820689 	 -1466.8078 	-210.26371 	-173.98263 	 0.27220881 	0.17799587 	0.0094473739 	 0.90166767 	1.4507755 	0.046937813 		0.03625 0.0036683032 0.0030363304 100000 1
0.0375 11279.553 	-69742.483 	-681.72621 	 36455.423 	-546213.74 	-4606.2902 	 -0.0049192383 	-0.0006360095 	0.034264847 	 4.6213762e-05 	-0.00010340773 	0.000759224 	 -1406.6577 	-203.80415 	-164.72285 	 0.27237716 	0.16272312 	0.0078775435 	 0.96428805 	1.3648665 	0.041281862 		0.0375 0.0038844247 0.004821617 100000 1
0.03875 10976.915 	-67126.888 	-548.37217 	 36936.839 	-537394.28 	-4115.7517 	 -0.0049063321 	-0.0006648554 	0.034299277 	 4.9680065e-05 	-9.4156054e-05 	0.00071085236 	 -1344.9549 	-199.04674 	-157.00472 	 0.27237684 	0.14839696 	0.0066055762 	 1.0255022 	1.2788302 	0.036595645 		0.03875 0.0040753959 0.0064586398 100000 1
0.04 10695.334 	-64516.767 	-447.24523 	 37567.67 	-528393.92 	-3799.803 	 -0.0048981228 	-0.00069615464 	0.034339984 	 5.4693047e-05 	-8.509037e-05 	0.00067001118 	 -1287.6226 	-194.13294 	-149.1992 	 0.27238712 	0.13453273 	0.0056462065 	 1.0860925 	1.1913249 	0.033643911 		0.04 0.0042511081 0.0079931985 100000 1
0.04125 10442.96 	-61966.717 	-355.46179 	 38338.859 	-519269.3 	-3473.8512 	 -0.0048897419 	-0.00072921005 	0.034385248 	 5.8848244e-05 	-7.6807218e-05 	0.00063037787 	 -1231.9704 	-189.74444 	-141.8447 	 0.27229924 	0.12122161 	0.0047691024 	 1.1458676 	1.1030889 	0.03058193 		0.04125 0.0044114034 0.0094278879 100000 1
0.0425 10222.589 	-59448.394 	-284.76509 	 39237.803 	-509983.78 	-3260.6983 	 -0.0048811763 	-0.0007640913 	0.034438315 	 6.1063479e-05 	-6.9679654e-05 	0.0005945728 	 -1178.759 	-185.64875 	-135.10245 	 0.27209522 	0.10838206 	0.0040923055 	 1.2048912 	1.0134194 	0.02863811 		0.0425 0.0045566059 0.010764639 100000 1
0.04375 10038.535 	-57023.819 	-229.78939 	 40292.507 	-500283.68 	-3095.5924 	 -0.004872668 	-0.0008011711 	0.034490219 	 6.5371913e-05 	-6.2347711e-05 	0.00055332161 	 -1124.0968 	-182.72382 	-128.11626 	 0.27170349 	0.096054419 	0.0035596763 	 1.2633129 	0.92105001 	0.027164629 		0.04375 0.0046833327 0.011977474 100000 1
0.045 9874.2387 	-54626.636 	-181.47331 	 41563.373 	-490391.33 	-2935.6229 	 -0.0048630541 	-0.0008404911 	0.034551879 	 6.7052368e-05 	-5.6287128e-05 	0.0005178654 	 -1073.1341 	-179.89502 	-121.98314 	 0.27129961 	0.084225824 	0.0030902727 	 1.3204021 	0.82682738 	0.025731672 		0.045 0.004794514 0.01305596 100000 1
0.04625 9733.5334 	-52257.201 	-145.59178 	 43000.323 	-480161.05 	-2846.2306 	 -0.004854157 	-0.00088197204 	0.034617427 	 6.922338e-05 	-5.0382746e-05 	0.00048373661 	 -1023.1814 	-177.47621 	-115.88444 	 0.27079464 	0.072715635 	0.0027403472 	 1.3766737 	0.729828 	0.024996935 		0.04625 0.0048926091 0.01402691 100000 1
0.0475 9615.5326 	-49910.448 	-114.16045 	 44608.501 	-469583.33 	-2756.1538 	 -0.0048463624 	-0.00092585019 	0.034686894 	 7.2033462e-05 	-4.4519529e-05 	0.00045128838 	 -974.27099 	-175.43658 	-109.78641 	 0.27018476 	0.061520026 	0.0024315048 	 1.4321368 	0.62996985 	0.024248147 		0.0475 0.0049779046 0.014888314 100000 1
0.04875 9526.0144 	-47591.719 	-89.750718 	 46342.838 	-458595.29 	-2695.7786 	 -0.0048361432 	-0.00097181309 	0.034764794 	 7.2512389e-05 	-3.9862691e-05 	0.00041983078 	 -925.91898 	-173.87223 	-104.23227 	 0.26940408 	0.050670174 	0.0021890106 	 1.4871633 	0.52637459 	0.023788332 		0.04875 0.005048023 0.015624139 100000 1
0.05 9455.889 	-45306.949 	-71.922932 	 48382.299 	-447015.28 	-2655.357 	 -0.0048270723 	-0.0010211289 	0.034844653 	 7.4919926e-05 	-3.4652685e-05 	0.00038883504 	 -878.31637 	-172.91746 	-98.509208 	 0.26852868 	0.040114616 	0.002012568 	 1.5405021 	0.41793776 	0.023519784 		0.05 0.0051032495 0.016200412 100000 1
0.05125 9403.1445 	-43026.328 	-55.686665 	 50652.932 	-435008.38 	-2607.2725 	 -0.0048171284 	-0.0010729109 	0.034932233 	 7.6043207e-05 	-3.0106086e-05 	0.00036171366 	 -832.34842 	-172.15618 	-93.152213 	 0.26755249 	0.02979659 	0.0018538926 	 1.5925324 	0.30549063 	0.023168086 		0.05125 0.0051466859 0.016648275 100000 1
0.0525 9367.2333 	-40756.492 	-42.739802 	 53151.749 	-422501.54 	-2565.9348 	 -0.0048063608 	-0.0011271903 	0.035025685 	 7.6634214e-05 	-2.5942373e-05 	0.00033666606 	 -787.15708 	-171.73715 	-87.987264 	 0.26645584 	0.019677493 	0.0017299506 	 1.6433102 	0.18851398 	0.022877906 		0.0525 0.0051785357 0.016966637 100000 1
0.05375 9347.2302 	-38462.218 	-32.418009 	 55816.649 	-409340.84 	-2531.9952 	 -0.0047995055 	-0.0011854308 	0.035125366 	 7.8794653e-05 	-2.1293574e-05 	0.00031632633 	 -742.87238 	-171.26851 	-82.511137 	 0.26521682 	0.009694801 	0.0016353629 	 1.6937076 	0.065604054 	0.022656295 		0.05375 0.0051981076 0.017150633 100000 1
0.055 9344.7089 	-36229.889 	-23.605656 	 58861.69 	-395340.07 	-2465.8075 	 -0.0047852106 	-0.0012460973 	0.035229978 	 7.8480291e-05 	-1.7719922e-05 	0.00029192654 	 -697.53415 	-172.01966 	-77.698978 	 0.26378346 	-5.5563494e-05 	0.001559912 	 1.7416697 	-0.064731606 	0.022104735 		0.055 0.005202299 0.017134332 100000 1
0.05625 9352.1526 	-33966.061 	-15.698348 	 62283.392 	-380638.99 	-2384.7658 	 -0.0047744628 	-0.0013111277 	0.03534199 	 7.9366501e-05 	-1.3684292e-05 	0.00027579175 	 -654.44115 	-172.63333 	-72.737424 	 0.26223709 	-0.0096946933 	0.0015012524 	 1.7873329 	-0.20164971 	0.021399459 		0.05625 0.0051957197 0.016960064 100000 1
0.0575 9368.2321 	-31699.076 	-8.6458695 	 66043.531 	-365178.15 	-2283.9667 	 -0.0047632825 	-0.0013796427 	0.035460212 	 8.0007362e-05 	-9.7581949e-06 	0.00026320958 	 -611.91712 	-173.53855 	-67.885853 	 0.26054371 	-0.019234428 	0.0014576846 	 1.8309317 	-0.34560547 	0.020491883 		0.0575 0.0051782824 0.016626999 100000 1
0.05875 9388.5952 	-29408.927 	-1.1534228 	 70082.793 	-348934.65 	-2150.2913 	 -0.0047516248 	-0.0014515643 	0.035589637 	 7.9300467e-05 	-6.63051e-06 	0.00025714064 	 -570.39578 	-174.30469 	-63.25025 	 0.25870999 	-0.028691218 	0.0014177506 	 1.8731133 	-0.49724633 	0.019250969 		0.05875 0.0051499156 0.016132921 100000 1
0.06 9415.438 	-27151.769 	5.6930915 	 74611.312 	-331297.32 	-1946.7402 	 -0.0047384349 	-0.0015287839 	0.035718966 	 8.0039373e-05 	-2.519385e-06 	0.00024827717 	 -527.16317 	-176.24923 	-58.486397 	 0.25662666 	-0.038080474 	0.0013926475 	 1.912206 	-0.66112886 	0.017305994 		0.06 0.0051066266 0.015396141 100000 1
0.06125 9439.879 	-24867.563 	13.332547 	 79816.874 	-312686.16 	-1685.3438 	 -0.00472431 	-0.0016104359 	0.035861742 	 7.9031128e-05 	6.6362474e-07 	0.00025182784 	 -486.415 	-178.12134 	-54.093318 	 0.25439972 	-0.047378992 	0.0013721421 	 1.9463403 	-0.83472233 	0.014777711 		0.06125 0.0050525315 0.01444867 100000 1
0.0625 9458.4764 	-22576.871 	22.23737 	 85595.423 	-292955.28 	-1336.9177 	 -0.0047101988 	-0.0016968257 	0.036011403 	 7.7959644e-05 	3.9338165e-06 	0.00026210549 	 -446.07581 	-180.31863 	-49.748514 	 0.25200935 	-0.056635319 	0.0013487194 	 1.9763647 	-1.0188578 	0.011375379 		0.0625 0.0049879312 0.013298478 100000 1
0.06375 9465.3537 	-20271.972 	31.453626 	 91970.379 	-271982.94 	-905.01405 	 -0.0046976473 	-0.0017888604 	0.036168383 	 7.6996867e-05 	7.5701634e-06 	0.00028086159 	 -406.06518 	-182.69226 	-45.395362 	 0.2494593 	-0.065871235 	0.0013320207 	 2.0021405 	-1.214734 	0.007134772 		0.06375 0.0049126811 0.011935086 100000 1
0.065 9453.9219 	-17979.582 	42.08226 	 99024.674 	-249227.18 	-323.25386 	 -0.004680051 	-0.0018854623 	0.036335718 	 7.4156773e-05 	1.0099674e-05 	0.00030403095 	 -364.99667 	-185.69529 	-41.293182 	 0.24669779 	-0.075082087 	0.0013107438 	 2.0231443 	-1.4276391 	0.0013916612 		0.065 0.0048239356 0.010289616 100000 1
0.06625 9410.6753 	-15679.818 	54.510608 	 107474.71 	-224783.65 	446.83183 	 -0.0046648704 	-0.0019903462 	0.036511589 	 7.1436032e-05 	1.3298199e-05 	0.00034555486 	 -325.32429 	-189.37451 	-37.237829 	 0.24378247 	-0.084245695 	0.0012824605 	 2.0325547 	-1.6565783 	-0.0062387286 		0.06625 0.0047233577 0.0083405417 100000 1
0.0675 9328.1449 	-13383.828 	67.68835 	 117119.21 	-198733.32 	1398.0631 	 -0.0046480344 	-0.0021009188 	0.036697936 	 6.7167904e-05 	1.5802184e-05 	0.00040142849 	 -285.53579 	-193.80605 	-33.343417 	 0.24076016 	-0.093397871 	0.0012511298 	 2.0320328 	-1.9010631 	-0.015683476 		0.0675 0.0046124723 0.0061231189 100000 1
0.06875 9196.2369 	-11096.376 	82.054547 	 128140.62 	-170984.62 	2570.6552 	 -0.0046296433 	-0.0022174431 	0.036894611 	 6.1406417e-05 	1.7646918e-05 	0.00047318733 	 -245.20945 	-199.25166 	-29.553516 	 0.23766012 	-0.10255517 	0.0012087615 	 2.0198044 	-2.1619441 	-0.027344525 		0.06875 0.004491258 0.0036236123 100000 1
0.07 8989.7635 	-8820.4713 	96.548466 	 140709.29 	-140712.06 	4059.1553 	 -0.0046141987 	-0.0023433453 	0.037100986 	 5.4568183e-05 	1.9813744e-05 	0.00056287003 	 -202.70957 	-205.64423 	-25.613256 	 0.23452501 	-0.11174422 	0.0011558938 	 1.9944388 	-2.4470755 	-0.042167067 		0.07 0.0043575579 0.00076914432 100000 1
0.07125 8674.211 	-6583.2471 	110.33455 	 156397.77 	-108059.62 	5934.956 	 -0.0045913211 	-0.0024830263 	0.037345499 	 4.3470805e-05 	1.9479323e-05 	0.00069770773 	 -159.0742 	-216.57884 	-21.909589 	 0.23150604 	-0.12101342 	0.0010912834 	 1.9408018 	-2.7550913 	-0.060865635 		0.07125 0.0042107503 -0.0025189885 100000 1
0.0725 8215.9752 	-4365.2039 	124.43582 	 175436.59 	-73761.15 	8310.4786 	 -0.0045710051 	-0.0026336404 	0.037608917 	 3.0157579e-05 	1.8299826e-05 	0.00087110728 	 -112.53457 	-231.66335 	-17.98239 	 0.22880421 	-0.13052127 	0.00098537665 	 1.8562438 	-3.0788877 	-0.084563423 		0.0725 0.0040531164 -0.006178292 100000 1
0.07375 7609.1707 	-2194.763 	102.70039 	 198310.72 	-38463.707 	11030.884 	 -0.0045520612 	-0.0027745374 	0.037827774 	 1.7066438e-05 	1.7090582e-05 	0.0010272267 	 -60.866545 	-246.15353 	-13.506736 	 0.22652386 	-0.14018801 	0.0011894583 	 1.7358273 	-3.4118009 	-0.11171166 		0.07375 0.003883956 -0.010234007 100000 1
0.075 6716.9862 	-353.25814 	138.35363 	 219304.12 	-11740.023 	13484.151 	 -0.0045389217 	-0.0028817312 	0.037977234 	 4.2056155e-06 	1.4780066e-05 	0.001153986 	 -13.377433 	-254.457 	-8.844911 	 0.22525189 	-0.14735743 	0.00071121746 	 1.6372381 	-3.658508 	-0.13618986 		0.075 0.0037025611 -0.014711608 100000 1
