# y jRe_x jRe_y jRe_z jIm_x jIm_y jIm_z BRe_x BRe_y BRe_z BIm_x BIm_y BIm_z F_x F_y F_z VReGrad_x VReGrad_y VReGrad_z VImGrad_x VImGrad_y VImGrad_z s VRe VIm sigma mur
-0.075 -1278548.5 	-185.60868 	41.819108 	 -3148070.8 	-99.840135 	146.75407 	 9.223481e-07 	0.0063570891 	0.027393141 	 7.598078e-07 	0.0083028399 	0.0037497466 	 -3.4686983 	23413.921 	-17132.693 	 0.11948313 	1.48383e-05 	-2.9091112e-05 	 0.25246308 	1.91024e-05 	-0.00012301296 		-0.075 -5.7484226e-06 -2.1649685e-05 1200000 1
-0.07375 -1344611.2 	0.015118 	-0.11751321 	 -2911393.1 	-0.097123 	-0.0835255 	 4.53375e-09 	0.0064366147 	0.026950701 	 4.06095e-09 	0.0079839886 	0.002804905 	 0.00070471 	22278.767 	-15936.251 	 0.1089698 	5.52725e-06 	7.4911e-08 	 0.20898602 	-5.47915e-06 	2.524885e-07 		-0.07375 6.9598278e-09 8.1103662e-07 1200000 1
-0.0725 -1362478 	0.146145 	-0.088379905 	 -2669683.8 	0.20633 	-0.160114 	 4.93715e-09 	0.0070536206 	0.025536754 	 3.94e-09 	0.0086099678 	0.00041377956 	 0.00269995 	18012.239 	-16295.836 	 0.088853716 	5.52202e-06 	4.32425e-08 	 0.1268641 	-5.8852e-06 	3.24226e-07 		-0.0725 1.389061e-08 8.0400717e-07 1200000 1
-0.07125 -1364080.7 	0.30166 	-0.0583919 	 -2443800.8 	0.454155 	-0.22633375 	 5.25405e-09 	0.0074727969 	0.024191933 	 3.7294e-09 	0.008881013 	-0.0015133176 	 0.0044345 	14699.324 	-15955.994 	 0.069901619 	5.49079e-06 	1.12405e-08 	 0.048226093 	-6.2478e-06 	3.8696951e-07 		-0.07125 2.0763312e-08 7.9632428e-07 1200000 1
-0.07 -1352403.6 	0.37747 	-0.0493699 	 -2233252.2 	0.33785 	-0.24308225 	 5.7461e-09 	0.0077353366 	0.0228847 	 3.6133e-09 	0.0088696342 	-0.0031694086 	 0.00505885 	11982.287 	-15146.945 	 0.052183376 	5.52082e-06 	-2.5655e-09 	 -0.026897032 	-6.3093e-06 	4.0815951e-07 		-0.07 2.7615928e-08 7.8838907e-07 1200000 1
-0.06875 -1329993.7 	0.427385 	-0.05055875 	 -2037280.2 	0.18014 	-0.277261 	 6.3141e-09 	0.0079038069 	0.021631339 	 3.51845e-09 	0.0087190455 	-0.0045848315 	 0.00555995 	9749.367 	-14151.375 	 0.035690746 	5.568165e-06 	-7.226e-09 	 -0.098597421 	-6.33995e-06 	4.435116e-07 		-0.06875 3.4564014e-08 7.8055303e-07 1200000 1
-0.0675 -1298764.6 	0.540285 	-0.06117845 	 -1855318.5 	0.276665 	-0.2816635 	 6.875e-09 	0.0079614744 	0.020428765 	 3.37955e-09 	0.0084378604 	-0.0057951072 	 0.00603985 	7924.8435 	-13014.724 	 0.020406163 	5.56011e-06 	-3.3725e-09 	 -0.16696447 	-6.58765e-06 	4.537176e-07 		-0.0675 4.1535158e-08 7.7253919e-07 1200000 1
-0.06625 -1260436.7 	0.658585 	-0.0676067 	 -1686662.3 	0.36378 	-0.280369 	 7.446e-09 	0.0079543634 	0.019280884 	 3.2003e-09 	0.0080937376 	-0.0068388592 	 0.00643425 	6409.2958 	-11854.101 	 0.0062962572 	5.54661e-06 	-2.419e-09 	 -0.2320684 	-6.8313e-06 	4.58882e-07 		-0.06625 4.8463022e-08 7.6408503e-07 1200000 1
-0.065 -1216372.6 	0.72635 	-0.06554875 	 -1530725.5 	0.21508 	-0.295259 	 8.044e-09 	0.0078659679 	0.018189558 	 3.0686e-09 	0.0076880319 	-0.0077290518 	 0.00715455 	5172.9373 	-10686.537 	 -0.0066777843 	5.57298e-06 	-7.9455e-09 	 -0.29399244 	-6.87975e-06 	4.771805e-07 		-0.065 5.5400561e-08 7.5546472e-07 1200000 1
-0.06375 -1167808.7 	0.78225 	-0.0645044 	 -1386789.4 	0.0637 	-0.310553 	 8.641e-09 	0.0077305885 	0.017156148 	 2.91305e-09 	0.0072564113 	-0.008494669 	 0.00777805 	4146.0942 	-9560.7127 	 -0.018561288 	5.604485e-06 	-1.211e-08 	 -0.3528215 	-6.92745e-06 	4.9542625e-07 		-0.06375 6.2394596e-08 7.4688688e-07 1200000 1
-0.0625 -1115762.5 	0.86985 	-0.07162275 	 -1254226.5 	0.11695 	-0.3066965 	 9.1985e-09 	0.0075364357 	0.016183064 	 2.6557e-09 	0.0068032471 	-0.0091412495 	 0.00776265 	3314.7808 	-8488.7568 	 -0.029402599 	5.606515e-06 	-9.0909e-09 	 -0.40865398 	-7.14825e-06 	4.9743675e-07 		-0.0625 6.9411077e-08 7.381465e-07 1200000 1
-0.06125 -1061123.5 	0.96435 	-0.07841595 	 -1132321 	0.17445 	-0.2990705 	 9.757e-09 	0.0073086505 	0.015268361 	 2.388e-09 	0.0063450216 	-0.0096935783 	 0.00769535 	2626.3104 	-7484.3316 	 -0.039253087 	5.60387e-06 	-5.9989e-09 	 -0.46159457 	-7.3748e-06 	4.96102e-07 		-0.06125 7.6410299e-08 7.2901909e-07 1200000 1
-0.06 -1004643.8 	1.03375 	-0.07706085 	 -1020430.1 	0.0452 	-0.307196 	 1.03635e-08 	0.0070395601 	0.014414534 	 2.1975e-09 	0.0058885274 	-0.010153684 	 0.00838555 	2074.2874 	-6557.2509 	 -0.048165318 	5.621855e-06 	-9.33165e-09 	 -0.51176017 	-7.44645e-06 	5.076195e-07 		-0.06 8.3420111e-08 7.1971216e-07 1200000 1
-0.05875 -946948.2 	1.0933 	-0.07344525 	 -917859.82 	-0.0972 	-0.3207275 	 1.0957e-08 	0.0067471445 	0.013617177 	 1.9775e-09 	0.0054387819 	-0.010543026 	 0.00906125 	1618.7421 	-5703.8766 	 -0.056193228 	5.643715e-06 	-1.427125e-08 	 -0.55927526 	-7.5072e-06 	5.232875e-07 		-0.05875 9.0464361e-08 7.1040469e-07 1200000 1
-0.0575 -888576.62 	1.16775 	-0.07749255 	 -823977.21 	-0.08295 	-0.3213585 	 1.1507e-08 	0.0064268789 	0.012878907 	 1.6435e-09 	0.0050037485 	-0.010861541 	 0.00900045 	1257.455 	-4932.216 	 -0.063391432 	5.650285e-06 	-1.26598e-08 	 -0.6042728 	-7.69965e-06 	5.279665e-07 		-0.0575 9.7528989e-08 7.0094518e-07 1200000 1
-0.05625 -829948.81 	1.25015 	-0.0832394 	 -738128.76 	-0.05215 	-0.3186975 	 1.20595e-08 	0.0060911803 	0.012193686 	 1.3185e-09 	0.0045817142 	-0.011127742 	 0.00885125 	960.33321 	-4230.8603 	 -0.069815214 	5.65169e-06 	-9.42675e-09 	 -0.64689049 	-7.90675e-06 	5.297475e-07 		-0.05625 1.0458954e-07 6.9115516e-07 1200000 1
-0.055 -771434.95 	1.3184 	-0.0803063 	 -659709.58 	-0.15525 	-0.3272845 	 1.26425e-08 	0.0057377962 	0.011564379 	 1.097e-09 	0.0041808497 	-0.011340296 	 0.00941235 	727.46122 	-3606.3017 	 -0.075519748 	5.66571e-06 	-1.314125e-08 	 -0.68727267 	-8.0017e-06 	5.406768e-07 		-0.055 1.1165772e-07 6.8117962e-07 1200000 1
-0.05375 -713296.41 	1.37235 	-0.07346995 	 -588113.4 	-0.2693 	-0.340951 	 1.3202e-08 	0.0053748817 	0.010983936 	 8.655e-10 	0.0037957451 	-0.011515053 	 0.0099347 	536.43347 	-3044.4584 	 -0.080560509 	5.6888e-06 	-1.987985e-08 	 -0.72556754 	-8.08725e-06 	5.555428e-07 		-0.05375 1.1875363e-07 6.7115404e-07 1200000 1
-0.0525 -655768.37 	1.4296 	-0.07590122 	 -522774.5 	-0.2547 	-0.33813485 	 1.3714e-08 	0.0050017437 	0.010455504 	 5.385e-10 	0.0034341235 	-0.011649808 	 0.0097243 	388.53043 	-2550.5994 	 -0.084992921 	5.706645e-06 	-1.87364e-08 	 -0.76192637 	-8.28025e-06 	5.5647275e-07 		-0.0525 1.2587952e-07 6.6096093e-07 1200000 1
-0.05125 -598991.36 	1.49805 	-0.08210257 	 -463140.82 	-0.2223 	-0.32904285 	 1.42295e-08 	0.0046233553 	0.0099715052 	 2.16e-10 	0.0030887809 	-0.011758064 	 0.00944375 	267.25142 	-2110.6005 	 -0.088872619 	5.71631e-06 	-1.423801e-08 	 -0.7965012 	-8.4872e-06 	5.5206675e-07 		-0.05125 1.3301978e-07 6.5045281e-07 1200000 1
-0.05 -543094.73 	1.5612 	-0.07932361 	 -408690.99 	-0.3152 	-0.3318858 	 1.47745e-08 	0.0042400124 	0.0095354384 	 -1.2e-11 	0.0027666006 	-0.011837118 	 0.009941945 	174.36615 	-1728.8044 	 -0.092254795 	5.731655e-06 	-1.694416e-08 	 -0.82944639 	-8.5886e-06 	5.574182e-07 		-0.05 1.4016997e-07 6.3974417e-07 1200000 1
-0.04875 -488127.68 	1.61315 	-0.07254276 	 -358923.44 	-0.4307 	-0.3406893 	 1.5299e-08 	0.0038543797 	0.0091395202 	 -2.47e-10 	0.0024598352 	-0.011898407 	 0.010512015 	97.898266 	-1392.2878 	 -0.095194753 	5.75484e-06 	-2.278155e-08 	 -0.86091688 	-8.67115e-06 	5.67454e-07 		-0.04875 1.4734899e-07 6.2898149e-07 1200000 1
-0.0475 -434137.79 	1.6713 	-0.074190985 	 -313361.94 	-0.4286 	-0.33441645 	 1.5784e-08 	0.0034673117 	0.0087875862 	 -5.87e-10 	0.0021742885 	-0.01193884 	 0.010404125 	39.677865 	-1104.7425 	 -0.09774764 	5.77065e-06 	-2.146245e-08 	 -0.89106725 	-8.8516e-06 	5.647279e-07 		-0.0475 1.5455732e-07 6.1806629e-07 1200000 1
-0.04625 -381107.08 	1.73855 	-0.07956904 	 -271554.97 	-0.4059 	-0.3214659 	 1.62875e-08 	0.0030798769 	0.0084718997 	 -9.165e-10 	0.0019024189 	-0.011968107 	 0.010201995 	-8.8580051 	-854.92618 	 -0.099968777 	5.7797005e-06 	-1.683965e-08 	 -0.92005043 	-9.0476e-06 	5.5632905e-07 		-0.04625 1.6177588e-07 6.0685258e-07 1200000 1
-0.045 -329021.1 	1.794 	-0.076400515 	 -233068.58 	-0.50075 	-0.32198525 	 1.68345e-08 	0.0026931617 	0.0081966725 	 -1.158e-09 	0.0016488398 	-0.011982918 	 0.010733005 	-46.095956 	-646.12746 	 -0.10191309 	5.800203e-06 	-1.908985e-08 	 -0.94801939 	-9.14365e-06 	5.5897005e-07 		-0.045 1.6900677e-07 5.9544834e-07 1200000 1
-0.04375 -277813.33 	1.8401 	-0.06957566 	 -197491.87 	-0.61905 	-0.32752905 	 1.73625e-08 	0.0023071948 	0.0079543596 	 -1.4e-09 	0.0014067114 	-0.011991468 	 0.011372016 	-78.001462 	-468.85163 	 -0.10363567 	5.828068e-06 	-2.42278e-08 	 -0.97512611 	-9.22035e-06 	5.65511e-07 		-0.04375 1.7627637e-07 5.8399507e-07 1200000 1
-0.0425 -227423.41 	1.9006 	-0.071047365 	 -164428.24 	-0.6271 	-0.3183672 	 1.78625e-08 	0.0019230736 	0.0077495187 	 -1.7365e-09 	0.0011793956 	-0.011990237 	 0.011402151 	-103.34629 	-326.20239 	 -0.10519159 	5.8420825e-06 	-2.237875e-08 	 -1.0015208 	-9.3886e-06 	5.5960125e-07 		-0.0425 1.8357689e-07 5.7239828e-07 1200000 1
-0.04125 -177751.83 	1.9684 	-0.07589834 	 -133503.32 	-0.61565 	-0.3045135 	 1.83865e-08 	0.0015402273 	0.0075749114 	 -2.066e-09 	0.00096101063 	-0.011986201 	 0.01134193 	-126.14818 	-210.29724 	 -0.10663621 	5.8504e-06 	-1.758945e-08 	 -1.0273511 	-9.571e-06 	5.496846e-07 		-0.04125 1.9088167e-07 5.6052398e-07 1200000 1
-0.04 -128705.57 	2.0181 	-0.07253706 	 -104350.81 	-0.7123 	-0.30517785 	 1.89435e-08 	0.0011596171 	0.0074354803 	 -2.3e-09 	0.00075366522 	-0.011975694 	 0.01194493 	-145.6831 	-124.2499 	 -0.10802475 	5.8758055e-06 	-1.9488e-08 	 -1.0527642 	-9.66115e-06 	5.516919e-07 		-0.04 1.9820302e-07 5.4846965e-07 1200000 1
-0.03875 -80164.089 	2.0588 	-0.065492039 	 -76620.958 	-0.83205 	-0.3073968 	 1.94765e-08 	0.00078039511 	0.0073243385 	 -2.5315e-09 	0.00055261385 	-0.011964668 	 0.01266931 	-164.46667 	-61.562589 	 -0.10941269 	5.909622e-06 	-2.440255e-08 	 -1.077906 	-9.73165e-06 	5.5472465e-07 		-0.03875 2.0557127e-07 5.363718e-07 1200000 1
-0.0375 -32012.755 	2.11335 	-0.067395564 	 -49970.11 	-0.8562 	-0.2962278 	 1.99555e-08 	0.00040332609 	0.007246783 	 -2.851e-09 	0.00035871522 	-0.01194919 	 0.01287202 	-182.3728 	-25.53723 	 -0.11085583 	5.93013e-06 	-2.192285e-08 	 -1.1029202 	-9.88095e-06 	5.4643355e-07 		-0.0375 2.1297718e-07 5.2414442e-07 1200000 1
-0.03625 15879.313 	2.1725 	-0.073302671 	 -24067.7 	-0.86105 	-0.2844455 	 2.04485e-08 	2.752382e-05 	0.0071963217 	 -3.162e-09 	0.00016841483 	-0.011934407 	 0.01298127 	-200.77578 	-10.808093 	 -0.11241041 	5.9468275e-06 	-1.61327e-08 	 -1.1279486 	-1.0043e-05 	5.3756755e-07 		-0.03625 2.2039693e-07 5.1166953e-07 1200000 1
-0.035 63638.736 	2.21595 	-0.071569761 	 1416.0986 	-0.96145 	-0.29039405 	 2.0981e-08 	-0.0003464435 	0.0071786473 	 -3.3525e-09 	-1.8639269e-05 	-0.011916126 	 0.0136921 	-220.2455 	-21.031388 	 -0.1141329 	5.979268e-06 	-1.67049e-08 	 -1.1531323 	-1.012245e-05 	5.433288e-07 		-0.035 2.2784458e-07 4.9903563e-07 1200000 1
-0.03375 111398.04 	2.2544 	-0.066104617 	 26805.22 	-1.0817 	-0.29570895 	 2.1494e-08 	-0.00071935362 	0.0071876588 	 -3.5235e-09 	-0.00020475562 	-0.011898828 	 0.01453014 	-241.24069 	-51.723577 	 -0.11608021 	6.018196e-06 	-2.04475e-08 	 -1.1786116 	-1.0185e-05 	5.483058e-07 		-0.03375 2.3534513e-07 4.8636219e-07 1200000 1
-0.0325 159287.02 	2.3071 	-0.069834817 	 52424.324 	-1.10375 	-0.29104835 	 2.1974e-08 	-0.0010907514 	0.0072294099 	 -3.7455e-09 	-0.00039146129 	-0.011877867 	 0.01483746 	-265.14942 	-107.05167 	 -0.11830997 	6.044505e-06 	-1.668e-08 	 -1.2045252 	-1.032795e-05 	5.4480375e-07 		-0.0325 2.4289008e-07 4.7357173e-07 1200000 1
-0.03125 207430.88 	2.3666 	-0.078138345 	 78596.071 	-1.094 	-0.2898686 	 2.249e-08 	-0.0014612246 	0.0072982027 	 -3.936e-09 	-0.00057983659 	-0.011857213 	 0.01498887 	-291.71509 	-183.18148 	 -0.12088052 	6.064935e-06 	-9.159e-09 	 -1.2310101 	-1.04937e-05 	5.4413025e-07 		-0.03125 2.5045662e-07 4.6054277e-07 1200000 1
-0.03 255953.81 	2.418 	-0.078159945 	 105649.18 	-1.16945 	-0.304318 	 2.30755e-08 	-0.0018302845 	0.007400483 	 -3.978e-09 	-0.00077250229 	-0.011831722 	 0.01570666 	-323.30787 	-284.93185 	 -0.12385077 	6.09554e-06 	-8.4865e-09 	 -1.2582026 	-1.058535e-05 	5.562977e-07 		-0.03 2.5805281e-07 4.4733678e-07 1200000 1
-0.02875 304965.29 	2.46835 	-0.073686037 	 133916.97 	-1.25745 	-0.31901205 	 2.3642e-08 	-0.0021983277 	0.0075309363 	 -3.9735e-09 	-0.00096930114 	-0.011804913 	 0.01653376 	-359.07387 	-408.90527 	 -0.12728039 	6.131165e-06 	-1.1498e-08 	 -1.2862392 	-1.066565e-05 	5.683582e-07 		-0.02875 2.6569586e-07 4.3407975e-07 1200000 1
-0.0275 354574.51 	2.52935 	-0.077485387 	 163740.73 	-1.2282 	-0.3207439 	 2.4168e-08 	-0.0025645871 	0.0076963412 	 -4.0065e-09 	-0.0011738447 	-0.011770904 	 0.0167226 	-402.59321 	-560.68315 	 -0.13123019 	6.15805e-06 	-7.5605e-09 	 -1.3152543 	-1.084145e-05 	5.693867e-07 		-0.0275 2.7338103e-07 4.206747e-07 1200000 1
-0.02625 404865.22 	2.5957 	-0.085361845 	 195468.7 	-1.15595 	-0.31868015 	 2.47255e-08 	-0.0029293305 	0.0078917722 	 -4.0085e-09 	-0.0013847886 	-0.011732852 	 0.01669739 	-452.55443 	-737.10741 	 -0.13576191 	6.180045e-06 	-4.46e-11 	 -1.3453808 	-1.104775e-05 	5.671207e-07 		-0.02625 2.8109107e-07 4.0697763e-07 1200000 1
-0.025 455920.76 	2.65785 	-0.083892595 	 229463.22 	-1.179 	-0.32413865 	 2.535e-08 	-0.003291182 	0.0081243339 	 -3.8695e-09 	-0.0016065397 	-0.011684029 	 0.0173255 	-514.05381 	-944.56887 	 -0.14093832 	6.2096e-06 	-1.66e-11 	 -1.3767508 	-1.11705e-05 	5.7088475e-07 		-0.025 2.8883113e-07 3.9305403e-07 1200000 1
-0.02375 507788.32 	2.7175 	-0.077442075 	 266097.51 	-1.22545 	-0.3310215 	 2.59525e-08 	-0.0036504278 	0.0083894698 	 -3.6835e-09 	-0.0018365971 	-0.011627216 	 0.018137724 	-585.43 	-1179.9663 	 -0.14682321 	6.246365e-06 	-3.8901e-09 	 -1.4094959 	-1.12729e-05 	5.7546175e-07 		-0.02375 2.9661537e-07 3.7904839e-07 1200000 1
-0.0225 560512.48 	2.7797 	-0.079222525 	 305762.25 	-1.1669 	-0.322082 	 2.65135e-08 	-0.004004621 	0.008694492 	 -3.541e-09 	-0.0020798726 	-0.011554554 	 0.018393099 	-673.70686 	-1450.4224 	 -0.15348183 	6.280865e-06 	-7.401e-10 	 -1.4437448 	-1.14601e-05 	5.665829e-07 		-0.0225 3.0444764e-07 3.6487222e-07 1200000 1
-0.02125 614090.11 	2.8448 	-0.085210395 	 348857.4 	-1.08525 	-0.310924 	 2.71165e-08 	-0.0043542912 	0.0090352218 	 -3.389e-09 	-0.0023328181 	-0.011468446 	 0.018556465 	-777.05426 	-1752.716 	 -0.16098065 	6.311485e-06 	6.0957e-09 	 -1.479624 	-1.16605e-05 	5.556739e-07 		-0.02125 3.1231828e-07 3.5039902e-07 1200000 1
-0.02 668511.03 	2.90695 	-0.083053145 	 395808.33 	-1.1123 	-0.3162995 	 2.7798e-08 	-0.0046953262 	0.0094190878 	 -3.089e-09 	-0.0026003552 	-0.011359749 	 0.01944808 	-904.95424 	-2094.3911 	 -0.16938739 	6.34896e-06 	6.3572e-09 	 -1.5172574 	-1.176585e-05 	5.5825795e-07 		-0.02 3.2022719e-07 3.3571879e-07 1200000 1
-0.01875 723705.88 	2.96925 	-0.07694635 	 447048.15 	-1.1582 	-0.3178705 	 2.84555e-08 	-0.0050288323 	0.0098422725 	 -2.7245e-09 	-0.0028780219 	-0.011230367 	 0.020530436 	-1055.6244 	-2471.943 	 -0.17877097 	6.392865e-06 	3.5054e-09 	 -1.5567667 	-1.1854e-05 	5.5726795e-07 		-0.01875 3.2819097e-07 3.2098251e-07 1200000 1
-0.0175 779589.73 	3.0423 	-0.0788424 	 503041.42 	-1.077 	-0.308154 	 2.9079e-08 	-0.0053482407 	0.010312087 	 -2.385e-09 	-0.0031699897 	-0.01106956 	 0.021024 	-1241.6844 	-2892.6103 	 -0.18920183 	6.428265e-06 	7.3944e-09 	 -1.5982686 	-1.204495e-05 	5.465266e-07 		-0.0175 3.3621027e-07 3.0608169e-07 1200000 1
-0.01625 836006.83 	3.1215 	-0.0837097 	 564251.65 	-0.9533 	-0.3016725 	 2.97635e-08 	-0.0056556798 	0.010825082 	 -2.019e-09 	-0.0034711539 	-0.010878587 	 0.021366705 	-1461.7713 	-3352.4531 	 -0.20075154 	6.456975e-06 	1.38652e-08 	 -1.6418755 	-1.22649e-05 	5.382006e-07 		-0.01625 3.4426308e-07 2.9086433e-07 1200000 1
-0.015 892772.25 	3.18745 	-0.07999515 	 631185.14 	-0.9467 	-0.307349 	 3.05545e-08 	-0.005941112 	0.011388206 	 -1.51e-09 	-0.0037837118 	-0.010644931 	 0.0224253 	-1732.4776 	-3856.9457 	 -0.21349271 	6.501355e-06 	1.33922e-08 	 -1.6876939 	-1.23824e-05 	5.3963425e-07 		-0.015 3.5235192e-07 2.7541894e-07 1200000 1
-0.01375 949619.76 	3.2537 	-0.0749629 	 704336.17 	-0.96235 	-0.307988 	 3.1328e-08 	-0.00620828 	0.011998363 	 -9.365e-10 	-0.0041023035 	-0.010368894 	 0.02371785 	-2053.3982 	-4401.5997 	 -0.22749845 	6.55262e-06 	1.2039e-08 	 -1.735826 	-1.24798e-05 	5.3636875e-07 		-0.01375 3.6051529e-07 2.5992848e-07 1200000 1
-0.0125 1006232.2 	3.3487 	-0.07758005 	 784252.9 	-0.82995 	-0.298403 	 3.20705e-08 	-0.0064423339 	0.012661707 	 -3.92e-10 	-0.004425255 	-0.010035847 	 0.0245534 	-2446.1234 	-4987.3918 	 -0.24284267 	6.57981e-06 	1.71935e-08 	 -1.7863653 	-1.26967e-05 	5.2411675e-07 		-0.0125 3.6873368e-07 2.4423297e-07 1200000 1
-0.01125 1062202 	3.4449 	-0.0790687 	 871451.36 	-0.65475 	-0.2903855 	 3.2879e-08 	-0.0066493755 	0.013375517 	 1.79e-10 	-0.00474757 	-0.0096446772 	 0.02531075 	-2912.116 	-5609.2148 	 -0.25959836 	6.60255e-06 	2.16026e-08 	 -1.8393994 	-1.294155e-05 	5.1275825e-07 		-0.01125 3.7696609e-07 2.2815741e-07 1200000 1
-0.01 1117037.4 	3.49735 	-0.07116025 	 966519.39 	-0.6386 	-0.290445 	 3.3772e-08 	-0.0068079555 	0.014144685 	 9.45e-10 	-0.0050606681 	-0.0091783828 	 0.0267461 	-3479.224 	-6258.5676 	 -0.27783791 	6.66517e-06 	1.85186e-08 	 -1.8950063 	-1.304805e-05 	5.0762175e-07 		-0.01 3.8524204e-07 2.118468e-07 1200000 1
-0.00875 1170149.1 	3.54905 	-0.068309 	 1069989 	-0.6289 	-0.285673 	 3.4662e-08 	-0.0069274123 	0.014966968 	 1.7925e-09 	-0.0053606875 	-0.0086334637 	 0.0283591 	-4152.3786 	-6929.624 	 -0.29762917 	6.73431e-06 	2.00496e-08 	 -1.9532606 	-1.314675e-05 	4.9784675e-07 		-0.00875 3.9363105e-07 1.9553111e-07 1200000 1
-0.0075 1220810.1 	3.6557 	-0.06883025 	 1182486.8 	-0.39935 	-0.26346955 	 3.55195e-08 	-0.0069771627 	0.015845418 	 2.734e-09 	-0.0056272427 	-0.0079898016 	 0.0297076 	-4967.5289 	-7595.3539 	 -0.31903731 	6.75565e-06 	2.47536e-08 	 -2.0142262 	-1.342385e-05 	4.7294006e-07 		-0.0075 4.020811e-07 1.7898036e-07 1200000 1
-0.00625 1268186 	3.755195 	-0.065103535 	 1304555 	-0.1759 	-0.25976855 	 3.6433e-08 	-0.0069705184 	0.016778919 	 3.804e-09 	-0.0058580018 	-0.0072390648 	 0.0312278 	-5936.8354 	-8248.2836 	 -0.3421149 	6.7761e-06 	2.62919e-08 	 -2.0779704 	-1.36872e-05 	4.6290855e-07 		-0.00625 4.105222e-07 1.6198955e-07 1200000 1
-0.005 1311211.3 	3.790845 	-0.055831535 	 1436871.1 	-0.20115 	-0.27186953 	 3.73975e-08 	-0.0068640435 	0.017769729 	 5.3005e-09 	-0.0060125995 	-0.0063544973 	 0.0333526 	-7110.1322 	-8826.1356 	 -0.36690635 	6.8508e-06 	2.38229e-08 	 -2.1445525 	-1.37353e-05 	4.6542205e-07 		-0.005 4.1902086e-07 1.4478368e-07 1200000 1
-0.00375 1348646.1 	3.821925 	-0.05532012 	 1580036.9 	-0.20585 	-0.24691903 	 3.83505e-08 	-0.0066722521 	0.018821415 	 6.864e-09 	-0.0060837619 	-0.0053133986 	 0.03567815 	-8520.2864 	-9309.2742 	 -0.39342134 	6.93095e-06 	2.95607e-08 	 -2.2140605 	-1.3796e-05 	4.3637205e-07 		-0.00375 4.2765013e-07 1.2764773e-07 1200000 1
-0.0025 1378835.6 	3.928635 	-0.07293787 	 1734865.9 	0.12175 	-0.228339 	 3.921925e-08 	-0.0063375661 	0.019930563 	 8.4082e-09 	-0.0059807725 	-0.0040952594 	 0.03817615 	-10221.885 	-9556.1413 	 -0.4216524 	6.9391e-06 	5.13187e-08 	 -2.2865904 	-1.41257e-05 	4.120315e-07 		-0.0025 4.363505e-07 1.1029672e-07 1200000 1
-0.00125 1399746.5 	4.01776 	-0.06816525 	 1902138.7 	0.37245 	-0.238337 	 4.0001e-08 	-0.0058066854 	0.021161671 	 1.02193e-08 	-0.00566771 	-0.0025725312 	 0.0412255 	-12404.095 	-9447.8765 	 -0.45145906 	6.9484e-06 	5.55945e-08 	 -2.362148 	-1.43753e-05 	4.11115e-07 		-0.00125 4.4500097e-07 9.2335679e-08 1200000 1
5.2475385e-17 760748.42 	3.990875 	-0.0249074 	 1079991.4 	0.27695 	-0.16245315 	 4.03532e-08 	-0.0050661434 	0.022047967 	 1.14456e-08 	-0.0050429986 	-0.0013739855 	 0.0433005 	-7397.342 	-4982.5924 	 -0.46515465 	-1.107115e-05 	1.5968e-08 	 -2.389034 	-1.516715e-05 	4.47608e-07 		5.2475385e-17 4.4223156e-07 7.3754621e-08 650000 1
0.00125 110748.3 	3.90467 	0.008359055 	 168482.76 	0.19535 	-0.0257775 	 4.02027e-08 	-0.0042995217 	0.022174026 	 1.17845e-08 	-0.0043283131 	-0.0011656906 	 0.04314955 	-1130.1396 	-604.37885 	 -0.44519793 	-2.86241e-05 	-6.42895e-08 	 -2.3155753 	-1.60473e-05 	4.51539e-07 		0.00125 4.1732322e-07 5.441357e-08 100000 1
0.0025 104575.46 	3.821255 	0.025037669 	 163406.35 	0.22615 	-0.0245325 	 3.9632e-08 	-0.0036829105 	0.021952487 	 1.1316e-08 	-0.0037706194 	-0.0014187035 	 0.04178615 	-1032.2548 	-502.14009 	 -0.40911716 	-2.775035e-05 	-2.214365e-07 	 -2.1935141 	-1.63476e-05 	4.302645e-07 		0.0025 3.8216582e-07 3.4217557e-08 100000 1
0.00375 98796.866 	3.75061 	0.040366564 	 158376.48 	0.2524 	-0.0222981 	 3.901715e-08 	-0.0032263396 	0.02176912 	 1.0751e-08 	-0.0033610771 	-0.0016021644 	 0.0406471 	-948.76434 	-426.73097 	 -0.37459044 	-2.702175e-05 	-3.66014e-07 	 -2.0746284 	-1.65861e-05 	3.9969685e-07 		0.00375 3.4795034e-07 1.3541609e-08 100000 1
0.005 93380.341 	3.68167 	0.049216135 	 153441.01 	0.2568 	-0.0196205 	 3.84482e-08 	-0.0028590591 	0.021629972 	 1.03565e-08 	-0.00303465 	-0.0017290191 	 0.03963445 	-877.40661 	-367.52607 	 -0.34174896 	-2.631945e-05 	-4.467115e-07 	 -1.9589907 	-1.659395e-05 	3.6533685e-07 		0.005 3.1461126e-07 -7.2242703e-09 100000 1
0.00625 88290.484 	3.61922 	0.055555685 	 148634.38 	0.26175 	-0.01872085 	 3.79179e-08 	-0.0025451448 	0.021521074 	 9.9995e-09 	-0.0027584247 	-0.0018195113 	 0.03875795 	-814.99774 	-318.32284 	 -0.31059599 	-2.56847e-05 	-5.03015e-07 	 -1.8465805 	-1.66016e-05 	3.49351e-07 		0.00625 2.8215162e-07 -2.7925089e-08 100000 1
0.0075 83508.59 	3.567095 	0.05880384 	 143974.7 	0.28035 	-0.0176877 	 3.74506e-08 	-0.002287075 	0.021427502 	 9.7809e-09 	-0.0025302132 	-0.001892189 	 0.03800205 	-758.56942 	-278.62791 	 -0.28112105 	-2.51575e-05 	-5.290425e-07 	 -1.7373863 	-1.673865e-05 	3.32611e-07 		0.0075 2.504024e-07 -4.8730844e-08 100000 1
0.00875 79013.885 	3.515575 	0.06146459 	 139484.94 	0.2972 	-0.0161869 	 3.699505e-08 	-0.0020600719 	0.021349127 	 9.6594e-09 	-0.0023294841 	-0.0019496852 	 0.037284 	-707.57452 	-244.67229 	 -0.2532798 	-2.464625e-05 	-5.498305e-07 	 -1.6314248 	-1.684625e-05 	3.117945e-07 		0.00875 2.1925961e-07 -6.9789029e-08 100000 1
0.01 74792.569 	3.460055 	0.06306109 	 135179.24 	0.3019 	-0.0155906 	 3.653405e-08 	-0.0018702835 	0.021280167 	 9.60665e-09 	-0.0021604693 	-0.0019984941 	 0.03655785 	-660.78221 	-216.79912 	 -0.22702227 	-2.41014e-05 	-5.605035e-07 	 -1.5287051 	-1.6826e-05 	3.00576e-07 		0.01 1.8878726e-07 -9.0865654e-08 100000 1
0.01125 70827.977 	3.406485 	0.064303865 	 131075.16 	0.3078 	-0.0150216 	 3.606065e-08 	-0.0017012081 	0.021222013 	 9.5191e-09 	-0.0020094865 	-0.0020383588 	 0.03587755 	-618.0442 	-192.65772 	 -0.20228643 	-2.357665e-05 	-5.680435e-07 	 -1.4292416 	-1.681505e-05 	2.900865e-07 		0.01125 1.5900836e-07 -1.1186223e-07 100000 1
0.0125 67107.866 	3.35721 	0.06445096 	 127184.1 	0.3223 	-0.0144642 	 3.55475e-08 	-0.0015580497 	0.021171074 	 9.3991e-09 	-0.0018807269 	-0.0020728035 	 0.03524565 	-578.59838 	-172.59456 	 -0.17900965 	-2.309805e-05 	-5.65009e-07 	 -1.3330383 	-1.688405e-05 	2.80089e-07 		0.0125 1.2984742e-07 -1.3290426e-07 100000 1
0.01375 63617.869 	3.306365 	0.064703415 	 123519.4 	0.33345 	-0.0127827 	 3.50616e-08 	-0.0014294875 	0.02112882 	 9.37835e-09 	-0.0017647552 	-0.002101039 	 0.0346175 	-542.37891 	-155.09294 	 -0.1571256 	-2.26119e-05 	-5.634485e-07 	 -1.2400964 	-1.69109e-05 	2.59277e-07 		0.01375 1.0126417e-07 -1.5407224e-07 100000 1
0.015 60346.791 	3.252195 	0.06533887 	 120089.92 	0.33811 	-0.0119442 	 3.45849e-08 	-0.0013195172 	0.021092569 	 9.3963e-09 	-0.0016650043 	-0.0021254473 	 0.0339746 	-508.83696 	-140.41738 	 -0.13656909 	-2.2097885e-05 	-5.660948e-07 	 -1.1504084 	-1.68662e-05 	2.47273e-07 		0.015 7.3318433e-08 -1.7518218e-07 100000 1
0.01625 57282.035 	3.198965 	0.0661857 	 116905.82 	0.34461 	-0.01105355 	 3.403705e-08 	-0.0012201663 	0.021063611 	 9.27535e-09 	-0.0015747539 	-0.0021452154 	 0.0333563 	-477.92519 	-127.56114 	 -0.11727485 	-2.159444e-05 	-5.711293e-07 	 -1.0639639 	-1.683685e-05 	2.350475e-07 		0.01625 4.6020062e-08 -1.9623708e-07 100000 1
0.0175 54413.464 	3.14709 	0.06651885 	 113973.86 	0.351935 	-0.0114136 	 3.345835e-08 	-0.0011344876 	0.021039806 	 9.11335e-09 	-0.0014967678 	-0.0021620955 	 0.03275985 	-449.22813 	-116.71946 	 -0.099180046 	-2.1107915e-05 	-5.71286e-07 	 -0.98074562 	-1.681135e-05 	2.35602e-07 		0.0175 1.9332957e-08 -2.1727495e-07 100000 1
0.01875 51730.033 	3.09285 	0.066527815 	 111301.66 	0.35648 	-0.0108914 	 3.29308e-08 	-0.0010567281 	0.021022269 	 9.0846e-09 	-0.0014261059 	-0.002175362 	 0.032152 	-422.70428 	-107.20675 	 -0.082223468 	-2.060504e-05 	-5.685035e-07 	 -0.9007333 	-1.6751e-05 	2.276085e-07 		0.01875 -6.7488866e-09 -2.3826778e-07 100000 1
0.02 49222.636 	3.036865 	0.066849325 	 108894.47 	0.36363 	-0.00930975 	 3.24194e-08 	-0.00098925197 	0.021009249 	 9.10425e-09 	-0.0013650252 	-0.0021863449 	 0.0315322 	-398.03301 	-99.168711 	 -0.06634644 	-2.008972e-05 	-5.691036e-07 	 -0.82390338 	-1.67117e-05 	2.09248e-07 		0.02 -3.2178662e-08 -2.5915259e-07 100000 1
0.02125 46881.554 	2.980225 	0.067461205 	 106758.33 	0.37437 	-0.00625095 	 3.186635e-08 	-0.00092780823 	0.021001723 	 9.0381e-09 	-0.0013097788 	-0.002194418 	 0.03091455 	-375.17527 	-92.127373 	 -0.05149258 	-1.9568755e-05 	-5.727666e-07 	 -0.75023217 	-1.670555e-05 	1.76331e-07 		0.02125 -5.6972407e-08 -2.8004688e-07 100000 1
0.0225 44698.678 	2.92311 	0.065746275 	 104897.53 	0.37901 	-0.0009162 	 3.121785e-08 	-0.00087426177 	0.020998238 	 8.84855e-09 	-0.0012622536 	-0.0022005915 	 0.03030532 	-353.88211 	-86.194771 	 -0.037608401 	-1.9045225e-05 	-5.533175e-07 	 -0.67969409 	-1.6635e-05 	1.208425e-07 		0.0225 -8.1099871e-08 -3.0091764e-07 100000 1
0.02375 42665.476 	2.86714 	0.064100185 	 103317.06 	0.377725 	0.0067485 	 3.054485e-08 	-0.00082540219 	0.02099967 	 8.63825e-09 	-0.0012195199 	-0.0022043405 	 0.02972177 	-334.11585 	-81.030384 	 -0.024643 	-1.854017e-05 	-5.34785e-07 	 -0.61226459 	-1.64989e-05 	4.22145e-08 		0.02375 -1.0458491e-07 -3.2163488e-07 100000 1
0.025 40774.733 	2.81042 	0.06477795 	 102020.88 	0.37944 	0.01038045 	 2.992355e-08 	-0.00078273138 	0.021004795 	 8.4758e-09 	-0.0011831973 	-0.0022064164 	 0.02913128 	-315.68305 	-76.72414 	 -0.012548077 	-1.8032975e-05 	-5.3971475e-07 	 -0.54792069 	-1.63875e-05 	4.0415e-09 		0.025 -1.2744985e-07 -3.4216461e-07 100000 1
0.02625 39018.916 	2.7527 	0.064909595 	 101013.72 	0.383285 	0.00799565 	 2.9431e-08 	-0.00074377073 	0.021014414 	 8.5422e-09 	-0.0011509236 	-0.0022063864 	 0.028531945 	-298.54613 	-73.028417 	 -0.0012779124 	-1.7516695e-05 	-5.3933925e-07 	 -0.48664274 	-1.629535e-05 	2.6153e-08 		0.02625 -1.4966702e-07 -3.6260332e-07 100000 1
0.0275 37391.632 	2.69477 	0.065249035 	 100299.59 	0.38165 	0.0105946 	 2.890575e-08 	-0.0007097549 	0.021027493 	 8.5625e-09 	-0.001124124 	-0.0022047842 	 0.02794377 	-282.55605 	-70.019285 	 0.0092105274 	-1.7000735e-05 	-5.411575e-07 	 -0.42841306 	-1.61454e-05 	-1.4725e-09 		0.0275 -1.7124126e-07 -3.8290452e-07 100000 1
0.02875 35886.225 	2.63553 	0.066030385 	 99883.348 	0.3767 	0.0181779 	 2.825185e-08 	-0.00067872629 	0.021044777 	 8.35015e-09 	-0.0011008374 	-0.0022012662 	 0.027352285 	-267.67487 	-67.512916 	 0.018957753 	-1.6478185e-05 	-5.4756875e-07 	 -0.37321866 	-1.59563e-05 	-7.88475e-08 		0.02875 -1.9216837e-07 -4.0296871e-07 100000 1
0.03 34497.004 	2.575885 	0.066529675 	 99769.532 	0.37455 	0.0199312 	 2.76228e-08 	-0.00065172535 	0.021065376 	 8.1767e-09 	-0.0010823483 	-0.0021961747 	 0.026753905 	-253.78954 	-65.577846 	 0.028001938 	-1.5956295e-05 	-5.513499e-07 	 -0.32105105 	-1.57909e-05 	-9.7853e-08 		0.03 -2.1243631e-07 -4.2279539e-07 100000 1
0.03125 33218.035 	2.51669 	0.06655458 	 99963.66 	0.37417 	0.01508175 	 2.71064e-08 	-0.00062717391 	0.021089996 	 8.2169e-09 	-0.001066981 	-0.0021892476 	 0.026160345 	-240.86076 	-64.074763 	 0.036378944 	-1.5439675e-05 	-5.505185e-07 	 -0.27190801 	-1.56419e-05 	-5.0768e-08 		0.03125 -2.3205888e-07 -4.4244606e-07 100000 1
0.0325 32044.236 	2.45637 	0.06695031 	 100471.12 	0.36822 	0.01603564 	 2.65618e-08 	-0.00060596455 	0.021117873 	 8.21625e-09 	-0.0010559158 	-0.0021806565 	 0.02556665 	-228.80618 	-63.069297 	 0.0441223 	-1.4913835e-05 	-5.5348895e-07 	 -0.225792 	-1.54345e-05 	-6.16642e-08 		0.0325 -2.5103516e-07 -4.6190073e-07 100000 1
0.03375 30970.291 	2.394185 	0.067761905 	 101298.27 	0.358095 	0.02311369 	 2.589735e-08 	-0.00058679391 	0.021149684 	 7.9954e-09 	-0.0010476829 	-0.0021702182 	 0.02496318 	-217.58482 	-62.453283 	 0.051263318 	-1.4375135e-05 	-5.60762e-07 	 -0.18271222 	-1.518005e-05 	-1.337802e-07 		0.03375 -2.6934315e-07 -4.8103239e-07 100000 1
0.035 29991.617 	2.331775 	0.06836812 	 102451.67 	0.353775 	0.024340395 	 2.52513e-08 	-0.00057044889 	0.021184756 	 7.80595e-09 	-0.0010433846 	-0.0021579459 	 0.02435085 	-207.1412 	-62.293473 	 0.057831334 	-1.383858e-05 	-5.661446e-07 	 -0.14268443 	-1.49805e-05 	-1.4735685e-07 		0.035 -2.8697287e-07 -4.9985055e-07 100000 1
0.03625 29103.378 	2.26967 	0.06845982 	 103938.93 	0.35254 	0.019865345 	 2.470895e-08 	-0.00055583133 	0.021223754 	 7.81665e-09 	-0.0010417006 	-0.0021437291 	 0.02373929 	-197.43194 	-62.503603 	 0.063853701 	-1.3305595e-05 	-5.6648485e-07 	 -0.10573234 	-1.48106e-05 	-1.0389435e-07 		0.03625 -3.039394e-07 -5.1848401e-07 100000 1
0.0375 28301.395 	2.206295 	0.068614563 	 105767.93 	0.34376 	0.02045644 	 2.41415e-08 	-0.00054364604 	0.021266086 	 7.78945e-09 	-0.0010436701 	-0.0021274313 	 0.023125455 	-188.42686 	-63.154671 	 0.069355798 	-1.2761285e-05 	-5.675266e-07 	 -0.071885831 	-1.45628e-05 	-1.1105215e-07 		0.0375 -3.2023669e-07 -5.3687771e-07 100000 1
0.03875 27581.221 	2.14154 	0.069171319 	 107947.63 	0.33122 	0.02650163 	 2.34639e-08 	-0.00053294375 	0.021312411 	 7.5563e-09 	-0.0010480824 	-0.0021090113 	 0.022504635 	-180.08013 	-64.175401 	 0.074361119 	-1.220853e-05 	-5.727046e-07 	 -0.041182837 	-1.42736e-05 	-1.7274185e-07 		0.03875 -3.3584244e-07 -5.5489161e-07 100000 1
0.04 26938.97 	2.07727 	0.069526542 	 110487.44 	0.325835 	0.0272521 	 2.280455e-08 	-0.00052437381 	0.021362191 	 7.3585e-09 	-0.001055922 	-0.0020881887 	 0.02188076 	-172.3863 	-65.643983 	 0.078891502 	-1.166466e-05 	-5.760041e-07 	 -0.013668749 	-1.40532e-05 	-1.8149135e-07 		0.04 -3.5075806e-07 -5.7256208e-07 100000 1
0.04125 26370.452 	2.013695 	0.069369822 	 113397.92 	0.32364 	0.02266557 	 2.224385e-08 	-0.0005170995 	0.021416097 	 7.35365e-09 	-0.0010660611 	-0.0020649843 	 0.02126039 	-165.29668 	-67.499138 	 0.082967122 	-1.1128015e-05 	-5.7426295e-07 	 0.010602234 	-1.386405e-05 	-1.368559e-07 		0.04125 -3.6500439e-07 -5.9002459e-07 100000 1
0.0425 25871.973 	1.949072 	0.069302061 	 116690.08 	0.313955 	0.02267858 	 2.166405e-08 	-0.00051172735 	0.021473641 	 7.32045e-09 	-0.0010794266 	-0.0020389745 	 0.020638375 	-158.8321 	-69.828389 	 0.086606489 	-1.058212e-05 	-5.734624e-07 	 0.031569187 	-1.3598185e-05 	-1.3820775e-07 		0.0425 -3.7857797e-07 -6.0722212e-07 100000 1
0.04375 25439.508 	1.8832415 	0.069673741 	 120376.1 	0.30135 	0.0277614 	 2.09829e-08 	-0.00050750006 	0.021535508 	 7.0967e-09 	-0.0010949553 	-0.0020102373 	 0.020008745 	-152.94138 	-72.576297 	 0.089826521 	-1.0028745e-05 	-5.7714915e-07 	 0.049162735 	-1.3299495e-05 	-1.9026965e-07 		0.04375 -3.9145947e-07 -6.2402007e-07 100000 1
0.045 25069.435 	1.8179465 	0.070008518 	 124468.68 	0.29633 	0.028185852 	 2.03165e-08 	-0.00050500012 	0.021601243 	 6.9024e-09 	-0.0011135067 	-0.0019782077 	 0.01937573 	-147.67396 	-75.841455 	 0.09264275 	-9.483995e-06 	-5.8057301e-07 	 0.063305981 	-1.307461e-05 	-1.9575455e-07 		0.045 -4.0364998e-07 -6.4047122e-07 100000 1
0.04625 24757.757 	1.7533375 	0.069861369 	 128981.76 	0.29437 	0.023613082 	 1.97395e-08 	-0.00050352935 	0.021671557 	 6.88495e-09 	-0.0011340744 	-0.001943011 	 0.01874516 	-142.97647 	-79.571185 	 0.095069301 	-8.94606e-06 	-5.7923256e-07 	 0.073913333 	-1.288015e-05 	-1.5125685e-07 		0.04625 -4.1516954e-07 -6.5670707e-07 100000 1
0.0475 24500.809 	1.6876985 	0.069835344 	 133929.71 	0.285195 	0.023408085 	 1.91462e-08 	-0.00050365411 	0.021746026 	 6.8423e-09 	-0.0011574257 	-0.0019039367 	 0.018111145 	-138.93176 	-83.875331 	 0.097118879 	-8.39867e-06 	-5.7913214e-07 	 0.080892901 	-1.2612855e-05 	-1.504317e-07 		0.0475 -4.2601512e-07 -6.7267187e-07 100000 1
0.04875 24294.516 	1.6207135 	0.070288836 	 139328.09 	0.273105 	0.02814086 	 1.846115e-08 	-0.00050471359 	0.021825398 	 6.62395e-09 	-0.0011826087 	-0.001861148 	 0.017466635 	-135.48556 	-88.701108 	 0.098802821 	-7.8416565e-06 	-5.8389669e-07 	 0.084144974 	-1.2313803e-05 	-1.989935e-07 		0.04875 -4.3616634e-07 -6.8823932e-07 100000 1
0.05 24135.025 	1.55409 	0.070736517 	 145192.97 	0.26808 	0.02877594 	 1.77899e-08 	-0.00050727326 	0.021909262 	 6.43085e-09 	-0.0012102612 	-0.0018137895 	 0.01681686 	-132.75982 	-94.168053 	 0.10013128 	-7.290873e-06 	-5.8869095e-07 	 0.08356342 	-1.2083853e-05 	-2.0657735e-07 		0.05 -4.4561923e-07 -7.0345652e-07 100000 1
0.05125 24018.032 	1.488115 	0.070636441 	 151541.52 	0.26579 	0.024599851 	 1.720045e-08 	-0.00051069702 	0.021998414 	 6.39875e-09 	-0.0012394963 	-0.0017620467 	 0.016168025 	-130.70129 	-100.22126 	 0.10111318 	-6.7462515e-06 	-5.8805e-07 	 0.079034727 	-1.188164e-05 	-1.6603209e-07 		0.05125 -4.5439353e-07 -7.1844927e-07 100000 1
0.0525 23939.349 	1.4211135 	0.070574652 	 158391.31 	0.25605 	0.024586367 	 1.65991e-08 	-0.00051555635 	0.022092456 	 6.3458e-09 	-0.0012707588 	-0.0017049131 	 0.015514035 	-129.47954 	-106.98442 	 0.1017562 	-6.191761e-06 	-5.878133e-07 	 0.070440876 	-1.1604805e-05 	-1.6709375e-07 		0.0525 -4.6248513e-07 -7.3316102e-07 100000 1
0.05375 23894.314 	1.3528905 	0.070998015 	 165760.89 	0.24289 	0.029391625 	 1.59175e-08 	-0.00052122354 	0.022192245 	 6.13355e-09 	-0.0013032456 	-0.0016425793 	 0.01484963 	-129.0459 	-114.39865 	 0.10206682 	-5.628121e-06 	-5.924937e-07 	 0.057658077 	-1.129203e-05 	-2.1633475e-07 		0.05375 -4.6987309e-07 -7.4746156e-07 100000 1
0.055 23878.217 	1.2851495 	0.071399216 	 173669.14 	0.236425 	0.030156035 	 1.52504e-08 	-0.00052829138 	0.022297378 	 5.9432e-09 	-0.0013371175 	-0.0015738887 	 0.01418043 	-129.62739 	-122.58047 	 0.10205044 	-5.071281e-06 	-5.970411e-07 	 0.040558835 	-1.104536e-05 	-2.2514845e-07 		0.055 -4.7655531e-07 -7.6139131e-07 100000 1
0.05625 23885.859 	1.2180895 	0.071265106 	 182135.86 	0.232685 	0.02614985 	 1.46568e-08 	-0.00053613094 	0.022408788 	 5.8987e-09 	-0.0013716925 	-0.001499011 	 0.01351078 	-131.1852 	-131.46645 	 0.10171135 	-4.520642e-06 	-5.962835e-07 	 0.019011191 	-1.082715e-05 	-1.8621965e-07 		0.05625 -4.8255118e-07 -7.7507529e-07 100000 1
0.0575 23911.813 	1.150122 	0.071143155 	 191180.87 	0.22176 	0.02600342 	 1.405635e-08 	-0.00054536633 	0.022526067 	 5.83875e-09 	-0.0014067062 	-0.0014166346 	 0.01283442 	-134.01695 	-141.14392 	 0.10105272 	-3.960856e-06 	-5.956788e-07 	 -0.0071176633 	-1.053785e-05 	-1.8584045e-07 		0.0575 -4.8785716e-07 -7.8845942e-07 100000 1
0.05875 23950.17 	1.0809315 	0.071493562 	 200824.75 	0.20786 	0.030407375 	 1.33876e-08 	-0.00055535311 	0.022650234 	 5.6386e-09 	-0.0014416514 	-0.0013268746 	 0.01214475 	-138.10224 	-151.54515 	 0.10007657 	-3.3910865e-06 	-5.99874e-07 	 -0.037962584 	-1.02177e-05 	-2.309332e-07 		0.05875 -4.924537e-07 -8.0141966e-07 100000 1
0.06 23994.535 	1.011892 	0.071752901 	 211087.96 	0.20051 	0.030858425 	 1.273505e-08 	-0.00056676779 	0.02278086 	 5.45965e-09 	-0.0014756319 	-0.0012282701 	 0.011445195 	-143.8239 	-162.68926 	 0.098783939 	-2.824214e-06 	-6.0325905e-07 	 -0.073657401 	-9.963e-06 	-2.3645645e-07 		0.06 -4.963351e-07 -8.1400343e-07 100000 1
0.06125 24038.073 	0.9432925 	0.071331444 	 221991.5 	0.19549 	0.0266814 	 1.214825e-08 	-0.00057894122 	0.02291907 	 5.4122e-09 	-0.0015083988 	-0.0011208308 	 0.01074045 	-151.19292 	-174.50718 	 0.097174827 	-2.260812e-06 	-5.9989924e-07 	 -0.11433596 	-9.73365e-06 	-1.956235e-07 		0.06125 -4.9951435e-07 -8.2632754e-07 100000 1
0.0625 24073.123 	0.873787 	0.070715392 	 233555.96 	0.18387 	0.02589425 	 1.156275e-08 	-0.00059262541 	0.023064406 	 5.35805e-09 	-0.0015381047 	-0.0010029444 	 0.01002468 	-160.69581 	-186.88087 	 0.095248185 	-1.6878895e-06 	-5.9464339e-07 	 -0.16012734 	-9.4395e-06 	-1.886165e-07 		0.0625 -5.0198737e-07 -8.3833785e-07 100000 1
0.06375 24091.693 	0.8028375 	0.070750674 	 245802.26 	0.169295 	0.0298082 	 1.09253e-08 	-0.00060711015 	0.023218114 	 5.18405e-09 	-0.001564872 	-0.00087443832 	 0.0092898 	-172.39599 	-199.74504 	 0.093001976 	-1.102125e-06 	-5.9599665e-07 	 -0.21115811 	-9.11595e-06 	-2.285325e-07 		0.06375 -5.037344e-07 -8.4992729e-07 100000 1
0.065 24084.465 	0.7310635 	0.070526307 	 258750.65 	0.158825 	0.0296485 	 1.03106e-08 	-0.00062327069 	0.023379699 	 5.03675e-09 	-0.0015854077 	-0.0007335498 	 0.008532125 	-186.90502 	-212.72474 	 0.090433281 	-5.0899e-07 	-5.9487845e-07 	 -0.26754755 	-8.83435e-06 	-2.27609e-07 		0.065 -5.0474309e-07 -8.6112787e-07 100000 1
0.06625 24041.96 	0.6591315 	0.068996342 	 272421.73 	0.151885 	0.0235021 	 9.7529e-09 	-0.00064031816 	0.023550569 	 5.0138e-09 	-0.0016003473 	-0.00057977447 	 0.007757215 	-204.37642 	-225.76509 	 0.087538519 	8.671e-08 	-5.8079865e-07 	 -0.32941147 	-8.5899e-06 	-1.667105e-07 		0.06625 -5.0500754e-07 -8.7201144e-07 100000 1
0.0675 23952.649 	0.585416 	0.066600792 	 286835.13 	0.140925 	0.02136 	 9.20865e-09 	-0.00065933872 	0.023730267 	 5.0154e-09 	-0.0016041405 	-0.00041114361 	 0.006954695 	-225.58152 	-238.02065 	 0.084313253 	7.00755e-07 	-5.5813665e-07 	 -0.3968553 	-8.30745e-06 	-1.45701e-07 		0.0675 -5.045267e-07 -8.826025e-07 100000 1
0.06875 23805.055 	0.508329 	0.064323242 	 302011.31 	0.12593 	0.0241953 	 8.6291e-09 	-0.0006791686 	0.023920629 	 4.9247e-09 	-0.0015980205 	-0.0002264425 	 0.00610488 	-250.85345 	-249.4347 	 0.080752952 	1.347305e-06 	-5.3676635e-07 	 -0.46998372 	-7.98565e-06 	-1.74344e-07 		0.06875 -5.0325567e-07 -8.9278104e-07 100000 1
0.07 23584.424 	0.428477 	0.059903567 	 317969.95 	0.1084 	0.02147935 	 8.1252e-09 	-0.00070133517 	0.0241217 	 4.8818e-09 	-0.0015728058 	-2.2936589e-05 	 0.005202365 	-281.25456 	-258.3024 	 0.076852686 	2.02165e-06 	-4.9408595e-07 	 -0.54889122 	-7.6411e-06 	-1.47334e-07 		0.07 -5.0115861e-07 -9.0256657e-07 100000 1
0.07125 23275.593 	0.341445 	0.053009426 	 334733.82 	0.088441 	0.01486965 	 7.70335e-09 	-0.00072196611 	0.024337657 	 4.98785e-09 	-0.0015294093 	0.00020275313 	 0.004191885 	-317.62492 	-264.3323 	 0.07260928 	2.768575e-06 	-4.267402e-07 	 -0.63368364 	-7.27495e-06 	-8.12365e-08 		0.07125 -4.9820181e-07 -9.1188208e-07 100000 1
0.0725 22857.916 	0.24039925 	0.041411352 	 352328.21 	0.066761 	0.00768055 	 7.3392e-09 	-0.00073244896 	0.024562313 	 5.162e-09 	-0.0014533397 	0.00045353217 	 0.002985177 	-361.22473 	-264.21625 	 0.068019321 	3.655555e-06 	-3.124242e-07 	 -0.72447297 	-6.894e-06 	-9.2525e-09 		0.0725 -4.9423756e-07 -9.2075309e-07 100000 1
0.07375 22303.367 	0.1244231 	0.028262626 	 370742.34 	0.035765 	0.00078685 	 6.90975e-09 	-0.00075472226 	0.024776534 	 5.26923e-09 	-0.0013283298 	0.00075325437 	 0.0015618725 	-416.65009 	-254.35747 	 0.06309713 	4.690265e-06 	-1.8270505e-07 	 -0.82113537 	-6.422e-06 	5.98385e-08 		0.07375 -4.8906353e-07 -9.2911809e-07 100000 1
0.075 21417.366 	0.05743399 	0.023427305 	 384215.66 	0.0237605 	-0.00247755 	 6.6849e-09 	-0.00077131141 	0.024882989 	 5.28956e-09 	-0.0012557598 	0.00091297806 	 0.0007334275 	-441.852 	-249.51946 	 0.060557362 	5.24104e-06 	-1.360707e-07 	 -0.87089591 	-6.1524e-06 	9.2657e-08 		0.075 -4.8288055e-07 -9.3644439e-07 100000 1
