# y jRe_x jRe_y jRe_z jIm_x jIm_y jIm_z BRe_x BRe_y BRe_z BIm_x BIm_y BIm_z F_x F_y F_z VReGrad_x VReGrad_y VReGrad_z VImGrad_x VImGrad_y VImGrad_z s VRe VIm sigma mur
-0.075 -508801.97 	-38698.87 	-16191.223 	 -2101025.2 	-172678.38 	-151811.31 	 -0.0045028066 	0.0027658713 	0.041344839 	 0.00016758224 	-0.00040921215 	0.0045223267 	 -1199.068 	15295.978 	-348.18177 	 -0.47030808 	-0.6177171 	0.0023900999 	 -1.5881539 	-3.1979387 	0.12817828 		-0.075 -0.00043454932 -0.0030817768 1200000 1
-0.07375 -555044.06 	-149251.05 	-16469.262 	 -1857319.1 	-321410.12 	-133703.91 	 -0.0044989009 	0.0026822681 	0.041017609 	 0.00027636243 	-0.0004323724 	0.0034016139 	 -3513.6165 	14648.733 	-628.86055 	 -0.47253089 	-0.58668793 	0.0015623295 	 -1.6569555 	-3.055393 	0.11326742 		-0.07375 -0.0012066957 -0.0070792002 1200000 1
-0.0725 -577950.33 	-296952.48 	-14437.2 	 -1564606.1 	-619584.47 	-100007.91 	 -0.0045054088 	0.0025347121 	0.040526623 	 0.00044022442 	-0.00046300758 	0.0018079668 	 -6530.8702 	13137.812 	-901.70937 	 -0.47618032 	-0.52855419 	5.4093881e-05 	 -1.7742563 	-2.7845954 	0.08522021 		-0.0725 -0.0019087801 -0.010755744 1200000 1
-0.07125 -580419.65 	-439459.18 	-11938.3 	 -1344063.6 	-872977.33 	-74616.196 	 -0.0045142532 	0.0023980837 	0.039969583 	 0.00055756188 	-0.00046937732 	0.00063019802 	 -8808.4311 	12112.768 	-1113.9588 	 -0.47882276 	-0.47737114 	-0.00094765302 	 -1.8427251 	-2.5464951 	0.063946558 		-0.07125 -0.0025100272 -0.013954868 1200000 1
-0.07 -582888.96 	-581965.89 	-9439.4008 	 -1123521 	-1126370.2 	-49224.483 	 -0.0045230976 	0.0022614552 	0.039412543 	 0.00067489934 	-0.00047574706 	-0.00054757072 	 -11085.992 	11087.723 	-1326.2082 	 -0.4814652 	-0.42618808 	-0.0019493999 	 -1.9111939 	-2.3083947 	0.042672906 		-0.07 -0.0031112743 -0.017153993 1200000 1
-0.06875 -568412.8 	-719136.68 	-7066.5524 	 -972891.48 	-1329935.3 	-33505.051 	 -0.0045217421 	0.0021337686 	0.038771496 	 0.00076713593 	-0.00046695981 	-0.001557232 	 -12805.89 	10175.401 	-1490.6572 	 -0.48185437 	-0.38013497 	-0.0023941468 	 -1.9356933 	-2.106873 	0.029340858 		-0.06875 -0.0035838132 -0.019764865 1200000 1
-0.0675 -553936.63 	-856307.48 	-4693.7041 	 -822261.92 	-1533500.3 	-17785.618 	 -0.0045203866 	0.002006082 	0.038130448 	 0.00085937253 	-0.00045817256 	-0.0025668934 	 -14525.788 	9263.0788 	-1655.1061 	 -0.48224355 	-0.33408186 	-0.0028388936 	 -1.9601927 	-1.9053513 	0.01600881 		-0.0675 -0.0040563521 -0.022375738 1200000 1
-0.06625 -531321.22 	-983832.98 	-2694.5002 	 -715585.3 	-1692704.2 	-8068.3463 	 -0.004522317 	0.0019032836 	0.037676936 	 0.00090698937 	-0.00044090805 	-0.0030388071 	 -16131.738 	8696.1652 	-1816.9936 	 -0.47861354 	-0.29230705 	-0.0029503301 	 -1.9610308 	-1.7387754 	0.007623173 		-0.06625 -0.0044190178 -0.024528243 1200000 1
-0.065 -508705.82 	-1111358.5 	-695.29625 	 -608908.69 	-1851908.1 	1648.9256 	 -0.0045242475 	0.0018004852 	0.037223423 	 0.00095460621 	-0.00042364354 	-0.0035107208 	 -17737.688 	8129.2515 	-1978.881 	 -0.47498353 	-0.25053225 	-0.0030617667 	 -1.9618689 	-1.5721996 	-0.00076246428 		-0.065 -0.0047816836 -0.026680749 1200000 1
-0.06375 -482408.23 	-1226976.3 	820.27721 	 -531185.4 	-1973823 	7370.4807 	 -0.0045287654 	0.0017108347 	0.036850585 	 0.00098249977 	-0.00040433515 	-0.003757652 	 -19216.042 	7638.802 	-2136.0236 	 -0.46764353 	-0.21314297 	-0.0029505091 	 -1.9501023 	-1.4364661 	-0.0058261817 		-0.06375 -0.0050453484 -0.028458742 1200000 1
-0.0625 -456110.65 	-1342594.2 	2335.8507 	 -453462.12 	-2095737.8 	13092.036 	 -0.0045332833 	0.0016211842 	0.036477747 	 0.0010103933 	-0.00038502675 	-0.0040045833 	 -20694.396 	7148.3526 	-2293.1661 	 -0.46030353 	-0.17575369 	-0.0028392516 	 -1.9383356 	-1.3007326 	-0.010889899 		-0.0625 -0.0053090133 -0.030236736 1200000 1
-0.06125 -428687.03 	-1445355 	3395.1174 	 -395793.55 	-2188236.6 	16237.28 	 -0.0045395613 	0.0015423601 	0.036176837 	 0.001026557 	-0.00036619027 	-0.0041097556 	 -22066.231 	6696.7524 	-2444.5371 	 -0.44979191 	-0.14278614 	-0.0025894755 	 -1.9199407 	-1.1906827 	-0.013786586 		-0.06125 -0.0054847327 -0.031710574 1200000 1
-0.06 -401263.42 	-1548115.8 	4454.384 	 -338124.97 	-2280735.4 	19382.523 	 -0.0045458392 	0.001463536 	0.035875927 	 0.0010427208 	-0.00034735379 	-0.004214928 	 -23438.067 	6245.1522 	-2595.908 	 -0.4392803 	-0.10981858 	-0.0023396994 	 -1.9015458 	-1.0806328 	-0.016683274 		-0.06 -0.005660452 -0.033184412 1200000 1
-0.05875 -374161.64 	-1637874 	5135.1158 	 -294848.35 	-2350445.8 	20904.24 	 -0.0045531331 	0.001393717 	0.035635785 	 0.0010520094 	-0.00033000764 	-0.0042325135 	 -24698.096 	5820.6645 	-2738.3108 	 -0.42618012 	-0.081233529 	-0.0020126367 	 -1.8798909 	-0.99181557 	-0.018193062 		-0.05875 -0.0057592791 -0.034412156 1200000 1
-0.0575 -347059.85 	-1727632.2 	5815.8477 	 -251571.74 	-2420156.2 	22425.956 	 -0.0045604269 	0.001323898 	0.035395643 	 0.0010612981 	-0.00031266148 	-0.0042500991 	 -25958.126 	5396.1768 	-2880.7136 	 -0.41307994 	-0.052648481 	-0.001685574 	 -1.8582361 	-0.90299834 	-0.01970285 		-0.0575 -0.0058581062 -0.0356399 1200000 1
-0.05625 -321060.16 	-1804718.9 	6204.7536 	 -218871.85 	-2472311.9 	22946.481 	 -0.0045681502 	0.001261655 	0.035205067 	 0.001066635 	-0.00029709098 	-0.0042157212 	 -27093.929 	4995.7768 	-3010.9784 	 -0.39793749 	-0.028339041 	-0.0013234595 	 -1.835273 	-0.83185533 	-0.020339732 		-0.05625 -0.0058909003 -0.036669652 1200000 1
-0.055 -295060.48 	-1881805.5 	6593.6596 	 -186171.96 	-2524467.5 	23467.007 	 -0.0045758735 	0.001199412 	0.035014492 	 0.0010719719 	-0.00028152047 	-0.0041813432 	 -28229.732 	4595.3769 	-3141.2433 	 -0.38279505 	-0.0040296006 	-0.00096134503 	 -1.8123099 	-0.76071233 	-0.020976614 		-0.055 -0.0059236944 -0.037699404 1200000 1
-0.05375 -270530.39 	-1946810.5 	6768.9151 	 -161359.52 	-2563124.3 	23386.321 	 -0.0045836014 	0.0011436127 	0.034863229 	 0.0010751019 	-0.000267678 	-0.0041185893 	 -29229.43 	4218.354 	-3256.931 	 -0.36608949 	0.016157726 	-0.00059146854 	 -1.789184 	-0.70445271 	-0.021074885 		-0.05375 -0.0059009743 -0.038571433 1200000 1
-0.0525 -246000.3 	-2011815.5 	6944.1706 	 -136547.07 	-2601781.1 	23305.636 	 -0.0045913292 	0.0010878135 	0.034711966 	 0.001078232 	-0.00025383552 	-0.0040558354 	 -30229.127 	3841.3312 	-3372.6188 	 -0.34938393 	0.036345052 	-0.00022159206 	 -1.7660582 	-0.64819309 	-0.021173156 		-0.0525 -0.0058782542 -0.039443461 1200000 1
-0.05125 -223047.79 	-2065442.2 	6969.809 	 -117657.79 	-2630059.3 	22877.92 	 -0.004598775 	0.0010375481 	0.034591091 	 0.0010801851 	-0.00024153973 	-0.0039803579 	 -31083.839 	3486.9903 	-3472.1052 	 -0.33152051 	0.052586957 	0.00013999597 	 -1.7434391 	-0.60463923 	-0.020948716 		-0.05125 -0.0058101117 -0.040191915 1200000 1
-0.05 -200095.27 	-2119068.9 	6995.4475 	 -98768.508 	-2658337.6 	22450.205 	 -0.0046062208 	0.00098728267 	0.034470216 	 0.0010821382 	-0.00022924394 	-0.0039048805 	 -31938.551 	3132.6494 	-3571.5915 	 -0.31365709 	0.068828862 	0.00050158401 	 -1.72082 	-0.56108538 	-0.020724275 		-0.05 -0.0057419691 -0.040940369 1200000 1
-0.04875 -178663.83 	-2162037.7 	6921.1805 	 -84324.961 	-2678622.8 	21835.524 	 -0.0046132056 	0.00094180881 	0.034372228 	 0.001083513 	-0.0002182742 	-0.0038270346 	 -32642.673 	2799.5976 	-3653.9269 	 -0.29497129 	0.081304736 	0.00084695461 	 -1.6990891 	-0.52854501 	-0.020316093 		-0.04875 -0.0056380395 -0.041594629 1200000 1
-0.0475 -157232.38 	-2205006.5 	6846.9134 	 -69881.414 	-2698908.1 	21220.843 	 -0.0046201904 	0.00089633496 	0.034274241 	 0.0010848878 	-0.00020730445 	-0.0037491888 	 -33346.796 	2466.5457 	-3736.2624 	 -0.27628549 	0.093780611 	0.0011923252 	 -1.6773582 	-0.49600464 	-0.019907912 		-0.0475 -0.0055341099 -0.042248888 1200000 1
-0.04625 -137161.14 	-2237991.3 	6710.1563 	 -58742.575 	-2713005.7 	20519.287 	 -0.0046266152 	0.00085503851 	0.034193031 	 0.0010860246 	-0.00019744205 	-0.0036757576 	 -33897.464 	2152.5838 	-3800.9786 	 -0.25705188 	0.10265635 	0.0015191863 	 -1.6567199 	-0.47317412 	-0.019405526 		-0.04625 -0.005403588 -0.04283464 1200000 1
-0.045 -117089.91 	-2270976.2 	6573.3992 	 -47603.736 	-2727103.3 	19817.731 	 -0.00463304 	0.00081374207 	0.034111821 	 0.0010871615 	-0.00018757966 	-0.0036023265 	 -34448.133 	1838.622 	-3865.6949 	 -0.23781826 	0.1115321 	0.0018460474 	 -1.6360816 	-0.4503436 	-0.018903139 		-0.045 -0.0052730661 -0.043420392 1200000 1
-0.04375 -98152.329 	-2294563.3 	6401.9604 	 -38863.995 	-2736353.6 	19091.808 	 -0.0046388624 	0.00077610886 	0.034042582 	 0.0010882469 	-0.0001786228 	-0.0035376616 	 -34844.476 	1540.852 	-3912.6237 	 -0.21826108 	0.11694804 	0.0021558412 	 -1.6166316 	-0.43623746 	-0.018364785 		-0.04375 -0.0051247577 -0.043960499 1200000 1
-0.0425 -79214.748 	-2318150.5 	6230.5215 	 -30124.254 	-2745604 	18365.885 	 -0.0046446848 	0.00073847566 	0.033973343 	 0.0010893324 	-0.00016966595 	-0.0034729968 	 -35240.819 	1243.0821 	-3959.5524 	 -0.1987039 	0.12236399 	0.0024656351 	 -1.5971816 	-0.42213133 	-0.01782643 		-0.0425 -0.0049764494 -0.044500606 1200000 1
-0.04125 -61143.698 	-2332812.1 	6045.2812 	 -23041.256 	-2750966.5 	17655.315 	 -0.0046499028 	0.00070407135 	0.033912473 	 0.0010904616 	-0.00016143194 	-0.0034197717 	 -35483.254 	958.07454 	-3988.6792 	 -0.17900804 	0.12442622 	0.0027621154 	 -1.5789503 	-0.41603191 	-0.017291124 		-0.04125 -0.0048188478 -0.045015828 1200000 1
-0.04 -43072.648 	-2347473.6 	5860.041 	 -15958.258 	-2756329 	16944.746 	 -0.0046551208 	0.00066966705 	0.033851604 	 0.0010915908 	-0.00015319793 	-0.0033665466 	 -35725.689 	673.06694 	-4017.806 	 -0.15931219 	0.12648845 	0.0030585957 	 -1.5607189 	-0.40993251 	-0.016755818 		-0.04 -0.0046612461 -0.045531049 1200000 1
-0.03875 -25576.98 	-2353550.9 	5677.3913 	 -9897.92 	-2758440.7 	16276.489 	 -0.0046597613 	0.00063812258 	0.033796621 	 0.0010928028 	-0.00014551936 	-0.0033262431 	 -35815.362 	397.02911 	-4029.1625 	 -0.13963401 	0.12526274 	0.0033467632 	 -1.5437003 	-0.41135522 	-0.016251642 		-0.03875 -0.0045026266 -0.046040659 1200000 1
-0.0375 -8081.3125 	-2359628.2 	5494.7416 	 -3837.5823 	-2760552.4 	15608.232 	 -0.0046644019 	0.0006065781 	0.033741638 	 0.0010940147 	-0.00013784078 	-0.0032859396 	 -35905.034 	120.99127 	-4040.519 	 -0.11995583 	0.12403704 	0.0036349308 	 -1.5266817 	-0.41277794 	-0.015747466 		-0.0375 -0.0043440071 -0.046550269 1200000 1
-0.03625 9142.8742 	-2357322.3 	5328.77 	 1770.7745 	-2759766.2 	15003.734 	 -0.0046685153 	0.00057757902 	0.033691115 	 0.0010953099 	-0.00013055894 	-0.0032591409 	 -35843.433 	-150.07953 	-4034.1131 	 -0.1004335 	0.11954493 	0.0039202012 	 -1.510854 	-0.42144887 	-0.015297618 		-0.03625 -0.0041925341 -0.047072604 1200000 1
-0.035 26367.061 	-2355016.4 	5162.7985 	 7379.1314 	-2758980 	14399.237 	 -0.0046726287 	0.00054857993 	0.033640593 	 0.001096605 	-0.0001232771 	-0.0032323423 	 -35781.831 	-421.15034 	-4027.7072 	 -0.08091118 	0.11505282 	0.0042054717 	 -1.4950262 	-0.43011981 	-0.01484777 		-0.035 -0.004041061 -0.047594939 1200000 1
-0.03375 43628.022 	-2344383.7 	5027.2913 	 13082.43 	-2755384.4 	13880.335 	 -0.0046762873 	0.00052185828 	0.033594125 	 0.0010979495 	-0.00011623405 	-0.0032188728 	 -35570.589 	-691.33005 	-4003.4872 	 -0.061674835 	0.10726931 	0.0044929599 	 -1.4803675 	-0.445964 	-0.014475536 		-0.03375 -0.003904902 -0.048147903 1200000 1
-0.0325 60888.983 	-2333751.1 	4891.7842 	 18785.729 	-2751788.8 	13361.433 	 -0.0046799459 	0.00049513664 	0.033547657 	 0.0010992939 	-0.00010919099 	-0.0032054033 	 -35359.347 	-961.50976 	-3979.2672 	 -0.04243849 	0.099485803 	0.0047804482 	 -1.4657089 	-0.4618082 	-0.014103303 		-0.0325 -0.0037687431 -0.048700868 1200000 1
-0.03125 78491.879 	-2314702.8 	4802.1569 	 25145.457 	-2745210.7 	12956.11 	 -0.0046832472 	0.0004704645 	0.033505857 	 0.0011006124 	-0.00010222083 	-0.003204333 	 -35000.228 	-1234.819 	-3937.1192 	 -0.023619987 	0.088338529 	0.0050742576 	 -1.4522132 	-0.48494776 	-0.013836896 		-0.03125 -0.0036561875 -0.049302424 1200000 1
-0.03 96094.774 	-2295654.6 	4712.5296 	 31505.186 	-2738632.6 	12550.786 	 -0.0046865485 	0.00044579237 	0.033464057 	 0.0011019308 	-9.5250679e-05 	-0.0032032628 	 -34641.108 	-1508.1282 	-3894.9713 	 -0.0048014844 	0.077191255 	0.0053680669 	 -1.4387174 	-0.50808732 	-0.01357049 		-0.03 -0.003543632 -0.04990398 1200000 1
-0.02875 114333.37 	-2267960.1 	4687.7841 	 39138.123 	-2728622.6 	12299.914 	 -0.0046896235 	0.00042297602 	0.033428585 	 0.0011030856 	-8.8170576e-05 	-0.0032127753 	 -34136.179 	-1788.4033 	-3834.7517 	 0.013455849 	0.062560968 	0.0056704731 	 -1.4264108 	-0.53884939 	-0.013448649 		-0.02875 -0.0034632094 -0.050572642 1200000 1
-0.0275 132571.97 	-2240265.6 	4663.0387 	 46771.06 	-2718612.7 	12049.042 	 -0.0046926984 	0.00040015967 	0.033393114 	 0.0011042403 	-8.1090473e-05 	-0.0032222878 	 -33631.249 	-2068.6784 	-3774.5322 	 0.031713182 	0.047930681 	0.0059728794 	 -1.4141042 	-0.56961146 	-0.013326809 		-0.0275 -0.0033827868 -0.051241304 1200000 1
-0.02625 151717.46 	-2203560.6 	4727.8015 	 56396.792 	-2704412.3 	12015.447 	 -0.0046957239 	0.00037903351 	0.033366742 	 0.001104993 	-7.3691866e-05 	-0.0032393882 	 -32983.238 	-2359.4346 	-3696.1382 	 0.049244884 	0.029653151 	0.0062832992 	 -1.4030681 	-0.60854712 	-0.013406218 		-0.02625 -0.0033433827 -0.051996671 1200000 1
-0.025 170862.96 	-2166855.6 	4792.5644 	 66022.523 	-2690211.9 	11981.853 	 -0.0046987494 	0.00035790736 	0.033340371 	 0.0011057457 	-6.6293259e-05 	-0.0032564886 	 -32335.227 	-2650.1909 	-3617.7443 	 0.066776585 	0.01137562 	0.006593719 	 -1.392032 	-0.64748277 	-0.013485628 		-0.025 -0.0033039786 -0.052752037 1200000 1
-0.02375 191147.19 	-2120656.2 	4979.1529 	 78523.836 	-2670698.8 	12263.425 	 -0.0047019674 	0.00033832643 	0.033327066 	 0.0011056914 	-5.8334966e-05 	-0.0032765039 	 -31548.07 	-2954.474 	-3521.2296 	 0.083387558 	-0.010754939 	0.006907346 	 -1.3824362 	-0.69539857 	-0.013851519 		-0.02375 -0.0033149436 -0.053615377 1200000 1
-0.0225 211431.42 	-2074456.7 	5165.7414 	 91025.149 	-2651185.6 	12544.998 	 -0.0047051855 	0.00031874551 	0.033313762 	 0.001105637 	-5.0376673e-05 	-0.0032965192 	 -30760.912 	-3258.7572 	-3424.7149 	 0.099998531 	-0.032885499 	0.007220973 	 -1.3728404 	-0.74331437 	-0.01421741 		-0.0225 -0.0033259087 -0.054478718 1200000 1
-0.02125 233020.43 	-2018182.2 	5515.9902 	 107530.6 	-2624793.3 	13294.297 	 -0.0047089276 	0.00030057487 	0.033318789 	 0.0011040952 	-4.1583316e-05 	-0.0033123047 	 -29840.443 	-3578.9966 	-3310.4566 	 0.11545425 	-0.059111496 	0.0075269619 	 -1.3649953 	-0.80131968 	-0.014999281 		-0.02125 -0.0033971574 -0.055473663 1200000 1
-0.02 254609.44 	-1961907.8 	5866.2389 	 124036.06 	-2598401.1 	14043.597 	 -0.0047126698 	0.00028240422 	0.033323817 	 0.0011025534 	-3.2789959e-05 	-0.0033280901 	 -28919.975 	-3899.236 	-3196.1984 	 0.13090997 	-0.085337493 	0.0078329508 	 -1.3571501 	-0.85932498 	-0.015781152 		-0.02 -0.0034684061 -0.056468609 1200000 1
-0.01875 277560.96 	-1894916.6 	6432.3741 	 146040.6 	-2563008 	15497.436 	 -0.004717388 	0.000265503 	0.033353828 	 0.0010983897 	-2.2863234e-05 	-0.0033287974 	 -27874.683 	-4237.1522 	-3065.1153 	 0.14492959 	-0.11593214 	0.0081120497 	 -1.3515905 	-0.92889895 	-0.017176353 		-0.01875 -0.0036105011 -0.057621976 1200000 1
-0.0175 300512.48 	-1827925.4 	6998.5093 	 168045.15 	-2527615 	16951.274 	 -0.0047221062 	0.00024860178 	0.033383839 	 0.001094226 	-1.2936509e-05 	-0.0033295047 	 -26829.391 	-4575.0685 	-2934.0322 	 0.15894922 	-0.14652679 	0.0083911486 	 -1.346031 	-0.99847291 	-0.018571555 		-0.0175 -0.0037525961 -0.058775343 1200000 1
-0.01625 324706.67 	-1749567 	7841.5227 	 197598.72 	-2480394.9 	19475.071 	 -0.0047284064 	0.00023279888 	0.033446899 	 0.0010855596 	-1.5943962e-06 	-0.0032986676 	 -25670.956 	-4931.7956 	-2787.8343 	 0.17120331 	-0.18178949 	0.0086127025 	 -1.3436588 	-1.081555 	-0.020880551 		-0.01625 -0.0039768181 -0.060118158 1200000 1
-0.015 348900.85 	-1671208.6 	8684.5362 	 227152.28 	-2433174.9 	21998.868 	 -0.0047347066 	0.00021699597 	0.03350996 	 0.0010768932 	9.7477162e-06 	-0.0032678305 	 -24512.521 	-5288.5227 	-2641.6364 	 0.18345741 	-0.21705219 	0.0088342564 	 -1.3412865 	-1.1646371 	-0.023189547 		-0.015 -0.00420104 -0.061460974 1200000 1
-0.01375 373924.7 	-1580898.8 	9866.9238 	 267175.64 	-2370416.3 	26151.718 	 -0.0047433785 	0.00020205384 	0.033615396 	 0.0010606156 	2.2675013e-05 	-0.0031803541 	 -23255.484 	-5665.3771 	-2483.026 	 0.19357619 	-0.25731062 	0.0089525522 	 -1.3436224 	-1.2637357 	-0.026867548 		-0.01375 -0.0045194485 -0.063029751 1200000 1
-0.0125 398948.55 	-1490589.1 	11049.311 	 307198.99 	-2307657.7 	30304.568 	 -0.0047520505 	0.00018711171 	0.033720832 	 0.0010443381 	3.5602309e-05 	-0.0030928777 	 -21998.446 	-6042.2315 	-2324.4157 	 0.20369497 	-0.29756905 	0.0090708479 	 -1.3459582 	-1.3628343 	-0.03054555 		-0.0125 -0.0048378571 -0.064598528 1200000 1
-0.01125 423897.56 	-1387914.8 	12616.062 	 362049.33 	-2224603.8 	36930.022 	 -0.0047640751 	0.00017267518 	0.033878662 	 0.0010153224 	4.9968291e-05 	-0.002910217 	 -20657.493 	-6443.3143 	-2157.0141 	 0.21129985 	-0.34320058 	0.0090208333 	 -1.3556097 	-1.4811069 	-0.036274452 		-0.01125 -0.0052633712 -0.066436837 1200000 1
-0.01 448846.56 	-1285240.6 	14182.814 	 416899.67 	-2141550 	43555.475 	 -0.0047760998 	0.00015823866 	0.034036493 	 0.00098630667 	6.4334273e-05 	-0.0027275564 	 -19316.54 	-6844.397 	-1989.6126 	 0.21890473 	-0.38883211 	0.0089708186 	 -1.3652612 	-1.5993795 	-0.042003353 		-0.01 -0.0056888852 -0.068275145 1200000 1
-0.00875 471970.18 	-1170101.1 	16119.338 	 493452.08 	-2032527.6 	53893.952 	 -0.004792598 	0.00014377071 	0.034255775 	 0.00093611242 	7.9289445e-05 	-0.0023899352 	 -17898.178 	-7284.3267 	-1817.0431 	 0.22369094 	-0.44032661 	0.0086631239 	 -1.3868375 	-1.7404607 	-0.050780472 		-0.00875 -0.0062354514 -0.070435285 1200000 1
-0.0075 495093.8 	-1054961.6 	18055.863 	 570004.49 	-1923505.2 	64232.428 	 -0.0048090962 	0.00012930277 	0.034475056 	 0.00088591817 	9.4244618e-05 	-0.0020523141 	 -16479.816 	-7724.2565 	-1644.4737 	 0.22847715 	-0.49182112 	0.0083554292 	 -1.4084138 	-1.8815419 	-0.059557592 		-0.0075 -0.0067820176 -0.072595426 1200000 1
-0.00625 513139.31 	-927787.51 	20203.587 	 679880.75 	-1783543.8 	80017.807 	 -0.004833115 	0.00011291836 	0.034827359 	 0.00078616752 	0.00010730048 	-0.001345017 	 -15073.486 	-8330.7092 	-1479.2571 	 0.2304022 	-0.54988956 	0.0076697974 	 -1.450434 	-2.0481173 	-0.072770437 		-0.00625 -0.0074650042 -0.07513914 1200000 1
-0.005 531184.81 	-800613.41 	22351.311 	 789757.02 	-1643582.4 	95803.186 	 -0.0048571338 	9.6533947e-05 	0.035179662 	 0.00068641687 	0.00012035635 	-0.00063771999 	 -13667.157 	-8937.162 	-1314.0404 	 0.23232725 	-0.60795799 	0.0069841656 	 -1.4924542 	-2.2146928 	-0.085983282 		-0.005 -0.0081479909 -0.077682854 1200000 1
-0.00375 536127.74 	-663674.87 	24518.388 	 952581.11 	-1468187.7 	120507.56 	 -0.004870456 	7.8682121e-05 	0.03545201 	 0.00056301198 	0.00011839944 	9.9583301e-05 	 -11828.873 	-9514.6464 	-1119.1563 	 0.23419729 	-0.67466243 	0.0056320261 	 -1.5704217 	-2.4076974 	-0.10646171 		-0.00375 -0.008996214 -0.080706966 1200000 1
-0.0025 541070.67 	-526736.33 	26685.465 	 1115405.2 	-1292793 	145211.94 	 -0.0048837783 	6.0830294e-05 	0.035724357 	 0.00043960708 	0.00011644253 	0.00083688659 	 -9990.5893 	-10092.131 	-924.27221 	 0.23606732 	-0.74136687 	0.0042798865 	 -1.6483893 	-2.6007021 	-0.12694014 		-0.0025 -0.0098444371 -0.083731078 1200000 1
-0.00125 530518.32 	-376893.22 	28216.166 	 1333068.7 	-1085714.2 	177248.04 	 -0.0049003433 	4.203153e-05 	0.035974408 	 0.00026840254 	0.00010680987 	0.0018918789 	 -7773.5319 	-10865.099 	-691.36221 	 0.23848166 	-0.81974937 	0.002337602 	 -1.7652462 	-2.8171386 	-0.1533261 		-0.00125 -0.010826051 -0.087139382 1200000 1
5.2475385e-17 281567.27 	-254358.58 	15398.139 	 788239.44 	-914490.64 	105136.26 	 -0.004926524 	2.1677019e-05 	0.036216177 	 8.8834554e-05 	0.00010023612 	0.0031197636 	 -6030.1155 	-6198.5688 	-540.21826 	 0.23955032 	0.091779161 	0.0011625384 	 -1.8076597 	0.90902619 	-0.16691607 		5.2475385e-17 -0.01127984 -0.088331314 650000 1
0.00125 39720.74 	-205104.16 	1919.5832 	 115547.91 	-843488.64 	14785.419 	 -0.0049338324 	8.880925e-07 	0.036119401 	 2.7764095e-05 	8.9810097e-05 	0.0034455353 	 -5161.8606 	-919.77917 	-489.76663 	 0.23965067 	1.0041187 	0.0018201441 	 -1.6693452 	4.634226 	-0.15239612 		0.00125 -0.010596603 -0.084866816 100000 1
0.0025 37525.448 	-193654.82 	1543.5634 	 101212.31 	-824837.94 	12103.252 	 -0.0049432289 	-1.7748218e-05 	0.035919954 	 3.0213565e-05 	7.969445e-05 	0.0033474931 	 -4866.3444 	-843.13001 	-463.53411 	 0.23868179 	0.92834027 	0.0032489691 	 -1.4559425 	4.4138098 	-0.12509214 		0.0025 -0.0093839706 -0.079187623 100000 1
0.00375 35423.071 	-184029.86 	1267.76 	 90621.084 	-807604.51 	10003.504 	 -0.0049536326 	-3.661163e-05 	0.035741168 	 3.3042886e-05 	6.9896756e-05 	0.0032359645 	 -4610.1524 	-777.47932 	-441.33077 	 0.23952501 	0.86609774 	0.0041376364 	 -1.281583 	4.2123047 	-0.10370849 		0.00375 -0.0082978415 -0.073904298 100000 1
0.005 33320.693 	-174404.89 	991.95659 	 80029.86 	-790371.09 	7903.7562 	 -0.0049640363 	-5.5475043e-05 	0.035562382 	 3.5872207e-05 	6.0099061e-05 	0.0031244358 	 -4353.9605 	-711.82863 	-419.12742 	 0.24036823 	0.8038552 	0.0050263038 	 -1.1072235 	4.0107997 	-0.082324832 		0.005 -0.0072117124 -0.068620972 100000 1
0.00625 31322.834 	-166422.04 	821.85698 	 73037.836 	-774714.94 	6521.3947 	 -0.0049630297 	-7.5503938e-05 	0.0353725 	 4.0570887e-05 	5.0803014e-05 	0.0029376207 	 -4100.4502 	-656.16214 	-398.30553 	 0.24356522 	0.75175159 	0.0053543777 	 -0.9708392 	3.8307531 	-0.068216193 		0.00625 -0.0062771823 -0.063845839 100000 1
0.0075 29324.974 	-158439.2 	651.75737 	 66045.812 	-759058.79 	5139.0332 	 -0.0049620232 	-9.5532833e-05 	0.035182619 	 4.5269566e-05 	4.1506967e-05 	0.0027508055 	 -3846.94 	-600.49565 	-377.48365 	 0.24676221 	0.69964798 	0.0056824516 	 -0.83445491 	3.6507065 	-0.054107554 		0.0075 -0.0053426522 -0.059070705 100000 1
0.00875 27605.306 	-151556.07 	538.9707 	 61197.081 	-745083.45 	4195.5984 	 -0.0049602228 	-0.00011419751 	0.035046807 	 4.8330329e-05 	3.5269526e-05 	0.0026035311 	 -3642.1895 	-557.78633 	-359.79006 	 0.24961827 	0.65491685 	0.0057431848 	 -0.7209297 	3.4915205 	-0.044450763 		0.00875 -0.0045280623 -0.054719073 100000 1
0.01 25885.638 	-144672.94 	426.18403 	 56348.35 	-731108.11 	3252.1636 	 -0.0049584224 	-0.00013286219 	0.034910996 	 5.1391093e-05 	2.9032085e-05 	0.0024562566 	 -3437.439 	-515.07701 	-342.09648 	 0.25247433 	0.61018572 	0.005803918 	 -0.60740448 	3.3323346 	-0.034793972 		0.01 -0.0037134725 -0.05036744 100000 1
0.01125 24413.233 	-138659.62 	351.1853 	 52826.675 	-718675.4 	2610.1434 	 -0.0049565502 	-0.00015155906 	0.034804498 	 5.4006207e-05 	2.4730481e-05 	0.0023308681 	 -3265.2906 	-480.93182 	-326.65172 	 0.25485492 	0.57133315 	0.0057088764 	 -0.50826088 	3.1919217 	-0.02819676 		0.01125 -0.003002598 -0.046388236 100000 1
0.0125 22940.828 	-132646.3 	276.18657 	 49305 	-706242.68 	1968.1232 	 -0.0049546781 	-0.00017025594 	0.034698 	 5.6621321e-05 	2.0428876e-05 	0.0022054797 	 -3093.1421 	-446.78662 	-311.20696 	 0.25723552 	0.53248059 	0.0056138349 	 -0.40911727 	3.0515089 	-0.021599548 		0.0125 -0.0022917235 -0.042409033 100000 1
0.01375 21681.381 	-127339.24 	226.20625 	 46669.076 	-695079.24 	1528.1046 	 -0.004952687 	-0.00018923612 	0.034615326 	 5.8928259e-05 	1.7506254e-05 	0.0020982348 	 -2946.6145 	-419.031 	-297.58509 	 0.25914251 	0.49846515 	0.0054343387 	 -0.31966504 	2.926609 	-0.017056365 		0.01375 -0.0016713966 -0.038759464 100000 1
0.015 20421.934 	-122032.18 	176.22594 	 44033.153 	-683915.8 	1088.086 	 -0.0049506959 	-0.0002082163 	0.034532652 	 6.1235196e-05 	1.4583631e-05 	0.0019909898 	 -2800.0869 	-391.27537 	-283.96323 	 0.26104951 	0.46444971 	0.0052548426 	 -0.23021281 	2.8017091 	-0.012513182 		0.015 -0.0010510696 -0.035109896 100000 1
0.01625 19344.293 	-117311.43 	142.82985 	 42029.503 	-673765.8 	781.67911 	 -0.0049485529 	-0.00022769484 	0.034469613 	 6.3280957e-05 	1.2638207e-05 	0.0018982348 	 -2673.8149 	-368.43699 	-271.86574 	 0.26253279 	0.43451858 	0.0050358444 	 -0.14766945 	2.6893655 	-0.0093321917 		0.01625 -0.00051027227 -0.031755192 100000 1
0.0175 18266.651 	-112590.68 	109.43377 	 40025.852 	-663615.8 	475.2722 	 -0.0049464099 	-0.00024717338 	0.034406573 	 6.5326717e-05 	1.0692784e-05 	0.0018054797 	 -2547.543 	-345.59861 	-259.76826 	 0.26401608 	0.40458744 	0.0048168461 	 -0.065126098 	2.5770219 	-0.0061512017 		0.0175 3.0525069e-05 -0.028400487 100000 1
0.01875 17344.51 	-108363.63 	87.019554 	 38501.737 	-654262.6 	256.49244 	 -0.0049440861 	-0.00026734582 	0.034360055 	 6.7131992e-05 	9.4454419e-06 	0.0017241935 	 -2437.4785 	-326.6483 	-248.96667 	 0.26513679 	0.37815957 	0.0045859959 	 0.012260819 	2.474762 	-0.0038668451 		0.01875 0.00050119632 -0.025312637 100000 1
0.02 16422.369 	-104136.58 	64.605341 	 36977.621 	-644909.4 	37.712682 	 -0.0049417623 	-0.00028751826 	0.034313537 	 6.8937266e-05 	8.1981e-06 	0.0016429073 	 -2327.4141 	-307.698 	-238.16509 	 0.2662575 	0.35173169 	0.0043551457 	 0.089647737 	2.372502 	-0.0015824885 		0.02 0.00097186757 -0.022224786 100000 1
0.02125 15634.086 	-100328.43 	49.442657 	 35837.632 	-636170.54 	-124.05703 	 -0.004939229 	-0.00030857296 	0.034281246 	 7.0518879e-05 	7.4553369e-06 	0.0015707141 	 -2230.4682 	-291.89478 	-228.47308 	 0.26707413 	0.32833298 	0.0041288297 	 0.16304048 	2.2782621 	0.0001156357 		0.02125 0.0013805256 -0.019381382 100000 1
0.0225 14845.803 	-96520.272 	34.279973 	 34697.644 	-627431.68 	-285.82675 	 -0.0049366956 	-0.00032962765 	0.034248954 	 7.2100493e-05 	6.7125738e-06 	0.001498521 	 -2133.5223 	-276.09156 	-218.78107 	 0.26789076 	0.30493427 	0.0039025137 	 0.23643322 	2.1840222 	0.0018137599 		0.0225 0.0017891835 -0.016537977 100000 1
0.02375 14173.692 	-93068.486 	23.884539 	 33880.993 	-619150.01 	-410.90978 	 -0.0049339228 	-0.0003517545 	0.034229202 	 7.3477104e-05 	6.3395666e-06 	0.0014335838 	 -2047.293 	-262.88758 	-210.04091 	 0.26845437 	0.28416272 	0.0036898884 	 0.3066358 	2.0960429 	0.003132084 		0.02375 0.0021428612 -0.013921326 100000 1
0.025 13501.581 	-89616.7 	13.489106 	 33064.343 	-610868.35 	-535.99281 	 -0.00493115 	-0.00037388135 	0.034209451 	 7.4853716e-05 	5.9665595e-06 	0.0013686466 	 -1961.0638 	-249.6836 	-201.30075 	 0.26901798 	0.26339117 	0.0034772631 	 0.37683837 	2.0080635 	0.0044504081 		0.025 0.0024965389 -0.011304675 100000 1
0.02625 12931.161 	-86467.721 	6.2084699 	 32532.421 	-602904.39 	-637.87573 	 -0.004928106 	-0.00039727845 	0.034201014 	 7.6046003e-05 	5.8689724e-06 	0.0013095508 	 -1883.6468 	-238.66429 	-193.37618 	 0.26937089 	0.24489764 	0.0032829453 	 0.44442484 	1.9248007 	0.0055262564 		0.02625 0.0028013392 -0.0089011673 100000 1
0.0275 12360.74 	-83318.742 	-1.0721659 	 32000.499 	-594940.42 	-739.75865 	 -0.004925062 	-0.00042067556 	0.034192576 	 7.7238289e-05 	5.7713852e-06 	0.001250455 	 -1806.2299 	-227.64498 	-185.4516 	 0.26972381 	0.22640411 	0.0030886275 	 0.5120113 	1.8415378 	0.0066021047 		0.0275 0.0031061394 -0.0064976593 100000 1
0.02875 11880.082 	-80425.885 	-6.3332019 	 31729.77 	-587166.22 	-827.38857 	 -0.0049217128 	-0.00044555486 	0.034194581 	 7.8267677e-05 	5.8832227e-06 	0.0011961128 	 -1736.0877 	-218.49 	-178.22363 	 0.26989961 	0.20988093 	0.0029144587 	 0.5774001 	1.7615938 	0.0075268625 		0.02875 0.0033673494 -0.0042973228 100000 1
0.03 11399.423 	-77533.028 	-11.594238 	 31459.04 	-579392.01 	-915.01849 	 -0.0049183637 	-0.00047043416 	0.034196586 	 7.9297065e-05 	5.9950602e-06 	0.0011417706 	 -1665.9456 	-209.33501 	-170.99565 	 0.2700754 	0.19335776 	0.0027402899 	 0.6427889 	1.6816497 	0.0084516204 		0.03 0.0036285595 -0.0020969863 100000 1
0.03125 10998.605 	-74855.085 	-15.555773 	 31436.891 	-571686.42 	-994.30494 	 -0.0049146726 	-0.00049702669 	0.034208437 	 8.0184482e-05 	6.2705121e-06 	0.0010913493 	 -1601.8177 	-201.79197 	-164.35981 	 0.27009941 	0.17853143 	0.0025864785 	 0.70628709 	1.6037197 	0.0092858891 		0.03125 0.0038507439 -9.3198571e-05 100000 1
0.0325 10597.787 	-72177.142 	-19.517307 	 31414.742 	-563980.83 	-1073.5914 	 -0.0049109815 	-0.00052361922 	0.034220288 	 8.10719e-05 	6.5459639e-06 	0.001040928 	 -1537.6898 	-194.24893 	-157.72396 	 0.27012341 	0.16370511 	0.0024326671 	 0.76978528 	1.5257896 	0.010120158 		0.0325 0.0040729282 0.0019105892 100000 1
0.03375 10268.456 	-69677.386 	-22.645067 	 31637.094 	-556225.62 	-1148.3623 	 -0.0049069087 	-0.00055218042 	0.034241614 	 8.1836826e-05 	6.9538915e-06 	0.00099379918 	 -1478.5294 	-188.11531 	-151.58827 	 0.27001326 	0.15033095 	0.0022985185 	 0.83161484 	1.4486186 	0.010903411 		0.03375 0.0042600066 0.0037212755 100000 1
0.035 9939.1254 	-67177.631 	-25.772826 	 31859.445 	-548470.42 	-1223.1333 	 -0.0049028359 	-0.00058074161 	0.03426294 	 8.2601753e-05 	7.3618191e-06 	0.00094667037 	 -1419.3691 	-181.98169 	-145.45257 	 0.2699031 	0.13695679 	0.00216437 	 0.8934444 	1.3714475 	0.011686664 		0.035 0.004447085 0.0055319619 100000 1
0.03625 9674.1458 	-64823.095 	-28.357483 	 32329.487 	-540546.98 	-1295.7152 	 -0.0048983378 	-0.00061155695 	0.034293558 	 8.3261535e-05 	7.8820337e-06 	0.00090237671 	 -1364.299 	-177.09212 	-139.73606 	 0.26966918 	0.12481501 	0.0020487434 	 0.95375707 	1.2937937 	0.01244312 		0.03625 0.0046023986 0.0071498942 100000 1
0.0375 9409.1662 	-62468.559 	-30.942139 	 32799.528 	-532623.55 	-1368.2971 	 -0.0048938397 	-0.00064237228 	0.034324176 	 8.3921318e-05 	8.4022483e-06 	0.00085808306 	 -1309.2288 	-172.20256 	-134.01954 	 0.26943527 	0.11267323 	0.0019331168 	 1.0140697 	1.2161398 	0.013199576 		0.0375 0.0047577122 0.0087678266 100000 1
0.03875 9202.3268 	-60229.5 	-33.149923 	 33527.223 	-524409.81 	-1439.8181 	 -0.0048888685 	-0.00067576356 	0.034364066 	 8.4490556e-05 	9.022985e-06 	0.00081631927 	 -1257.5097 	-168.41969 	-128.65116 	 0.26908106 	0.10156581 	0.0018346956 	 1.072954 	1.1367421 	0.01394128 		0.03875 0.0048840816 0.010190244 100000 1
0.04 8995.4873 	-57990.441 	-35.357708 	 34254.918 	-516196.08 	-1511.3391 	 -0.0048838973 	-0.00070915484 	0.034403955 	 8.5059794e-05 	9.6437217e-06 	0.00077455549 	 -1205.7906 	-164.63682 	-123.28277 	 0.26872686 	0.090458401 	0.0017362743 	 1.1318382 	1.0573443 	0.014682985 		0.04 0.0050104511 0.011612661 100000 1
0.04125 8841.2449 	-55839.961 	-37.260889 	 35257.139 	-507563.53 	-1581.8074 	 -0.0048784002 	-0.00074548745 	0.034453243 	 8.5549582e-05 	1.0359956e-05 	0.00073516175 	 -1156.7992 	-161.84444 	-118.20067 	 0.26824918 	0.080206758 	0.0016537108 	 1.1893197 	0.97489003 	0.015410634 		0.04125 0.0051102276 0.012833605 100000 1
0.0425 8687.0025 	-53689.48 	-39.16407 	 36259.361 	-498930.99 	-1652.2757 	 -0.0048729031 	-0.00078182005 	0.034502531 	 8.6039371e-05 	1.107619e-05 	0.00069576801 	 -1107.8079 	-159.05206 	-113.11857 	 0.26777151 	0.069955115 	0.0015711473 	 1.2468013 	0.89243577 	0.016138284 		0.0425 0.0052100042 0.014054548 100000 1
0.04375 8580.2388 	-51603.267 	-40.75699 	 37560.647 	-489741.45 	-1720.4455 	 -0.0048668219 	-0.00082151138 	0.034561481 	 8.6456139e-05 	1.1888501e-05 	0.00065873542 	 -1061.0215 	-157.15 	-108.26975 	 0.26716077 	0.060398215 	0.0015031193 	 1.3028376 	0.80552747 	0.016839917 		0.04375 0.0052851154 0.015064694 100000 1
0.045 8473.4751 	-49517.053 	-42.349909 	 38861.932 	-480551.91 	-1788.6153 	 -0.0048607406 	-0.0008612027 	0.034620431 	 8.6872906e-05 	1.2700812e-05 	0.00062170283 	 -1014.2351 	-155.24795 	-103.42093 	 0.26655002 	0.050841314 	0.0014350913 	 1.358874 	0.71861917 	0.01754155 		0.045 0.0053602267 0.01607484 100000 1
0.04625 8409.2501 	-47473.237 	-43.554544 	 40495.951 	-470653.85 	-1851.6118 	 -0.0048540106 	-0.00090473211 	0.034689439 	 8.721648e-05 	1.3614576e-05 	0.00058719198 	 -969.22116 	-154.1482 	-98.761213 	 0.26579041 	0.041834373 	0.0013802957 	 1.4133418 	0.6257366 	0.018188819 		0.04625 0.0054122187 0.016861242 100000 1
0.0475 8345.025 	-45429.422 	-44.759179 	 42129.969 	-460755.78 	-1914.6083 	 -0.0048472805 	-0.00094826151 	0.034758448 	 8.7560054e-05 	1.4528341e-05 	0.00055268114 	 -924.20716 	-153.04845 	-94.101498 	 0.2650308 	0.032827432 	0.0013255001 	 1.4678096 	0.53285403 	0.018836088 		0.0475 0.0054642107 0.017647644 100000 1
0.04875 8318.3019 	-43408.559 	-45.422533 	 44141.966 	-449979.89 	-1967.2403 	 -0.0048398298 	-0.00099618221 	0.034838044 	 8.7820414e-05 	1.5552984e-05 	0.00052105662 	 -880.61593 	-152.67253 	-89.595873 	 0.2641006 	0.024241107 	0.0012825915 	 1.520482 	0.43230926 	0.019377403 		0.04875 0.0054942873 0.018193377 100000 1
0.05 8291.5788 	-41387.696 	-46.085887 	 46153.962 	-439203.99 	-2019.8723 	 -0.0048323792 	-0.0010441029 	0.03491764 	 8.8080775e-05 	1.6577626e-05 	0.00048943209 	 -837.02469 	-152.29661 	-85.090249 	 0.26317041 	0.015654782 	0.0012396829 	 1.5731545 	0.33176449 	0.019918719 		0.05 0.0055243638 0.01873911 100000 1
0.05125 8296.8898 	-39372.874 	-45.971788 	 48604.634 	-427357.64 	-2053.5045 	 -0.0048241282 	-0.0010970561 	0.035008485 	 8.8232681e-05 	1.7725557e-05 	0.0004613183 	 -794.58455 	-152.57432 	-80.71354 	 0.26204249 	0.0073749199 	0.0012071641 	 1.6236651 	0.2216458 	0.020267993 		0.05125 0.0055334242 0.019022788 100000 1
0.0525 8302.2009 	-37358.053 	-45.85769 	 51055.306 	-415511.29 	-2087.1368 	 -0.0048158772 	-0.0011500094 	0.03509933 	 8.8384588e-05 	1.8873488e-05 	0.00043320452 	 -752.14441 	-152.85204 	-76.33683 	 0.26091458 	-0.00090494204 	0.0011746453 	 1.6741757 	0.11152712 	0.020617266 		0.0525 0.0055424847 0.019306466 100000 1
0.05375 8333.2044 	-35335.175 	-44.63617 	 54026.983 	-402371.29 	-2087.9151 	 -0.0048067371 	-0.0012087415 	0.035202222 	 8.8378751e-05 	2.0158085e-05 	0.00040957222 	 -710.65644 	-153.72232 	-72.074621 	 0.25955726 	-0.0089769495 	0.0011507073 	 1.7219585 	-0.0103737 	0.020636174 		0.05375 0.0055311619 0.019301606 100000 1
0.055 8364.2079 	-33312.297 	-43.41465 	 56998.661 	-389231.29 	-2088.6933 	 -0.0047975969 	-0.0012674736 	0.035305113 	 8.8372915e-05 	2.1442683e-05 	0.00038593992 	 -669.16848 	-154.5926 	-67.812412 	 0.25819995 	-0.017048957 	0.0011267693 	 1.7697413 	-0.13227452 	0.020655081 		0.055 0.0055198391 0.019296745 100000 1
0.05625 8413.0612 	-31270.564 	-40.654827 	 60605.376 	-374534.29 	-2034.8076 	 -0.0047874683 	-0.0013328563 	0.035420986 	 8.8121631e-05 	2.2874123e-05 	0.0003682386 	 -628.49746 	-156.0082 	-63.661936 	 0.2565787 	-0.024995199 	0.0011090812 	 1.8139327 	-0.26855851 	0.020125712 		0.05625 0.0054885395 0.01897092 100000 1
0.0575 8461.9144 	-29228.831 	-37.895003 	 64212.091 	-359837.3 	-1980.9219 	 -0.0047773396 	-0.0013982389 	0.035536859 	 8.7870348e-05 	2.4305562e-05 	0.00035053729 	 -587.82643 	-157.4238 	-59.51146 	 0.25495745 	-0.032941441 	0.0010913932 	 1.858124 	-0.40484251 	0.019596343 		0.0575 0.0054572399 0.018645094 100000 1
0.05875 8518.33 	-27161.493 	-33.07286 	 68616.618 	-343267.09 	-1838.4556 	 -0.0047661109 	-0.0014712931 	0.035666779 	 8.7224117e-05 	2.5882217e-05 	0.00034089913 	 -547.88094 	-159.36368 	-55.481731 	 0.25303805 	-0.040825997 	0.0010768402 	 1.8973949 	-0.55863075 	0.01817971 		0.05875 0.0054061859 0.017958813 100000 1
0.06 8574.7457 	-25094.156 	-28.250717 	 73021.145 	-326696.88 	-1695.9894 	 -0.0047548822 	-0.0015443473 	0.035796699 	 8.6577886e-05 	2.7458872e-05 	0.00033126096 	 -507.93544 	-161.30356 	-51.452002 	 0.25111864 	-0.048710554 	0.0010622872 	 1.9366657 	-0.71241898 	0.016763076 		0.06 0.0053551319 0.017272533 100000 1
0.06125 8624.4967 	-22999.608 	-20.795105 	 78465.227 	-307868.8 	-1412.7752 	 -0.0047424262 	-0.0016262704 	0.035941845 	 8.5287474e-05 	2.9150001e-05 	0.00033281874 	 -468.6231 	-163.80183 	-47.561515 	 0.24887319 	-0.056577965 	0.0010466682 	 1.9689214 	-0.88750904 	0.013937697 		0.06125 0.0052844095 0.016177766 100000 1
0.0625 8674.2477 	-20905.06 	-13.339493 	 83909.308 	-289040.72 	-1129.561 	 -0.0047299703 	-0.0017081935 	0.036086991 	 8.3997062e-05 	3.084113e-05 	0.00033437651 	 -429.31075 	-166.3001 	-43.671027 	 0.24662773 	-0.064445376 	0.0010310492 	 2.0011772 	-1.0625991 	0.011112318 		0.0625 0.0052136871 0.015082999 100000 1
0.06375 8696.6698 	-18788.339 	-2.7609495 	 90770.079 	-267488.32 	-626.52291 	 -0.004716139 	-0.0018003877 	0.036248608 	 8.1652114e-05 	3.2552885e-05 	0.00035176716 	 -390.44074 	-169.51264 	-39.939174 	 0.24404627 	-0.072320451 	0.0010087555 	 2.0229956 	-1.2635993 	0.0060876672 		0.06375 0.0051232961 0.013521268 100000 1
0.065 8719.092 	-16671.619 	7.8175936 	 97630.849 	-245935.92 	-123.48486 	 -0.0047023078 	-0.001892582 	0.036410224 	 7.9307166e-05 	3.426464e-05 	0.0003691578 	 -351.57074 	-172.72518 	-36.207322 	 0.2414648 	-0.080195526 	0.00098646188 	 2.0448141 	-1.4645995 	0.0010630167 		0.065 0.005032905 0.011959537 100000 1
0.06625 8682.6847 	-14546.332 	21.631428 	 106532.06 	-221127.94 	716.22907 	 -0.0046869251 	-0.0019966786 	0.036589463 	 7.5237893e-05 	3.5775913e-05 	0.00040931944 	 -312.6526 	-177.08573 	-32.631174 	 0.23857824 	-0.088087913 	0.00095017108 	 2.0503344 	-1.6967622 	-0.0073291135 		0.06625 0.0049228072 0.0098597694 100000 1
0.0675 8646.2775 	-12421.045 	35.445263 	 115433.27 	-196319.96 	1555.943 	 -0.0046715425 	-0.0021007752 	0.036768703 	 7.116862e-05 	3.7287186e-05 	0.00044948107 	 -273.73445 	-181.44628 	-29.055026 	 0.23569167 	-0.0959803 	0.00091388028 	 2.0558547 	-1.9289249 	-0.015721244 		0.0675 0.0048127095 0.0077600015 100000 1
0.06875 8500.6427 	-10311.632 	51.622826 	 127479.45 	-167839.45 	2896.4651 	 -0.004652199 	-0.0022271424 	0.036994326 	 6.3284963e-05 	3.8044843e-05 	0.00054229697 	 -234.73197 	-189.73903 	-25.645354 	 0.23261707 	-0.10389928 	0.00085427125 	 2.0344342 	-2.1963636 	-0.029121746 		0.06875 0.0046828565 0.0050374572 100000 1
0.07 8355.0079 	-8202.2192 	67.800388 	 139525.62 	-139358.94 	4236.9871 	 -0.0046328555 	-0.0023535096 	0.037219949 	 5.5401306e-05 	3.8802499e-05 	0.00063511286 	 -195.72949 	-198.03179 	-22.235682 	 0.22954247 	-0.11181825 	0.00079466221 	 2.0130136 	-2.4638023 	-0.042522248 		0.07 0.0045530035 0.0023149128 100000 1
0.07125 7991.6679 	-6144.0329 	84.485155 	 156515.66 	-106901.37 	6381.3224 	 -0.0046024763 	-0.0024864007 	0.037410238 	 4.5411986e-05 	3.8254577e-05 	0.00074036365 	 -151.74122 	-207.33573 	-18.480812 	 0.2269003 	-0.11997818 	0.00069342116 	 1.9473912 	-2.7694476 	-0.063960684 		0.07125 0.0044020632 -0.0011711603 100000 1
0.0725 7628.3279 	-4085.8467 	101.16992 	 173505.7 	-74443.797 	8525.6577 	 -0.0045720971 	-0.0026192917 	0.037600527 	 3.5422666e-05 	3.7706654e-05 	0.00084561444 	 -107.75295 	-216.63968 	-14.725942 	 0.22425814 	-0.12813811 	0.00059218011 	 1.8817688 	-3.075093 	-0.08539912 		0.0725 0.0042511229 -0.0046572334 100000 1
0.07375 7023.7705 	-2038.0691 	114.26255 	 195737.18 	-38200.626 	11355.985 	 -0.0045421922 	-0.0027594584 	0.037773851 	 2.1519629e-05 	3.5084017e-05 	0.00098474643 	 -56.321733 	-229.85234 	-10.416892 	 0.22220251 	-0.13696563 	0.00045212802 	 1.7677624 	-3.417421 	-0.11369687 		0.07375 0.0040845529 -0.0087495446 100000 1
0.075 6136.8896 	-479.90792 	110.46949 	 213588.61 	-18154.794 	12861.473 	 -0.0045314261 	-0.0028378586 	0.037888355 	 1.2291686e-05 	3.3099641e-05 	0.0010846284 	 -18.987809 	-232.35367 	-6.1743618 	 0.22122665 	-0.14160117 	0.00037638414 	 1.7002039 	-3.596987 	-0.12874546 		0.075 0.0039075515 -0.013245778 100000 1
