# x jRe_x jRe_y jRe_z jIm_x jIm_y jIm_z BRe_x BRe_y BRe_z BIm_x BIm_y BIm_z F_x F_y F_z VReGrad_x VReGrad_y VReGrad_z VImGrad_x VImGrad_y VImGrad_z s VRe VIm sigma mur
-0.035 -18875.414 	50403.477 	7336.0295 	 -347050.78 	533545.07 	122335.17 	 0.0057961679 	0.0026878873 	0.042356205 	 -0.0002100195 	-0.00040085608 	0.00457408 	 2303.7069 	1200.8712 	-48.065617 	 -0.66823517 	0.62021224 	-0.0024665423 	 -3.0108581 	3.7372544 	-0.099696493 		-0.035 0.004348663 0.017913769 1200000 1
-0.03375 -122624.89 	107507.76 	9170.293 	 -621463.64 	540589.94 	111355.73 	 0.0055817672 	0.0026294987 	0.0421575 	 -0.00027677899 	-0.00041464995 	0.0043152685 	 3421.8955 	3916.9746 	-245.98837 	 -0.64625465 	0.60193584 	-0.0023470989 	 -2.7558094 	3.4794189 	-0.090829327 		-0.03375 0.0034819266 0.013959978 1200000 1
-0.0325 -257685.94 	120623.36 	12889.483 	 -1134864.5 	429431.54 	127659.89 	 0.0051856298 	0.0026470575 	0.041830561 	 -0.00027723044 	-0.00042458595 	0.0039950627 	 3327.9314 	7693.8475 	-343.41153 	 -0.59479486 	0.60151387 	-0.0039985483 	 -2.3151629 	3.3632576 	-0.10472194 		-0.0325 0.0027031776 0.010842875 1200000 1
-0.03125 -400670.25 	127398.29 	14907.94 	 -1557592.4 	355140.91 	133969.31 	 0.0048204888 	0.0026656223 	0.041410253 	 -0.00027265722 	-0.00043684788 	0.0037453697 	 3227.2071 	11278.853 	-444.79954 	 -0.53825853 	0.59935828 	-0.0044740175 	 -1.9471892 	3.2235355 	-0.11027765 		-0.03125 0.0019935533 0.0082227541 1200000 1
-0.03 -545299.48 	127100.15 	16729.087 	 -1907594.2 	292092.42 	137115.14 	 0.0044809901 	0.0026827742 	0.04108157 	 -0.00026033931 	-0.00044931928 	0.0036498418 	 3055.0652 	14793.696 	-544.76102 	 -0.48063986 	0.59661858 	-0.004995902 	 -1.637082 	3.0816477 	-0.11318794 		-0.03 0.0013575098 0.0060239103 1200000 1
-0.02875 -686384.71 	124025.79 	18262.658 	 -2194463.4 	240324.12 	138159.11 	 0.0041640144 	0.0026994552 	0.040805654 	 -0.00024564959 	-0.00045974848 	0.0036607224 	 2883.8678 	18144.008 	-648.20364 	 -0.42503871 	0.59080953 	-0.005481689 	 -1.377497 	2.9372211 	-0.11433083 		-0.02875 0.00079318305 0.0041774114 1200000 1
-0.0275 -822554.91 	120155.67 	19160.089 	 -2432513.1 	202582.12 	136093.13 	 0.0038683594 	0.0027158037 	0.040568817 	 -0.00022952591 	-0.00046785291 	0.0037423312 	 2728.7366 	21388.255 	-756.57443 	 -0.37182675 	0.58107124 	-0.0056364205 	 -1.1570376 	2.7877304 	-0.1128599 		-0.0275 0.00029724427 0.0026259363 1200000 1
-0.02625 -952944.36 	114900.62 	19856.659 	 -2633104.1 	170920.74 	133168.47 	 0.0035910485 	0.0027316628 	0.040369382 	 -0.00021319302 	-0.00047417833 	0.0038743093 	 2567.8801 	24491.006 	-866.54788 	 -0.32121269 	0.56863575 	-0.0058044744 	 -0.96668141 	2.6394343 	-0.11064921 		-0.02625 -0.00013309532 0.0013290566 1200000 1
-0.025 -1076931.1 	109554.57 	20032.413 	 -2803050.3 	145951.8 	128299.08 	 0.0033312126 	0.0027470971 	0.040198951 	 -0.00019731941 	-0.00047882792 	0.0040340024 	 2416.6781 	27473.017 	-978.76953 	 -0.27335403 	0.5529954 	-0.005708917 	 -0.80115101 	2.4915424 	-0.10679081 		-0.025 -0.00050167311 0.0002520142 1200000 1
-0.02375 -1194211.7 	103403.03 	20088.829 	 -2948088.7 	124699.69 	123194.04 	 0.0030864592 	0.0027619143 	0.040060134 	 -0.00018185818 	-0.00048225464 	0.004219508 	 2259.9116 	30313.471 	-1090.2974 	 -0.22828823 	0.53527697 	-0.0056631868 	 -0.65600153 	2.3461578 	-0.10270956 		-0.02375 -0.00081165726 -0.00063242226 1200000 1
-0.0225 -1304532.8 	97437.352 	19734.293 	 -3072136.4 	107043.61 	116879.73 	 0.0028560218 	0.0027762311 	0.039942135 	 -0.00016747954 	-0.00048467766 	0.0044106698 	 2111.9956 	33013.086 	-1201.2466 	 -0.18606423 	0.51508807 	-0.0054121313 	 -0.52828684 	2.2030767 	-0.097593237 		-0.0225 -0.0010669652 -0.001347896 1200000 1
-0.02125 -1407868.1 	91013.283 	19326.246 	 -3178560.8 	91969.076 	110664.33 	 0.0026379838 	0.0027898144 	0.039850821 	 -0.00015364978 	-0.00048631573 	0.0046134733 	 1960.61 	35567.97 	-1309.5403 	 -0.14664244 	0.49334953 	-0.0052336599 	 -0.41545613 	2.0627727 	-0.092534009 		-0.02125 -0.0012708749 -0.0019142722 1200000 1
-0.02 -1504165.4 	84894.085 	18602.29 	 -3269908.1 	79032.139 	103711.97 	 0.0024316574 	0.0028028266 	0.039773245 	 -0.00014098274 	-0.00048746256 	0.0048099053 	 1818.2336 	37967.434 	-1414.8679 	 -0.11001339 	0.46975379 	-0.0048976047 	 -0.31564144 	1.9253057 	-0.086835618 		-0.02 -0.0014271933 -0.0023488167 1200000 1
-0.01875 -1593542.5 	78537.05 	17873.693 	 -3348369.6 	68021.761 	97028.366 	 0.0022354968 	0.0028150247 	0.039717764 	 -0.00012881175 	-0.00048812317 	0.0050091426 	 1674.4423 	40220.757 	-1516.0256 	 -0.076100748 	0.44502777 	-0.0046462437 	 -0.22720715 	1.7904963 	-0.081338783 		-0.01875 -0.0015391642 -0.0026667255 1200000 1
-0.0175 -1676061.8 	72520.165 	16905.662 	 -3415729.9 	58356.28 	89904.217 	 0.0020488863 	0.0028265951 	0.039670129 	 -0.00011767304 	-0.0004886293 	0.005195526 	 1539.459 	42310.945 	-1612.4305 	 -0.044860904 	0.41893509 	-0.0042741424 	 -0.14886749 	1.6585253 	-0.075453306 		-0.0175 -0.0016103947 -0.0028811766 1200000 1
-0.01625 -1751912.2 	66403.87 	15962.763 	 -3473502.2 	50174.147 	83113.748 	 0.0018705655 	0.0028372881 	0.039640507 	 -0.00010692022 	-0.00048881417 	0.0053791738 	 1404.577 	44256.359 	-1703.6197 	 -0.016200799 	0.39203527 	-0.0039879247 	 -0.07950058 	1.5289437 	-0.069827116 		-0.01625 -0.0016440111 -0.003004153 1200000 1
-0.015 -1821211.5 	60617.684 	14841.079 	 -3522981.8 	42864.806 	76068.46 	 0.0016999765 	0.0028473149 	0.03961398 	 -9.7004809e-05 	-0.00048904582 	0.0055466726 	 1277.8427 	46036.356 	-1788.8306 	 0.0099374652 	0.36415035 	-0.0036098576 	 -0.018185621 	1.4019681 	-0.063970913 		-0.015 -0.0016433805 -0.0030460296 1200000 1
-0.01375 -1884170.8 	54814.966 	13761.876 	 -3565234.4 	36707.768 	69362.835 	 0.0015360747 	0.0028564369 	0.039602019 	 -8.7363318e-05 	-0.00048904304 	0.0057079724 	 1152.1511 	47674.914 	-1868.1589 	 0.033647467 	0.33570195 	-0.0033135431 	 0.035867653 	1.2770548 	-0.058382678 		-0.01375 -0.0016114782 -0.0030164895 1200000 1
-0.0125 -1940930.5 	49308.033 	12550.351 	 -3601220.7 	31123.586 	62513.694 	 0.0013783486 	0.0028648724 	0.039589448 	 -7.8368543e-05 	-0.00048919402 	0.0058516708 	 1033.6183 	49149.383 	-1940.7426 	 0.054992824 	0.30655894 	-0.0029473473 	 0.083335518 	1.1544087 	-0.052660911 		-0.0125 -0.0015514313 -0.0029239336 1200000 1
-0.01125 -1991698.9 	43829.709 	11386.105 	 -3631701.8 	26427.357 	55972.858 	 0.0012259198 	0.0028723851 	0.039588613 	 -6.9556823e-05 	-0.00048913535 	0.0059870622 	 916.59222 	50486.962 	-2007.0751 	 0.07406182 	0.27703239 	-0.0026527672 	 0.1247864 	1.0334778 	-0.04718441 		-0.01125 -0.0014660514 -0.0027763563 1200000 1
-0.01 -2036612 	38600.598 	10126.155 	 -3657390.4 	22106.435 	49356.323 	 0.0010783094 	0.0028792045 	0.03958434 	 -6.1223903e-05 	-0.00048928061 	0.0061044123 	 805.54072 	51663.724 	-2066.2219 	 0.090913179 	0.24702845 	-0.0023061998 	 0.16071734 	0.9144253 	-0.041634258 		-0.01 -0.0013582405 -0.0025807393 1200000 1
-0.00875 -2075854 	33419.051 	8912.3185 	 -3678818.7 	18453.75 	42999.446 	 0.00093476561 	0.0028851059 	0.039589586 	 -5.3005883e-05 	-0.00048922077 	0.0062121839 	 696.08433 	52708.312 	-2118.9343 	 0.10562203 	0.21677159 	-0.0020197644 	 0.19153131 	0.79673693 	-0.036291858 		-0.00875 -0.0012306593 -0.002343836 1200000 1
-0.0075 -2109544.6 	28433.887 	7630.913 	 -3696513 	15042.304 	36603.985 	 0.00079483102 	0.0028903161 	0.039589321 	 -4.5128778e-05 	-0.00048938223 	0.0063019874 	 591.31616 	53596.051 	-2164.2381 	 0.11823992 	0.18619814 	-0.0016954432 	 0.21759194 	0.68051693 	-0.030909664 		-0.0075 -0.001086019 -0.0020716225 1200000 1
-0.00625 -2137836.6 	23497.596 	6387.2453 	 -3710832.5 	12108.844 	30407.555 	 0.00065785087 	0.002894611 	0.0395969 	 -3.7320035e-05 	-0.00048932239 	0.0063814932 	 487.95975 	54356.007 	-2203.0493 	 0.12882832 	0.15546526 	-0.0014165497 	 0.23917752 	0.5653134 	-0.025687296 		-0.00625 -0.00092684882 -0.0017699445 1200000 1
-0.005 -2160818.9 	18702.389 	5099.1669 	 -3722145.8 	9325.0043 	24194.801 	 0.00052337732 	0.0028982202 	0.039597513 	 -2.9735636e-05 	-0.00048948604 	0.0064432934 	 387.96577 	54962.783 	-2234.3551 	 0.13742496 	0.12453467 	-0.0011121463 	 0.2565377 	0.45115854 	-0.0204462 		-0.005 -0.0007557037 -0.0014440835 1200000 1
-0.00375 -2178603.9 	13945.672 	3838.6841 	 -3730664.4 	6850.7561 	18117.29 	 0.00039082922 	0.0029009263 	0.039604818 	 -2.2187622e-05 	-0.00048941826 	0.0064943896 	 289.01551 	55445.128 	-2259.1589 	 0.1440735 	0.093511774 	-0.00083898487 	 0.26984356 	0.33767634 	-0.015314006 		-0.00375 -0.00057501671 -0.0010992624 1200000 1
-0.0025 -2191246.4 	9273.7131 	2552.707 	 -3736632.7 	4457.4471 	12033.104 	 0.00025975723 	0.002902952 	0.039604246 	 -1.4767745e-05 	-0.00048957021 	0.0065280462 	 192.08543 	55777.07 	-2276.4272 	 0.14879854 	0.062381406 	-0.00055082782 	 0.27925566 	0.22482298 	-0.010173314 		-0.0025 -0.00038723221 -0.00074033611 1200000 1
-0.00125 -2198818.5 	4622.6784 	1280.3595 	 -3740142.4 	2215.3659 	6016.9603 	 0.00012963488 	0.0029040764 	0.03960968 	 -7.363614e-06 	-0.00048947628 	0.0065508111 	 95.703861 	55986.79 	-2287.2098 	 0.15162766 	0.03120903 	-0.0002778346 	 0.28485822 	0.11230511 	-0.0050874902 		-0.00125 -0.00019472056 -0.00037212656 1200000 1
1.0842022e-17 -2201333.5 	0.0086632892 	-0.022387584 	 -3741319.2 	-0.29040849 	-0.19199819 	 3.8155524e-11 	0.0029045235 	0.039606788 	 -3.1253766e-10 	-0.00048959928 	0.0065562907 	 -0.00095320517 	56047.564 	-2290.4509 	 0.15256783 	2.5946699e-06 	-1.197647e-07 	 0.28672496 	-3.9763368e-06 	1.2928226e-07 		1.0842022e-17 1.4366336e-07 7.2133685e-07 1200000 1
0.00125 -2198818.6 	-4622.473 	-1280.2111 	 -3740142.8 	-2215.3796 	-6017.0942 	 -0.00012963468 	0.0029040757 	0.039609683 	 7.3630961e-06 	-0.00048947625 	0.0065508122 	 -95.700268 	55986.797 	-2287.2091 	 0.15162769 	-0.031203995 	0.00027743471 	 0.28485853 	-0.11231354 	0.0050875399 		0.00125 0.00019500797 0.00037356949 1200000 1
0.0025 -2191246.3 	-9273.3981 	-2552.407 	 -3736633.2 	-4457.0457 	-12033.05 	 -0.00025975692 	0.0029029512 	0.039604251 	 1.4767319e-05 	-0.00048957024 	0.0065280473 	 -192.07837 	55777.078 	-2276.426 	 0.1487985 	-0.062376458 	0.00055030255 	 0.27925611 	-0.22483174 	0.010173206 		0.0025 0.00038751961 0.00074177955 1200000 1
0.00375 -2178603.8 	-13945.475 	-3838.4744 	 -3730665 	-6850.5024 	-18117.296 	 -0.00039082893 	0.0029009257 	0.039604822 	 2.2187133e-05 	-0.00048941832 	0.0064943906 	 -289.01122 	55445.136 	-2259.158 	 0.14407348 	-0.093506722 	0.00083853561 	 0.26984408 	-0.33768497 	0.015313949 		0.00375 0.00057530402 0.0011007065 1200000 1
0.005 -2160819 	-18702.245 	-5099.0175 	 -3722146.5 	-9324.6867 	-24194.844 	 -0.00052337707 	0.0028982199 	0.039597515 	 2.9735101e-05 	-0.00048948611 	0.0064432946 	 -387.96233 	54962.79 	-2234.3545 	 0.13742501 	-0.12452957 	0.0011117484 	 0.25653822 	-0.45116721 	0.020446173 		0.005 0.00075599104 0.0014455283 1200000 1
0.00625 -2137836.7 	-23497.46 	-6387.1046 	 -3710833.1 	-12108.46 	-30407.601 	 -0.00065785063 	0.0028946108 	0.0395969 	 3.7319529e-05 	-0.0004893225 	0.0063814945 	 -487.95633 	54356.013 	-2203.0488 	 0.12882836 	-0.15546016 	0.0014161605 	 0.23917794 	-0.5653221 	0.025687272 		0.00625 0.00092713622 0.0017713898 1200000 1
0.0075 -2109544.6 	-28433.756 	-7630.7698 	 -3696513.3 	-15041.902 	-36603.99 	 -0.00079483078 	0.002890316 	0.03958932 	 4.5128315e-05 	-0.00048938238 	0.0063019886 	 -591.31281 	53596.053 	-2164.2376 	 0.11823992 	-0.18619303 	0.0016950538 	 0.21759218 	-0.68052563 	0.030909605 		0.0075 0.0010863065 0.0020730683 1200000 1
0.00875 -2075854.1 	-33418.924 	-8912.1761 	 -3678818.8 	-18453.312 	-42999.465 	 -0.00093476541 	0.0028851058 	0.039589584 	 5.300543e-05 	-0.00048922093 	0.006212185 	 -696.08092 	52708.313 	-2118.9339 	 0.10562203 	-0.21676649 	0.0020193776 	 0.19153139 	-0.79674564 	0.036291811 		0.00875 0.0012309467 0.002345282 1200000 1
0.01 -2036612 	-38600.465 	-10126.01 	 -3657390.3 	-22106.002 	-49356.355 	 -0.0010783092 	0.0028792043 	0.039584337 	 6.1223457e-05 	-0.00048928081 	0.0061044132 	 -805.53721 	51663.724 	-2066.2215 	 0.090913195 	-0.24702335 	0.0023058136 	 0.16071733 	-0.91443398 	0.041634222 		0.01 0.0013585279 0.0025821853 1200000 1
0.01125 -1991699 	-43829.58 	-11385.952 	 -3631701.7 	-26426.972 	-55972.859 	 -0.0012259195 	0.002872385 	0.03958861 	 6.955643e-05 	-0.0004891356 	0.005987063 	 -916.58894 	50486.961 	-2007.0746 	 0.074061847 	-0.27702729 	0.0026523764 	 0.12478633 	-1.0334864 	0.047184347 		0.01125 0.0014663389 0.0027778022 1200000 1
0.0125 -1940930.6 	-49307.908 	-12550.188 	 -3601220.6 	-31123.247 	-62513.647 	 -0.0013783484 	0.0028648722 	0.039589444 	 7.836819e-05 	-0.00048919432 	0.0058516714 	 -1033.6152 	49149.381 	-1940.742 	 0.054992851 	-0.30655385 	0.0029469518 	 0.083335446 	-1.1544172 	0.052660808 		0.0125 0.0015517189 0.0029253794 1200000 1
0.01375 -1884170.9 	-54814.839 	-13761.711 	 -3565234.3 	-36707.439 	-69362.744 	 -0.0015360745 	0.0028564368 	0.039602014 	 8.7362964e-05 	-0.00048904337 	0.0057079728 	 -1152.148 	47674.912 	-1868.1583 	 0.033647503 	-0.33569687 	0.0033131496 	 0.035867637 	-1.2770633 	0.058382537 		0.01375 0.0016117657 0.0030179352 1200000 1
0.015 -1821211.6 	-60617.554 	-14840.915 	 -3522981.8 	-42864.458 	-76068.341 	 -0.0016999764 	0.0028473149 	0.039613975 	 9.7004482e-05 	-0.00048904614 	0.0055466728 	 -1277.8393 	46036.355 	-1788.8301 	 0.0099375235 	-0.36414527 	0.0036094683 	 -0.018185582 	-1.4019766 	0.063970749 		0.015 0.0016436681 0.0030474753 1200000 1
0.01625 -1751912.4 	-66403.742 	-15962.597 	 -3473502.3 	-50173.791 	-83113.612 	 -0.0018705654 	0.0028372881 	0.039640502 	 0.00010691997 	-0.00048881451 	0.0053791737 	 -1404.5738 	44256.357 	-1703.6192 	 -0.016200727 	-0.39203021 	0.0039875372 	 -0.079500524 	-1.5289521 	0.069826937 		0.01625 0.0016442988 0.0030055987 1200000 1
0.0175 -1676062 	-72520.043 	-16905.498 	 -3415729.9 	-58355.93 	-89904.077 	 -0.0020488862 	0.002826595 	0.039670123 	 0.00011767289 	-0.00048862967 	0.0051955256 	 -1539.4559 	42310.942 	-1612.43 	 -0.044860824 	-0.41893004 	0.0042737591 	 -0.14886747 	-1.6585337 	0.075453125 		0.0175 0.0016106824 0.0028826224 1200000 1
0.01875 -1593542.8 	-78536.924 	-17873.541 	 -3348369.6 	-68021.401 	-97028.251 	 -0.0022354967 	0.0028150246 	0.039717758 	 0.00012881165 	-0.00048812359 	0.005009142 	 -1674.439 	40220.755 	-1516.0251 	 -0.076100658 	-0.44502275 	0.0046458729 	 -0.22720713 	-1.7905047 	0.08133862 		0.01875 0.0015394521 0.0026681713 1200000 1
0.02 -1504165.6 	-84893.954 	-18602.149 	 -3269908 	-79031.728 	-103711.89 	 -0.0024316573 	0.0028028266 	0.039773238 	 0.00014098266 	-0.000487463 	0.0048099045 	 -1818.2301 	37967.432 	-1414.8674 	 -0.11001328 	-0.46974879 	0.0048972455 	 -0.31564136 	-1.925314 	0.086835479 		0.02 0.0014274813 0.0023502626 1200000 1
0.02125 -1407868.3 	-91013.156 	-19326.104 	 -3178560.8 	-91968.654 	-110664.23 	 -0.0026379836 	0.0027898143 	0.039850814 	 0.00015364972 	-0.00048631622 	0.004613472 	 -1960.6065 	35567.968 	-1309.5397 	 -0.14664233 	-0.49334455 	0.0052333027 	 -0.41545606 	-2.062781 	0.092533855 		0.02125 0.001271163 0.0019157182 1200000 1
0.0225 -1304533 	-97437.229 	-19734.143 	 -3072136.3 	-107043.21 	-116879.56 	 -0.0028560216 	0.0027762311 	0.039942127 	 0.00016747939 	-0.00048467824 	0.004410668 	 -2111.9922 	33013.082 	-1201.246 	 -0.18606413 	-0.5150831 	0.0054117699 	 -0.52828685 	-2.2030849 	0.097593031 		0.0225 0.0010672535 0.0013493421 1200000 1
0.02375 -1194212 	-103402.91 	-20088.679 	 -2948088.5 	-124699.26 	-123193.88 	 -0.003086459 	0.0027619145 	0.040060125 	 0.00018185788 	-0.00048225534 	0.0042195057 	 -2259.9081 	30313.467 	-1090.2968 	 -0.22828813 	-0.53527204 	0.0056628277 	 -0.65600159 	-2.3461659 	0.10270936 		0.02375 0.00081194566 0.00063386821 1200000 1
0.025 -1076931.4 	-109554.44 	-20032.274 	 -2803050.1 	-145951.39 	-128298.96 	 -0.0033312125 	0.0027470976 	0.040198941 	 0.00019731901 	-0.0004788288 	0.0040339996 	 -2416.6743 	27473.013 	-978.76888 	 -0.27335393 	-0.55299051 	0.0057085686 	 -0.80115106 	-2.4915504 	0.10679064 		0.025 0.00050196164 -0.00025056834 1200000 1
0.02625 -952944.63 	-114900.48 	-19856.514 	 -2633103.9 	-170920.38 	-133168.33 	 -0.0035910484 	0.0027316634 	0.040369372 	 0.00021319264 	-0.00047417922 	0.0038743059 	 -2567.8762 	24491.001 	-866.5472 	 -0.3212126 	-0.5686309 	0.0058041222 	 -0.96668145 	-2.6394421 	0.11064903 		0.02625 0.00013338398 -0.0013276108 1200000 1
0.0275 -822555.16 	-120155.53 	-19159.939 	 -2432512.9 	-202581.78 	-136093.01 	 -0.0038683593 	0.0027158036 	0.040568807 	 0.00022952567 	-0.00046785371 	0.0037423272 	 -2728.7324 	21388.251 	-756.57359 	 -0.37182669 	-0.58106644 	0.0056360651 	 -1.1570377 	-2.7877382 	0.11285973 		0.0275 -0.00029695549 -0.0026244906 1200000 1
0.02875 -686384.93 	-124025.67 	-18262.503 	 -2194463.2 	-240323.74 	-138159.05 	 -0.0041640143 	0.0026994544 	0.040805644 	 0.00024564936 	-0.00045974912 	0.0036607179 	 -2883.8637 	18144.003 	-648.20282 	 -0.42503867 	-0.59080476 	0.0054813302 	 -1.377497 	-2.9372288 	0.11433072 		0.02875 -0.0007928942 -0.0041759657 1200000 1
0.03 -545299.69 	-127100.04 	-16728.923 	 -1907594.1 	-292091.99 	-137115.11 	 -0.00448099 	0.0026827734 	0.041081559 	 0.00026033892 	-0.00044931974 	0.0036498369 	 -3055.0611 	14793.693 	-544.76053 	 -0.48063982 	-0.59661384 	0.0049955354 	 -1.6370819 	-3.0816554 	0.11318786 		0.03 -0.0013572209 -0.0060224645 1200000 1
0.03125 -400670.45 	-127398.19 	-14907.783 	 -1557592.4 	-355140.5 	-133969.37 	 -0.0048204887 	0.0026656219 	0.041410242 	 0.00027265668 	-0.00043684834 	0.003745364 	 -3227.2028 	11278.85 	-444.79927 	 -0.53825852 	-0.59935359 	0.0044736562 	 -1.947189 	-3.2235431 	0.11027764 		0.03125 -0.0019932643 -0.0082213083 1200000 1
0.0325 -257686.08 	-120623.3 	-12889.325 	 -1134864.5 	-429431.21 	-127660.04 	 -0.0051856297 	0.0026470574 	0.041830549 	 0.00027722983 	-0.00042458644 	0.0039950561 	 -3327.9275 	7693.8448 	-343.41142 	 -0.59479489 	-0.60150921 	0.0039981859 	 -2.3151628 	-3.363265 	0.10472201 		0.0325 -0.0027028887 -0.010841429 1200000 1
0.03375 -122624.95 	-107507.73 	-9170.1246 	 -621463.64 	-540589.65 	-111355.94 	 -0.0055817671 	0.0026294989 	0.042157488 	 0.00027677833 	-0.0004146505 	0.0043152608 	 -3421.8918 	3916.9725 	-245.98845 	 -0.64625474 	-0.60193122 	0.002346728 	 -2.7558093 	-3.4794261 	0.090829445 		0.03375 -0.0034816377 -0.013958532 1200000 1
0.035 -29397.162 	-91145.435 	-6588.2082 	 -335462.13 	-737857.4 	-103389.34 	 -0.0057855729 	0.0026206423 	0.042312965 	 0.00027342066 	-0.00040817383 	0.0045187022 	 -3600.1219 	1386.6377 	-121.00363 	 -0.67034794 	-0.60063925 	0.0017625213 	 -2.9973569 	-3.5193982 	0.083903757 		0.035 -0.0043172651 -0.017737402 1200000 1
