# y jRe_x jRe_y jRe_z jIm_x jIm_y jIm_z BRe_x BRe_y BRe_z BIm_x BIm_y BIm_z F_x F_y F_z VReGrad_x VReGrad_y VReGrad_z VImGrad_x VImGrad_y VImGrad_z s VRe VIm sigma mur
-0.075 -6589089.5 	-329954.82 	-585490.84 	 -9959545.3 	-961504.44 	-838970.21 	 -0.0038513882 	0.0010553687 	0.048092314 	 0.00060237823 	-0.0012762116 	-0.0027639769 	 -6848.0851 	145487.7 	2525.7418 	 -3.9550833 	-4.6674932 	0.088272755 	 -7.6273269 	-21.251848 	1.1801863 		-0.075 -0.069234872 0.030655425 1200000 1
-0.07375 -6732334.2 	-1149266.6 	-587152.95 	 -6588353.6 	-269858.75 	-639550.33 	 -0.0033883243 	0.0008636491 	0.043575575 	 0.0010778503 	-0.0012983904 	-0.0079231037 	 -22696.76 	126452.21 	-361.36007 	 -4.0929329 	-4.4009427 	0.06169227 	 -8.193749 	-20.434119 	1.0658094 		-0.07375 -0.075069239 0.0040906151 1200000 1
-0.0725 -5917332.9 	-2206895 	-485982.46 	 -3550858 	-385428.2 	-379551.15 	 -0.002682913 	0.00057314469 	0.036953909 	 0.0017399343 	-0.0013095452 	-0.014680373 	 -37986.139 	85930.61 	-1997.2857 	 -4.3214428 	-3.9095294 	0.013355289 	 -9.1610204 	-18.844506 	0.84847278 		-0.0725 -0.08029976 -0.020642758 1200000 1
-0.07125 -4871817 	-3028107.7 	-371613.42 	 -1869741.3 	-307191.13 	-229486.91 	 -0.0021406451 	0.00041789501 	0.03180462 	 0.002013666 	-0.0012384212 	-0.016972055 	 -44685.885 	68639.598 	-2602.7155 	 -4.4277186 	-3.5081947 	-0.018313824 	 -9.7341826 	-17.401722 	0.6774784 		-0.07125 -0.084696218 -0.04249727 1200000 1
-0.07 -3826301 	-3849320.4 	-257244.38 	 -188624.49 	-228954.06 	-79422.666 	 -0.0015983771 	0.00026264533 	0.026655331 	 0.0022873976 	-0.0011672971 	-0.019263737 	 -51385.631 	51348.587 	-3208.1454 	 -4.5339943 	-3.1068601 	-0.049982937 	 -10.307345 	-15.958938 	0.50648402 		-0.07 -0.089092677 -0.064351783 1200000 1
-0.06875 -2951063.9 	-4371715.5 	-169755.06 	 363446.3 	2701.445 	-27327.996 	 -0.0011752729 	0.00020069916 	0.022526821 	 0.002360592 	-0.0010584572 	-0.019641714 	 -52285.761 	39500.865 	-3049.2601 	 -4.5307038 	-2.802097 	-0.06367063 	 -10.557014 	-14.730168 	0.39173518 		-0.06875 -0.092535071 -0.082623206 1200000 1
-0.0675 -2075826.8 	-4894110.7 	-82265.732 	 915517.1 	234356.95 	24766.673 	 -0.00075216868 	0.000138753 	0.018398311 	 0.0024337864 	-0.00094961715 	-0.020019692 	 -53185.891 	27653.144 	-2890.3748 	 -4.5274134 	-2.4973339 	-0.077358324 	 -10.806682 	-13.501398 	0.27698634 		-0.0675 -0.095977466 -0.10089463 1200000 1
-0.06625 -1517205 	-5179136.4 	-28880.626 	 965409.85 	472040.11 	33608.835 	 -0.00057656836 	0.00013982486 	0.016958413 	 0.0023925368 	-0.00086661047 	-0.019292629 	 -54727.568 	22004.503 	-2779.6149 	 -4.4778633 	-2.2835515 	-0.081243157 	 -10.919728 	-12.485455 	0.19816567 		-0.06625 -0.098778406 -0.1163767 1200000 1
-0.065 -958583.12 	-5464162.2 	24504.48 	 1015302.6 	709723.26 	42450.997 	 -0.00040096804 	0.00014089672 	0.015518514 	 0.0023512872 	-0.00078360379 	-0.018565567 	 -56269.244 	16355.862 	-2668.8549 	 -4.4283133 	-2.0697692 	-0.08512799 	 -11.032774 	-11.469513 	0.11934501 		-0.065 -0.10157935 -0.13185877 1200000 1
-0.06375 -664024.94 	-5599274.2 	50914.44 	 900741.15 	899722.32 	36552.131 	 -0.00033173455 	0.00015469002 	0.0151555 	 0.0023039918 	-0.00072619602 	-0.017872287 	 -57986.905 	12809.24 	-2630.7812 	 -4.3672454 	-1.9318059 	-0.083403808 	 -11.083607 	-10.631415 	0.064954023 		-0.06375 -0.10395283 -0.14505048 1200000 1
-0.0625 -369466.76 	-5734386.2 	77324.399 	 786179.7 	1089721.4 	30653.265 	 -0.00026250106 	0.00016848333 	0.014792486 	 0.0022566964 	-0.00066878824 	-0.017179008 	 -59704.565 	9262.6183 	-2592.7075 	 -4.3061775 	-1.7938425 	-0.081679626 	 -11.13444 	-9.7933165 	0.01056304 		-0.0625 -0.10632631 -0.15824219 1200000 1
-0.06125 -241223.1 	-5792739.6 	87147.012 	 654917.88 	1219283.6 	22700.772 	 -0.00024361453 	0.00018006434 	0.014900383 	 0.0022268376 	-0.00062919601 	-0.016760978 	 -61419.779 	7164.2375 	-2616.5353 	 -4.2505224 	-1.712844 	-0.077148344 	 -11.152559 	-9.0943259 	-0.027359433 		-0.06125 -0.10843744 -0.16953378 1200000 1
-0.06 -112979.44 	-5851092.9 	96969.625 	 523656.07 	1348845.9 	14748.278 	 -0.00022472799 	0.00019164535 	0.015008279 	 0.0021969788 	-0.00058960377 	-0.016342949 	 -63134.993 	5065.8567 	-2640.363 	 -4.1948673 	-1.6318455 	-0.072617062 	 -11.170678 	-8.3953353 	-0.065281907 		-0.06 -0.11054856 -0.18082536 1200000 1
-0.05875 -71095.228 	-5877882.5 	98221.866 	 423947.65 	1428610.4 	8891.5781 	 -0.00022504498 	0.00019724977 	0.015253086 	 0.0021844039 	-0.00056025247 	-0.016169367 	 -64649.077 	3937.0304 	-2689.0384 	 -4.1508477 	-1.5919336 	-0.066974193 	 -11.168194 	-7.8067733 	-0.091991351 		-0.05875 -0.11251705 -0.19052211 1200000 1
-0.0575 -29211.013 	-5904672.1 	99474.107 	 324239.23 	1508374.9 	3034.8779 	 -0.00022536197 	0.0002028542 	0.015497892 	 0.002171829 	-0.00053090116 	-0.015995785 	 -66163.16 	2808.204 	-2737.7138 	 -4.1068281 	-1.5520217 	-0.061331324 	 -11.165709 	-7.2182112 	-0.1187008 		-0.0575 -0.11448554 -0.20021887 1200000 1
-0.05625 -23815.504 	-5922171.7 	97023.516 	 260799.92 	1554748.3 	-261.81105 	 -0.00023043634 	0.00020318079 	0.015733109 	 0.0021702821 	-0.00050693117 	-0.015971668 	 -67401.403 	2255.9775 	-2786.9237 	 -4.0753464 	-1.5418551 	-0.055506886 	 -11.14852 	-6.7203563 	-0.13766378 		-0.05625 -0.1163971 -0.20856764 1200000 1
-0.055 -18419.994 	-5939671.4 	94572.926 	 197360.62 	1601121.7 	-3558.5 	 -0.00023551071 	0.00020350739 	0.015968326 	 0.0021687352 	-0.00048296119 	-0.015947551 	 -68639.646 	1703.751 	-2836.1336 	 -4.0438648 	-1.5316885 	-0.049682448 	 -11.131331 	-6.2225015 	-0.15662677 		-0.055 -0.11830867 -0.21691641 1200000 1
-0.05375 -23884.549 	-5956239.8 	90923.349 	 160779.63 	1627823.5 	-4987.4471 	 -0.00024000324 	0.00020036046 	0.01614976 	 0.0021724859 	-0.00046187411 	-0.015991787 	 -69614.057 	1450.7974 	-2876.1357 	 -4.0237569 	-1.5439388 	-0.044128799 	 -11.103258 	-5.8015553 	-0.17018497 		-0.05375 -0.12022633 -0.22412389 1200000 1
-0.0525 -29349.103 	-5972808.3 	87273.772 	 124198.64 	1654525.2 	-6416.3942 	 -0.00024449576 	0.00019721352 	0.016331195 	 0.0021762367 	-0.00044078703 	-0.016036024 	 -70588.468 	1197.8439 	-2916.1378 	 -4.003649 	-1.5561892 	-0.038575151 	 -11.075184 	-5.3806092 	-0.18374317 		-0.0525 -0.12214398 -0.23133138 1200000 1
-0.05125 -35054.314 	-5990093.1 	83519.867 	 103799.16 	1670492.5 	-6764.9238 	 -0.00024720866 	0.00019219829 	0.016459341 	 0.0021816466 	-0.00042151738 	-0.016098527 	 -71345.165 	1077.5652 	-2945.4869 	 -3.9933118 	-1.5864501 	-0.033471389 	 -11.039288 	-5.0264068 	-0.19353445 		-0.05125 -0.1241168 -0.23757542 1200000 1
-0.05 -40759.525 	-6007377.9 	79765.961 	 83399.687 	1686459.8 	-7113.4534 	 -0.00024992155 	0.00018718306 	0.016587487 	 0.0021870564 	-0.00040224774 	-0.01616103 	 -72101.863 	957.28663 	-2974.8359 	 -3.9829745 	-1.6167111 	-0.028367628 	 -11.003392 	-4.6722044 	-0.20332574 		-0.05 -0.12608961 -0.24381946 1200000 1
-0.04875 -43738.417 	-6024620.5 	76289.985 	 71375.045 	1696581.1 	-6944.7772 	 -0.00025113956 	0.00018139398 	0.016676357 	 0.0021922934 	-0.00038442557 	-0.016217387 	 -72689.343 	884.25708 	-2995.1949 	 -3.9810136 	-1.6624958 	-0.023749159 	 -10.962324 	-4.3768529 	-0.21053969 		-0.04875 -0.12815858 -0.24925593 1200000 1
-0.0475 -46717.309 	-6041863 	72814.009 	 59350.404 	1706702.5 	-6776.1009 	 -0.00025235757 	0.0001756049 	0.016765226 	 0.0021975304 	-0.0003666034 	-0.016273745 	 -73276.822 	811.22753 	-3015.5539 	 -3.9790527 	-1.7082805 	-0.01913069 	 -10.921256 	-4.0815014 	-0.21775363 		-0.0475 -0.13022754 -0.2546924 1200000 1
-0.04625 -47126.587 	-6057941.5 	69693.83 	 51088.016 	1713245 	-6413.6918 	 -0.00025266325 	0.00016968912 	0.016828827 	 0.0022018887 	-0.00035012639 	-0.016315251 	 -73733.411 	749.08795 	-3029.0079 	 -3.9844394 	-1.7683028 	-0.014964521 	 -10.877332 	-3.838647 	-0.22328721 		-0.04625 -0.13242928 -0.25945968 1200000 1
-0.045 -47535.865 	-6074020 	66573.651 	 42825.629 	1719787.5 	-6051.2828 	 -0.00025296893 	0.00016377335 	0.016892428 	 0.002206247 	-0.00033364937 	-0.016356757 	 -74190.001 	686.94838 	-3042.4619 	 -3.9898261 	-1.8283251 	-0.010798352 	 -10.833408 	-3.5957927 	-0.22882078 		-0.045 -0.13463102 -0.26422697 1200000 1
-0.04375 -46361.943 	-6088157.5 	63785.497 	 36017.805 	1723610.5 	-5650.3065 	 -0.00025283296 	0.00015808005 	0.016940711 	 0.0022095842 	-0.00031848453 	-0.016382352 	 -74542.079 	624.25141 	-3050.5781 	 -4.0018551 	-1.902053 	-0.0070237174 	 -10.788661 	-3.4002362 	-0.23337699 		-0.04375 -0.13700009 -0.26844916 1200000 1
-0.0425 -45188.022 	-6102295.1 	60997.342 	 29209.98 	1727433.5 	-5249.3303 	 -0.00025269699 	0.00015238676 	0.016988995 	 0.0022129213 	-0.00030331968 	-0.016407947 	 -74894.158 	561.55445 	-3058.6943 	 -4.0138841 	-1.9757808 	-0.0032490827 	 -10.743915 	-3.2046798 	-0.23793321 		-0.0425 -0.13936916 -0.27267136 1200000 1
-0.04125 -43323.825 	-6114140.4 	58500.379 	 22887.796 	1728770 	-4868.7976 	 -0.00025240611 	0.00014709593 	0.017027886 	 0.0022153105 	-0.00028943475 	-0.016419295 	 -75158.568 	497.14222 	-3062.418 	 -4.0320802 	-2.0631902 	0.00020203932 	 -10.700171 	-3.0521663 	-0.24208775 		-0.04125 -0.14193954 -0.27646086 1200000 1
-0.04 -41459.628 	-6125985.8 	56003.417 	 16565.613 	1730106.5 	-4488.2649 	 -0.00025211522 	0.00014180511 	0.017066777 	 0.0022176997 	-0.00027554981 	-0.016430643 	 -75422.978 	432.73 	-3066.1416 	 -4.0502763 	-2.1505997 	0.0036531614 	 -10.656426 	-2.8996528 	-0.24624229 		-0.04 -0.14450992 -0.28025036 1200000 1
-0.03875 -39476.95 	-6135481.7 	53766.281 	 10414.117 	1728978.5 	-4140.6305 	 -0.00025180962 	0.00013701348 	0.017099393 	 0.002219251 	-0.00026290516 	-0.016429684 	 -75610.108 	368.45815 	-3065.9539 	 -4.0743077 	-2.2520565 	0.0068461757 	 -10.61539 	-2.7867419 	-0.25049224 		-0.03875 -0.14731604 -0.28371 1200000 1
-0.0375 -37494.271 	-6144977.5 	51529.145 	 4262.6211 	1727850.5 	-3792.9962 	 -0.00025150401 	0.00013222186 	0.01713201 	 0.0022208023 	-0.00025026052 	-0.016428724 	 -75797.237 	304.18629 	-3065.7662 	 -4.0983391 	-2.3535133 	0.01003919 	 -10.574355 	-2.6738309 	-0.25474219 		-0.0375 -0.15012216 -0.28716963 1200000 1
-0.03625 -35705.259 	-6152213.1 	49532.067 	 -1767.7597 	1724252.2 	-3473.108 	 -0.00025122349 	0.00012799432 	0.017159817 	 0.0022215872 	-0.00023882535 	-0.016416686 	 -75913.345 	242.1732 	-3061.8391 	 -4.1279528 	-2.4697309 	0.013031993 	 -10.537724 	-2.5978055 	-0.25954475 		-0.03625 -0.15319982 -0.29039457 1200000 1
-0.035 -33916.247 	-6159448.6 	47534.99 	 -7798.1405 	1720653.8 	-3153.2198 	 -0.00025094296 	0.00012376678 	0.017187624 	 0.0022223721 	-0.00022739019 	-0.016404648 	 -76029.453 	180.16011 	-3057.912 	 -4.1575666 	-2.5859484 	0.016024796 	 -10.501093 	-2.5217801 	-0.26434731 		-0.035 -0.15627749 -0.29361952 1200000 1
-0.03375 -32527.458 	-6164569.1 	45763.67 	 -13685.148 	1714613.6 	-2856.0657 	 -0.00025064424 	0.00012016928 	0.017211111 	 0.0022224035 	-0.00021716863 	-0.016381755 	 -76077.905 	122.32108 	-3050.1666 	 -4.1925409 	-2.7179916 	0.018864547 	 -10.470664 	-2.4805766 	-0.27015355 		-0.03375 -0.15966469 -0.29669902 1200000 1
-0.0325 -31138.669 	-6169689.5 	43992.351 	 -19572.155 	1708573.4 	-2558.9115 	 -0.00025034552 	0.00011657178 	0.017234597 	 0.0022224348 	-0.00020694707 	-0.016358863 	 -76126.357 	64.482048 	-3042.4213 	 -4.2275152 	-2.8500347 	0.021704298 	 -10.440234 	-2.4393731 	-0.2759598 		-0.0325 -0.1630519 -0.29977853 1200000 1
-0.03125 -30423.18 	-6172883.3 	42431.352 	 -25343.441 	1700160.2 	-2297.0844 	 -0.00024988008 	0.00011370274 	0.017253376 	 0.0022216884 	-0.00019801119 	-0.016324335 	 -76107.817 	12.794976 	-3030.4779 	 -4.2676188 	-2.999359 	0.024423588 	 -10.418018 	-2.4315279 	-0.28324714 		-0.03125 -0.16678978 -0.30279745 1200000 1
-0.03 -29707.692 	-6176077.1 	40870.353 	 -31114.727 	1691747.1 	-2035.2572 	 -0.00024941463 	0.00011083369 	0.017272154 	 0.002220942 	-0.00018907531 	-0.016289807 	 -76089.277 	-38.892095 	-3018.5345 	 -4.3077225 	-3.1486833 	0.027142878 	 -10.395803 	-2.4236827 	-0.29053449 		-0.03 -0.17052766 -0.30581638 1200000 1
-0.02875 -30161.77 	-6177645 	39503.502 	 -37020.098 	1681034.1 	-1867.3699 	 -0.00024847145 	0.00010887275 	0.017284505 	 0.0022194361 	-0.0001816051 	-0.016242118 	 -76000.978 	-82.647544 	-3001.571 	 -4.3526688 	-3.3172141 	0.029752976 	 -10.384166 	-2.4482954 	-0.29984135 		-0.02875 -0.17466149 -0.30885666 1200000 1
-0.0275 -30615.848 	-6179213 	38136.651 	 -42925.468 	1670321 	-1699.4826 	 -0.00024752828 	0.00010691181 	0.017296855 	 0.0022179302 	-0.0001741349 	-0.016194429 	 -75912.679 	-126.40299 	-2984.6075 	 -4.3976151 	-3.4857448 	0.032363075 	 -10.372529 	-2.4729081 	-0.30914821 		-0.0275 -0.17879532 -0.31189694 1200000 1
-0.02625 -33032.105 	-6179715.6 	36969.736 	 -49782.451 	1657261.8 	-1780.4708 	 -0.00024557242 	0.00010620929 	0.017298807 	 0.0022159171 	-0.000168459 	-0.01613217 	 -75746.919 	-162.95626 	-2961.2014 	 -4.4470008 	-3.6760172 	0.034840835 	 -10.374349 	-2.5296195 	-0.32111478 		-0.02625 -0.18337585 -0.31503893 1200000 1
-0.025 -35448.361 	-6180218.2 	35802.822 	 -56639.433 	1644202.6 	-1861.459 	 -0.00024361657 	0.00010550676 	0.017300759 	 0.002213904 	-0.0001627831 	-0.016069911 	 -75581.159 	-199.50952 	-2937.7952 	 -4.4963866 	-3.8662897 	0.037318596 	 -10.376169 	-2.586331 	-0.33308134 		-0.025 -0.18795638 -0.31818092 1200000 1
-0.02375 -40717.53 	-6180660.3 	34941.535 	 -66459.967 	1628317 	-2519.7659 	 -0.00023991724 	0.00010674104 	0.017285114 	 0.0022122585 	-0.00015939655 	-0.015993944 	 -75323.544 	-238.7606 	-2905.9447 	 -4.5496116 	-4.0816939 	0.039581128 	 -10.395031 	-2.6753194 	-0.34850276 		-0.02375 -0.19304158 -0.32150476 1200000 1
-0.0225 -45986.698 	-6181102.3 	34080.248 	 -76280.501 	1612431.3 	-3178.0728 	 -0.00023621791 	0.00010797531 	0.017269469 	 0.0022106131 	-0.00015601 	-0.015917977 	 -75065.929 	-278.01168 	-2874.0941 	 -4.6028367 	-4.2970982 	0.041843661 	 -10.413893 	-2.7643078 	-0.36392418 		-0.0225 -0.19812677 -0.3248286 1200000 1
-0.02125 -54217.06 	-6183022.6 	33924.889 	 -93181.701 	1592137.5 	-5002.8847 	 -0.00023019602 	0.00011239834 	0.017226021 	 0.0022115042 	-0.00015551176 	-0.015835833 	 -74694.98 	-353.22305 	-2831.899 	 -4.6590234 	-4.5423033 	0.043700703 	 -10.454341 	-2.8863144 	-0.38382654 		-0.02125 -0.20378432 -0.32841553 1200000 1
-0.02 -62447.421 	-6184942.8 	33769.53 	 -110082.9 	1571843.7 	-6827.6965 	 -0.00022417414 	0.00011682137 	0.017182574 	 0.0022123953 	-0.00015501352 	-0.01575369 	 -74324.031 	-428.43441 	-2789.7038 	 -4.71521 	-4.7875084 	0.045557744 	 -10.494789 	-3.008321 	-0.40372891 		-0.02 -0.20944187 -0.33200246 1200000 1
-0.01875 -70674.949 	-6190093.4 	35421.529 	 -141132.51 	1543276 	-10689.547 	 -0.00021654186 	0.0001265718 	0.017102476 	 0.0022202157 	-0.00015785716 	-0.015686786 	 -73816.212 	-620.99823 	-2737.645 	 -4.773191 	-5.0691705 	0.046625523 	 -10.562665 	-3.1647471 	-0.42948706 		-0.01875 -0.21575309 -0.33593633 1200000 1
-0.0175 -78902.477 	-6195244.1 	37073.529 	 -172182.13 	1514708.4 	-14551.397 	 -0.00020890957 	0.00013632224 	0.017022378 	 0.0022280361 	-0.00016070079 	-0.015619882 	 -73308.393 	-813.56205 	-2685.5863 	 -4.8311721 	-5.3508327 	0.047693303 	 -10.630541 	-3.3211732 	-0.45524521 		-0.0175 -0.22206431 -0.3398702 1200000 1
-0.01625 -76382.077 	-6204290 	43060.199 	 -226951.83 	1469980.2 	-21349.689 	 -0.00020442301 	0.00015467097 	0.016912365 	 0.0022501857 	-0.00016660683 	-0.015612033 	 -72656.261 	-1287.9532 	-2631.8108 	 -4.8897236 	-5.6787127 	0.047246335 	 -10.733573 	-3.514308 	-0.48877528 		-0.01625 -0.22913017 -0.34423927 1200000 1
-0.015 -73861.677 	-6213336 	49046.869 	 -281721.53 	1425252 	-28147.981 	 -0.00019993645 	0.0001730197 	0.016802351 	 0.0022723353 	-0.00017251287 	-0.015604184 	 -72004.128 	-1762.3443 	-2578.0352 	 -4.9482751 	-6.0065928 	0.046799368 	 -10.836605 	-3.7074428 	-0.52230536 		-0.015 -0.23619604 -0.34860833 1200000 1
-0.01375 -34107.536 	-6222761 	64383.995 	 -367513.43 	1350447.8 	-37844.12 	 -0.00021290969 	0.00020417308 	0.016717827 	 0.0023185114 	-0.00017941962 	-0.01572373 	 -71257.467 	-2801.1201 	-2547.7496 	 -5.0069525 	-6.3951652 	0.043530798 	 -10.985719 	-3.9408154 	-0.56638252 		-0.01375 -0.24414666 -0.35350787 1200000 1
-0.0125 5646.6054 	-6232186.1 	79721.122 	 -453305.32 	1275643.5 	-47540.258 	 -0.00022588294 	0.00023532645 	0.016633303 	 0.0023646874 	-0.00018632637 	-0.015843277 	 -70510.805 	-3839.896 	-2517.464 	 -5.0656299 	-6.7837376 	0.040262229 	 -11.134833 	-4.1741881 	-0.61045968 		-0.0125 -0.25209728 -0.35840742 1200000 1
-0.01125 135207.65 	-6228672.9 	112980.11 	 -559840.21 	1149219.7 	-56700.884 	 -0.00028945816 	0.00028302846 	0.016740134 	 0.0024414325 	-0.00018901745 	-0.016156895 	 -69841.394 	-5854.8032 	-2564.3182 	 -5.1268224 	-7.2541661 	0.031925436 	 -11.34749 	-4.4525475 	-0.66921717 		-0.01125 -0.261106 -0.36394334 1200000 1
-0.01 264768.7 	-6225159.8 	146239.09 	 -666375.1 	1022795.8 	-65861.51 	 -0.00035303339 	0.00033073047 	0.016846966 	 0.0025181776 	-0.00019170853 	-0.016470513 	 -69171.983 	-7869.7105 	-2611.1723 	 -5.1880149 	-7.7245946 	0.023588643 	 -11.560147 	-4.7309068 	-0.72797466 		-0.01 -0.27011473 -0.36947927 1200000 1
-0.00875 569209.92 	-6177808.1 	209362.59 	 -729031.12 	814387.13 	-62672.968 	 -0.00053141299 	0.00039454709 	0.01751165 	 0.0026122626 	-0.00018098518 	-0.016939286 	 -68916.463 	-11387.375 	-2817.9238 	 -5.2610642 	-8.3063361 	0.006512794 	 -11.868951 	-5.0572933 	-0.80757424 		-0.00875 -0.28041749 -0.37577061 1200000 1
-0.0075 873651.14 	-6130456.5 	272486.09 	 -791687.15 	605978.46 	-59484.426 	 -0.00070979259 	0.00045836371 	0.018176333 	 0.0027063477 	-0.00017026183 	-0.017408059 	 -68660.943 	-14905.04 	-3024.6752 	 -5.3341134 	-8.8880775 	-0.010563055 	 -12.177755 	-5.3836799 	-0.88717381 		-0.0075 -0.29072025 -0.38206195 1200000 1
-0.00625 1453311.7 	-5984463.7 	376211.49 	 -617128.09 	268373.93 	-15636.001 	 -0.0011845077 	0.00052480472 	0.020415623 	 0.0027346462 	-0.00013282568 	-0.017658914 	 -70170.567 	-21397.609 	-3685.5456 	 -5.4423045 	-9.6174299 	-0.042048991 	 -12.652057 	-5.7432056 	-0.99632848 		-0.00625 -0.30263768 -0.38922981 1200000 1
-0.005 2032972.2 	-5838471 	479936.89 	 -442569.03 	-69230.611 	28212.424 	 -0.0016592229 	0.00059124574 	0.022654913 	 0.0027629447 	-9.5389529e-05 	-0.017909769 	 -71680.192 	-27890.179 	-4346.416 	 -5.5504957 	-10.346782 	-0.073534928 	 -13.126359 	-6.1027313 	-1.1054831 		-0.005 -0.31455511 -0.39639767 1200000 1
-0.00375 2910907 	-5518132.3 	626589.92 	 446172.88 	-529885.65 	167607.28 	 -0.0022905278 	0.00058066405 	0.025348982 	 0.0026242021 	-6.9924514e-05 	-0.017517082 	 -69199.202 	-35283.928 	-4898.9749 	 -5.7262387 	-11.267958 	-0.1328271 	 -13.963871 	-6.4336006 	-1.2604231 		-0.00375 -0.32867333 -0.40450859 1200000 1
-0.0025 3788841.8 	-5197793.6 	773242.94 	 1334914.8 	-990540.68 	307002.14 	 -0.0029218326 	0.00057008236 	0.028043051 	 0.0024854595 	-4.4459498e-05 	-0.017124395 	 -66718.213 	-42677.678 	-5451.5339 	 -5.9019818 	-12.189134 	-0.19211926 	 -14.801384 	-6.7644698 	-1.4153631 		-0.0025 -0.34279154 -0.41261952 1200000 1
-0.00125 4766596 	-4600273.7 	924243.08 	 3147720.1 	-1714221.3 	562028.12 	 -0.0038085517 	0.00051723123 	0.032434186 	 0.0019785283 	-1.3989132e-05 	-0.014030097 	 -63303.47 	-58462.009 	-5870.8016 	 -6.1737051 	-13.339247 	-0.27702758 	 -16.02563 	-6.9496517 	-1.605214 		-0.00125 -0.3588157 -0.42129545 1200000 1
5.2475385e-17 2831960.8 	-3959239 	534426.55 	 2337279.8 	-2463338.1 	393414.74 	 -0.0047340263 	0.00047764405 	0.037770856 	 0.0013240828 	5.4786738e-05 	-0.0092512058 	 -63879.11 	-39116.996 	-7032.6759 	 -6.2679655 	2.5008129 	-0.32281399 	 -16.544319 	5.4018906 	-1.6971743 		5.2475385e-17 -0.36556697 -0.42229906 650000 1
0.00125 399739.13 	-3660347 	70196.411 	 367101.23 	-2771150.5 	66910.912 	 -0.0050424703 	0.00041313914 	0.039717862 	 0.0010434751 	0.0001070357 	-0.0067048916 	 -63675.539 	-6817.9248 	-7707.2397 	 -5.8982415 	18.339974 	-0.27686099 	 -15.39452 	17.736944 	-1.5806824 		0.00125 -0.35256367 -0.40779073 100000 1
0.0025 351921.16 	-3582478.1 	56954.634 	 270178.29 	-2819961.5 	56227.394 	 -0.0050361374 	0.00035002298 	0.040045054 	 0.0010077851 	0.00013445463 	-0.0054956647 	 -64482.208 	-6323.7225 	-7563.0265 	 -5.3460908 	17.182269 	-0.19167538 	 -13.5408 	17.495004 	-1.3666064 		0.0025 -0.33028819 -0.38564121 100000 1
0.00375 316337.65 	-3516494.2 	46971.127 	 206213.11 	-2840839.6 	46940.342 	 -0.0050323557 	0.00028727985 	0.040262947 	 0.00097881791 	0.00014088572 	-0.004497552 	 -65108.768 	-5847.8911 	-7453.1512 	 -4.8857506 	16.237446 	-0.13155816 	 -12.097667 	17.062652 	-1.1895553 		0.00375 -0.3099449 -0.36421173 100000 1
0.005 280754.14 	-3450510.2 	36987.62 	 142247.92 	-2861717.8 	37653.29 	 -0.005028574 	0.00022453673 	0.04048084 	 0.00094985071 	0.00014731681 	-0.0034994392 	 -65735.328 	-5372.0598 	-7343.2759 	 -4.4254103 	15.292622 	-0.071440934 	 -10.654533 	16.630299 	-1.0125042 		0.005 -0.28960161 -0.34278225 100000 1
0.00625 256177.82 	-3395664.3 	30658.181 	 110049.14 	-2862593.9 	30964.24 	 -0.0050089177 	0.00016266104 	0.0402878 	 0.00093922882 	0.00013664522 	-0.0031159349 	 -64802.551 	-4919.4755 	-7195.526 	 -4.0396906 	14.516967 	-0.038391505 	 -9.6229907 	16.135261 	-0.88538405 		0.00625 -0.27154426 -0.32260797 100000 1
0.0075 231601.51 	-3340818.4 	24328.743 	 77850.359 	-2863470.1 	24275.191 	 -0.0049892614 	0.00010078535 	0.04009476 	 0.00092860693 	0.00012597364 	-0.0027324305 	 -63869.773 	-4466.8913 	-7047.7761 	 -3.6539709 	13.741312 	-0.005342075 	 -8.591448 	15.640223 	-0.75826393 		0.0075 -0.25348692 -0.30243368 100000 1
0.00875 214438.11 	-3292790.3 	20041.397 	 60095.269 	-2860168.2 	19538.014 	 -0.0049764427 	5.3618531e-05 	0.039908004 	 0.0009228752 	0.00011645082 	-0.0025371437 	 -62854.853 	-4133.2743 	-6920.7978 	 -3.3213223 	13.091591 	0.013506689 	 -7.7646603 	15.160567 	-0.66482025 		0.00875 -0.23719098 -0.28350741 100000 1
0.01 197274.7 	-3244762.1 	15754.05 	 42340.18 	-2856866.3 	14800.838 	 -0.004963624 	6.4517162e-06 	0.039721248 	 0.00091714347 	0.000106928 	-0.002341857 	 -61839.934 	-3799.6573 	-6793.8194 	 -2.9886737 	12.441869 	0.032355453 	 -6.9378726 	14.680912 	-0.57137656 		0.01 -0.22089505 -0.26458114 100000 1
0.01125 185029.93 	-3202209.7 	12844.2 	 32197.2 	-2853544.8 	11487.172 	 -0.0049526513 	-3.2404798e-05 	0.039551493 	 0.00091379456 	0.00010024692 	-0.0022166932 	 -60887.759 	-3556.8172 	-6679.263 	 -2.6896702 	11.888904 	0.042196218 	 -6.2321798 	14.242433 	-0.50218392 		0.01125 -0.20608631 -0.24680513 100000 1
0.0125 172785.15 	-3159657.2 	9934.3506 	 22054.22 	-2850223.3 	8173.5055 	 -0.0049416785 	-7.1261313e-05 	0.039381737 	 0.00091044565 	9.3565836e-05 	-0.0020915294 	 -59935.584 	-3313.9772 	-6564.7066 	 -2.3906668 	11.335938 	0.052036984 	 -5.5264869 	13.803953 	-0.43299127 		0.0125 -0.19127757 -0.22902912 100000 1
0.01375 163993.75 	-3121257.1 	7949.9077 	 16190.087 	-2847845.7 	5832.8012 	 -0.00493165 	-0.00010446759 	0.039230194 	 0.00090871164 	8.9438057e-05 	-0.0020093024 	 -59051.154 	-3137.4391 	-6459.1801 	 -2.1143638 	10.857421 	0.056286139 	 -4.8972622 	13.405172 	-0.38086399 		0.01375 -0.17774646 -0.21229525 100000 1
0.015 155202.35 	-3082857 	5965.4648 	 10325.954 	-2845468.1 	3492.0969 	 -0.0049216216 	-0.00013767386 	0.039078651 	 0.00090697763 	8.5310277e-05 	-0.0019270755 	 -58166.724 	-2960.9011 	-6353.6536 	 -1.8380607 	10.378903 	0.060535294 	 -4.2680375 	13.006392 	-0.32873671 		0.015 -0.16421536 -0.19556137 100000 1
0.01625 148978.16 	-3047521.4 	4600.7189 	 7031.1448 	-2844019.2 	1795.1702 	 -0.0049122309 	-0.00016716825 	0.038942934 	 0.00090623209 	8.3213041e-05 	-0.0018738786 	 -57338.893 	-2834.2751 	-6255.1927 	 -1.577876 	9.9585965 	0.061416846 	 -3.6897932 	12.639161 	-0.28856817 		0.01625 -0.15179921 -0.17977926 100000 1
0.0175 142753.97 	-3012185.7 	3235.973 	 3736.3358 	-2842570.4 	98.243556 	 -0.0049028403 	-0.00019666265 	0.038807218 	 0.00090548655 	8.1115805e-05 	-0.0018206818 	 -56511.061 	-2707.6491 	-6156.7317 	 -1.3176912 	9.53829 	0.062298399 	 -3.1115489 	12.27193 	-0.24839964 		0.0175 -0.13938305 -0.16399716 100000 1
0.01875 138551.6 	-2979020 	2284.7551 	 2097.7973 	-2841753.1 	-1180.9091 	 -0.0048939818 	-0.00022383603 	0.038684556 	 0.00090529086 	8.0588365e-05 	-0.0017888483 	 -55725.396 	-2620.2572 	-6063.8576 	 -1.0694438 	9.1641129 	0.061245887 	 -2.568788 	11.927255 	-0.21665183 		0.01875 -0.12795348 -0.14909944 100000 1
0.02 134349.23 	-2945854.2 	1333.5371 	 459.25871 	-2840935.8 	-2460.0618 	 -0.0048851233 	-0.00025100942 	0.038561893 	 0.00090509517 	8.0060926e-05 	-0.0017570148 	 -54939.732 	-2532.8653 	-5970.9835 	 -0.82119634 	8.7899359 	0.060193376 	 -2.0260272 	11.58258 	-0.18490402 		0.02 -0.11652391 -0.13420172 100000 1
0.02125 131831.29 	-2914094.7 	657.04583 	 -21.260732 	-2840394.6 	-3472.5759 	 -0.0048767372 	-0.00027688212 	0.038449979 	 0.00090516964 	8.0752384e-05 	-0.0017420983 	 -54181.957 	-2477.812 	-5882.3493 	 -0.58210368 	8.4525348 	0.058121602 	 -1.5087786 	11.25214 	-0.15913777 		0.02125 -0.10597864 -0.12014299 100000 1
0.0225 129313.36 	-2882335.1 	-19.445444 	 -501.78017 	-2839853.4 	-4485.09 	 -0.0048683511 	-0.00030275481 	0.038338064 	 0.00090524412 	8.1443842e-05 	-0.0017271818 	 -53424.183 	-2422.7587 	-5793.7151 	 -0.34301103 	8.1151337 	0.056049829 	 -0.99152997 	10.921699 	-0.13337151 		0.0225 -0.095433374 -0.10608425 100000 1
0.02375 128274.43 	-2851300.2 	-514.51352 	 -90.81929 	-2839238.3 	-5331.1006 	 -0.0048603735 	-0.00032810162 	0.038235222 	 0.00090542311 	8.3103066e-05 	-0.0017265207 	 -52680.977 	-2395.6414 	-5707.9956 	 -0.11115755 	7.8069549 	0.053536452 	 -0.49304569 	10.598031 	-0.11189639 		0.02375 -0.085690809 -0.092838741 100000 1
0.025 127235.49 	-2820265.4 	-1009.5816 	 320.14159 	-2838623.2 	-6177.1112 	 -0.0048523958 	-0.00035344843 	0.038132379 	 0.0009056021 	8.476229e-05 	-0.0017258596 	 -51937.772 	-2368.5241 	-5622.2762 	 0.12069593 	7.498776 	0.051023076 	 0.0054385963 	10.274363 	-0.090421278 		0.025 -0.075948243 -0.07959323 100000 1
0.02625 127557.39 	-2789322 	-1385.7881 	 1496.7992 	-2837597 	-6922.9351 	 -0.0048447483 	-0.00037888278 	0.038037531 	 0.00090579555 	8.7217868e-05 	-0.0017378264 	 -51196.807 	-2366.6104 	-5538.1467 	 0.34664671 	7.2134717 	0.04842878 	 0.4899376 	9.9506657 	-0.072053912 		0.02625 -0.066943869 -0.067152835 100000 1
0.0275 127879.29 	-2758378.6 	-1761.9946 	 2673.4568 	-2836570.9 	-7668.759 	 -0.0048371008 	-0.00040431713 	0.037942683 	 0.00090598901 	8.9673447e-05 	-0.0017497932 	 -50455.842 	-2364.6966 	-5454.0173 	 0.57259749 	6.9281674 	0.045834485 	 0.97443659 	9.6269687 	-0.053686545 		0.0275 -0.057939494 -0.054712441 100000 1
0.02875 129503.88 	-2726916.9 	-2061.0569 	 4584.6104 	-2834796.8 	-8358.422 	 -0.0048296931 	-0.0004303478 	0.037855286 	 0.00090615425 	9.2815302e-05 	-0.0017733728 	 -49705.62 	-2386.3968 	-5370.1557 	 0.7935605 	6.6602082 	0.043381975 	 1.4484783 	9.29681 	-0.037589385 		0.02875 -0.04962345 -0.043085413 100000 1
0.03 131128.47 	-2695455.2 	-2360.1191 	 6495.764 	-2833022.7 	-9048.085 	 -0.0048222854 	-0.00045637848 	0.037767889 	 0.0009063195 	9.5957157e-05 	-0.0017969525 	 -48955.397 	-2408.097 	-5286.2941 	 1.0145235 	6.392249 	0.040929466 	 1.9225201 	8.9666514 	-0.021492224 		0.03 -0.041307406 -0.031458386 100000 1
0.03125 134040.35 	-2662871.1 	-2609.4974 	 9182.0695 	-2830144.1 	-9710.7274 	 -0.0048150199 	-0.00048344919 	0.037687885 	 0.00090644168 	9.97224e-05 	-0.0018314779 	 -48185.087 	-2452.6178 	-5201.3891 	 1.2310761 	6.1366637 	0.038755085 	 2.3888056 	8.6236732 	-0.0070682993 		0.03125 -0.033642827 -0.020668785 100000 1
0.0325 136952.23 	-2630287 	-2858.8758 	 11868.375 	-2827265.4 	-10373.37 	 -0.0048077544 	-0.0005105199 	0.03760788 	 0.00090656387 	0.00010348764 	-0.0018660033 	 -47414.777 	-2497.1386 	-5116.4841 	 1.4476287 	5.8810785 	0.036580705 	 2.8550911 	8.280695 	0.0073556258 		0.0325 -0.025978249 -0.0098791836 100000 1
0.03375 141167.2 	-2595968.9 	-3076.0772 	 15433.075 	-2822882.7 	-11027.794 	 -0.0048005311 	-0.00053903784 	0.037535669 	 0.0009066428 	0.00010785067 	-0.0019109624 	 -46614.12 	-2564.2476 	-5029.2448 	 1.6600491 	5.6332749 	0.034767674 	 3.3157444 	7.9183393 	0.020530027 		0.03375 -0.018940131 3.2952725e-05 100000 1
0.035 145382.17 	-2561650.7 	-3293.2787 	 18997.775 	-2818500.1 	-11682.217 	 -0.0047933078 	-0.00056755578 	0.037463458 	 0.00090672173 	0.0001122137 	-0.0019559214 	 -45813.462 	-2631.3565 	-4942.0056 	 1.8724695 	5.3854712 	0.032954644 	 3.7763977 	7.5559836 	0.033704428 		0.035 -0.011902014 0.009945089 100000 1
0.03625 150938.69 	-2524969.2 	-3488.5898 	 23605.86 	-2812145.9 	-12339.367 	 -0.0047860285 	-0.00059791342 	0.03739991 	 0.00090676306 	0.00011718004 	-0.0020107913 	 -44972.741 	-2721.2081 	-4851.1723 	 2.0807471 	5.14111 	0.031554181 	 4.2331069 	7.1672321 	0.045920156 		0.03625 -0.0054764533 0.018922912 100000 1
0.0375 156495.21 	-2488287.6 	-3683.9009 	 28213.945 	-2805791.8 	-12996.517 	 -0.0047787491 	-0.00062827107 	0.037336361 	 0.00090680439 	0.00012214639 	-0.0020656611 	 -44132.02 	-2811.0597 	-4760.3391 	 2.2890248 	4.8967488 	0.030153719 	 4.689816 	6.7784806 	0.058135885 		0.0375 0.00094910715 0.027900734 100000 1
0.03875 163447.23 	-2448588.6 	-3861.9726 	 34097.455 	-2796902.7 	-13660.319 	 -0.0047713206 	-0.00066086386 	0.037282841 	 0.00090681153 	0.00012774918 	-0.0021297384 	 -43242.126 	-2924.0565 	-4664.6999 	 2.4928504 	4.651656 	0.029197611 	 5.1438968 	6.3555951 	0.069570636 		0.03875 0.0067654186 0.035869113 100000 1
0.04 170399.25 	-2408889.6 	-4040.0442 	 39980.966 	-2788013.7 	-14324.12 	 -0.0047638922 	-0.00069345666 	0.03722932 	 0.00090681868 	0.00013335197 	-0.0021938158 	 -42352.232 	-3037.0534 	-4569.0607 	 2.6966759 	4.4065632 	0.028241503 	 5.5979776 	5.9327095 	0.081005388 		0.04 0.01258173 0.043837492 100000 1
0.04125 178809.14 	-2365490 	-4200.6285 	 47449.748 	-2775897.9 	-14990.819 	 -0.0047562304 	-0.0007286985 	0.037187742 	 0.00090678365 	0.00013965052 	-0.0022660186 	 -41404.812 	-3173.7226 	-4467.4774 	 2.8954155 	4.1566707 	0.027748675 	 6.050375 	5.4669547 	0.091725499 		0.04125 0.017781826 0.050700887 100000 1
0.0425 187219.03 	-2322090.4 	-4361.2127 	 54918.53 	-2763782.2 	-15657.518 	 -0.0047485687 	-0.00076394035 	0.037146163 	 0.00090674862 	0.00014594908 	-0.0023382214 	 -40457.392 	-3310.3918 	-4365.894 	 3.094155 	3.9067783 	0.027255846 	 6.5027723 	5.0011998 	0.10244561 		0.0425 0.022981923 0.057564282 100000 1
0.04375 197149.45 	-2274277.2 	-4499.2361 	 64377.02 	-2747580.5 	-16313.411 	 -0.0047406031 	-0.00080227843 	0.037119058 	 0.00090663902 	0.0001530289 	-0.0024168362 	 -39445.094 	-3471.2657 	-4257.3418 	 3.2868118 	3.6480901 	0.027234356 	 6.9539958 	4.4825258 	0.11238973 		0.04375 0.027548772 0.063203887 100000 1
0.045 207079.87 	-2226464 	-4637.2596 	 73835.509 	-2731378.9 	-16969.303 	 -0.0047326375 	-0.00084061652 	0.037091953 	 0.00090652942 	0.00016010872 	-0.002495451 	 -38432.795 	-3632.1396 	-4148.7896 	 3.4794687 	3.3894018 	0.027212867 	 7.4052193 	3.9638517 	0.12233385 		0.045 0.032115622 0.068843491 100000 1
0.04625 218583.37 	-2173497.8 	-4742.3273 	 85807.343 	-2710016.5 	-17586.396 	 -0.0047243173 	-0.00088254684 	0.037082556 	 0.00090626805 	0.0001680818 	-0.0025777919 	 -37349.61 	-3817.6356 	-4032.4158 	 3.6646344 	3.1179842 	0.02765783 	 7.8551998 	3.3805137 	0.13127478 		0.04625 0.036022277 0.073113516 100000 1
0.0475 230086.86 	-2120531.6 	-4847.395 	 97779.177 	-2688654.1 	-18203.489 	 -0.004715997 	-0.00092447716 	0.037073158 	 0.00090600667 	0.00017605488 	-0.0026601329 	 -36266.424 	-4003.1315 	-3916.0419 	 3.8498001 	2.8465667 	0.028102793 	 8.3051803 	2.7971757 	0.14021572 		0.0475 0.039928932 0.077383541 100000 1
0.04875 243191.48 	-2061655.8 	-4902.8089 	 112942.76 	-2660780.4 	-18732.247 	 -0.0047072996 	-0.00097056209 	0.0370855 	 0.00090543836 	0.0001850589 	-0.0027420654 	 -35108.125 	-4213.4323 	-3791.2466 	 4.0255985 	2.5585659 	0.028990325 	 8.753015 	2.1352628 	0.14769261 		0.04875 0.043138694 0.080106455 100000 1
0.05 256296.09 	-2002780 	-4958.2227 	 128106.34 	-2632906.6 	-19261.005 	 -0.0046986023 	-0.001016647 	0.037097842 	 0.00090487004 	0.00019406291 	-0.0028239979 	 -33949.825 	-4423.7331 	-3666.4514 	 4.201397 	2.2705652 	0.029877856 	 9.2008497 	1.4733498 	0.15516951 		0.05 0.046348455 0.082829369 100000 1
0.05125 270984.65 	-1937238.4 	-4939.6274 	 147346.59 	-2596818.6 	-19618.748 	 -0.0046895458 	-0.0010675366 	0.037136848 	 0.00090370751 	0.00020425611 	-0.002899257 	 -32714.461 	-4658.6875 	-3532.9943 	 4.3654251 	1.9622545 	0.031154767 	 9.644384 	0.71618552 	0.1603769 		0.05125 0.048815107 0.08378983 100000 1
0.0525 285673.2 	-1871696.9 	-4921.0322 	 166586.84 	-2560730.6 	-19976.491 	 -0.0046804894 	-0.0011184262 	0.037175854 	 0.00090254498 	0.00021444931 	-0.002974516 	 -31479.097 	-4893.6419 	-3399.5371 	 4.5294532 	1.6539438 	0.032431678 	 10.087918 	-0.040978794 	0.16558428 		0.0525 0.051281758 0.08475029 100000 1
0.05375 301852.72 	-1798763.1 	-4794.925 	 191072.42 	-2514274.3 	-20029.242 	 -0.0046711477 	-0.0011748852 	0.037247424 	 0.00090028014 	0.00022599521 	-0.0030337114 	 -30167.468 	-5152.7386 	-3257.6656 	 4.6787276 	1.3218054 	0.034000437 	 10.523066 	-0.91361664 	0.16719685 		0.05375 0.052949966 0.083687383 100000 1
0.055 318032.24 	-1725829.3 	-4668.8178 	 215557.99 	-2467818.1 	-20081.992 	 -0.0046618061 	-0.0012313441 	0.037318993 	 0.0008980153 	0.00023754111 	-0.0030929068 	 -28855.839 	-5411.8352 	-3115.794 	 4.8280019 	0.9896669 	0.035569195 	 10.958215 	-1.7862545 	0.16880942 		0.055 0.054618174 0.082624475 100000 1
0.05625 335487.58 	-1644852.4 	-4391.4396 	 246860.88 	-2408260.9 	-19616.478 	 -0.0046523279 	-0.0012942872 	0.037430037 	 0.00089377428 	0.00025057148 	-0.0031220456 	 -27471.72 	-5694.3829 	-2966.3768 	 4.9589256 	0.63051351 	0.037267606 	 11.377844 	-2.7991606 	0.16471091 		0.05625 0.055424133 0.079221746 100000 1
0.0575 352942.93 	-1563875.5 	-4114.0615 	 278163.77 	-2348703.8 	-19150.965 	 -0.0046428497 	-0.0013572302 	0.037541081 	 0.00088953327 	0.00026360185 	-0.0031511844 	 -26087.6 	-5976.9307 	-2816.9596 	 5.0898493 	0.27136012 	0.038966018 	 11.797474 	-3.8120668 	0.1606124 		0.0575 0.056230093 0.075819018 100000 1
0.05875 371264.98 	-1474350.3 	-3631.7814 	 318453.92 	-2272570.4 	-17832.07 	 -0.0046334781 	-0.0014277686 	0.037699452 	 0.0008818399 	0.00027813534 	-0.0031294307 	 -24637.221 	-6282.7638 	-2661.5742 	 5.198231 	-0.1175041 	0.040541451 	 12.189513 	-4.995942 	0.14748289 		0.05875 0.056102533 0.069691579 100000 1
0.06 389587.03 	-1384825.2 	-3149.5013 	 358744.07 	-2196436.9 	-16513.176 	 -0.0046241064 	-0.0014983071 	0.037857823 	 0.00087414653 	0.00029266883 	-0.003107677 	 -23186.842 	-6588.597 	-2506.1888 	 5.3066127 	-0.50636832 	0.042116885 	 12.581552 	-6.1798173 	0.13435338 		0.06 0.055974974 0.063564141 100000 1
0.06125 408057.89 	-1286498.2 	-2402.9662 	 411123.73 	-2099314.4 	-13820.843 	 -0.004615193 	-0.0015778098 	0.038072025 	 0.0008605372 	0.00030844236 	-0.0030038816 	 -21676.533 	-6920.0777 	-2347.0331 	 5.3878007 	-0.92696496 	0.043195651 	 12.925644 	-7.5728595 	0.10705701 		0.06125 0.054836613 0.054242036 100000 1
0.0625 426528.75 	-1188171.2 	-1656.431 	 463503.39 	-2002191.9 	-11128.51 	 -0.0046062797 	-0.0016573125 	0.038286227 	 0.00084692786 	0.00032421589 	-0.0029000862 	 -20166.223 	-7251.5584 	-2187.8775 	 5.4689887 	-1.3475616 	0.044274417 	 13.269735 	-8.9659018 	0.079760634 		0.0625 0.053698251 0.044919931 100000 1
0.06375 443931.75 	-1081196.8 	-592.96081 	 532616.88 	-1878561.7 	-6268.6706 	 -0.004598279 	-0.0017474815 	0.038564651 	 0.00082332702 	0.00034034855 	-0.0026672839 	 -18595.833 	-7618.8175 	-2027.2053 	 5.5182486 	-1.8010854 	0.044328393 	 13.531043 	-10.61507 	0.030481188 		0.06375 0.051467709 0.031827281 100000 1
0.065 461334.74 	-974222.35 	470.50937 	 601730.37 	-1754931.5 	-1408.8318 	 -0.0045902783 	-0.0018376505 	0.038843075 	 0.00079972619 	0.00035648122 	-0.0024344816 	 -17025.442 	-7986.0766 	-1866.5331 	 5.5675085 	-2.2546092 	0.044382368 	 13.79235 	-12.264239 	-0.018798259 		0.065 0.049237166 0.018734632 100000 1
0.06625 475625.95 	-859396.65 	1867.8368 	 694945.96 	-1598323.2 	6798.6364 	 -0.0045836919 	-0.001940603 	0.039192129 	 0.00075944594 	0.00037083466 	-0.0020010444 	 -15372.734 	-8420.5542 	-1704.9604 	 5.5809138 	-2.7414111 	0.042696506 	 13.909439 	-14.223265 	-0.10164351 		0.06625 0.045831186 0.0011666833 100000 1
0.0675 489917.15 	-744570.95 	3265.1642 	 788161.56 	-1441714.9 	15006.105 	 -0.0045771054 	-0.0020435554 	0.039541183 	 0.00071916569 	0.0003851881 	-0.0015676071 	 -13720.025 	-8855.0318 	-1543.3878 	 5.5943192 	-3.228213 	0.041010644 	 14.026529 	-16.18229 	-0.18448876 		0.0675 0.042425205 -0.016401265 100000 1
0.06875 497635.22 	-623698.25 	4916.9737 	 918023.74 	-1246517.4 	28226.128 	 -0.0045715986 	-0.0021706075 	0.040050004 	 0.00064136411 	0.00039232395 	-0.00065563663 	 -11992.849 	-9574.9807 	-1382.6678 	 5.5706617 	-3.7478532 	0.036654023 	 13.886159 	-18.493147 	-0.3171981 		0.06875 0.037760653 -0.039289043 100000 1
0.07 505353.28 	-502825.54 	6568.7832 	 1047885.9 	-1051320 	41446.151 	 -0.0045660918 	-0.0022976596 	0.040558825 	 0.00056356254 	0.00039945981 	0.00025633382 	 -10265.672 	-10294.93 	-1221.9477 	 5.5470042 	-4.2674933 	0.032297402 	 13.74579 	-20.804003 	-0.44990745 		0.07 0.033096101 -0.062176821 100000 1
0.07125 499427.47 	-379076.26 	8299.078 	 1235642.5 	-813027.67 	62732.615 	 -0.0045502118 	-0.0024329559 	0.040998252 	 0.00046481262 	0.00039386791 	0.0013055566 	 -8097.0899 	-11100.331 	-1026.1344 	 5.5086598 	-4.8303416 	0.023407621 	 13.146664 	-23.48743 	-0.66256906 		0.07125 0.02700257 -0.09173366 100000 1
0.0725 493501.65 	-255326.99 	10029.373 	 1423399.1 	-574735.36 	84019.08 	 -0.0045343319 	-0.0025682521 	0.041437678 	 0.0003660627 	0.00038827601 	0.0023547794 	 -5928.508 	-11905.732 	-830.32106 	 5.4703153 	-5.3931899 	0.01451784 	 12.547538 	-26.170858 	-0.87523067 		0.0725 0.020909039 -0.1212905 100000 1
0.07375 471562.89 	-128158.4 	11426.338 	 1671458.9 	-297445.61 	112217.94 	 -0.0045203083 	-0.0027133707 	0.041826944 	 0.00022839923 	0.00036227892 	0.0037555305 	 -3162.6796 	-13080.833 	-588.56865 	 5.4286754 	-6.0201774 	0.0014769231 	 11.440786 	-29.194007 	-1.1560714 		0.07375 0.013717305 -0.15619695 100000 1
0.075 431813.79 	-34351.879 	11190.278 	 1881400 	-160026.68 	127365.17 	 -0.0045195349 	-0.0027952799 	0.042092826 	 0.00013703175 	0.00034264962 	0.0047413156 	 -1108.4408 	-13568.584 	-349.34205 	 5.404385 	-6.3522426 	-0.0056509117 	 10.780145 	-30.780619 	-1.3054259 		0.075 0.0057770016 -0.19467272 100000 1
