# y jRe_x jRe_y jRe_z jIm_x jIm_y jIm_z BRe_x BRe_y BRe_z BIm_x BIm_y BIm_z F_x F_y F_z VReGrad_x VReGrad_y VReGrad_z VImGrad_x VImGrad_y VImGrad_z s VRe VIm sigma mur
-0.075 -1808141 	-262.52468 	59.142724 	 -4452045.1 	-141.27324 	207.50277 	 1.3041038e-06 	0.0089902697 	0.03873973 	 1.0752738e-06 	0.011742 	0.0053029337 	 -6.938044 	46827.814 	-34265.405 	 0.16897822 	2.14491e-05 	-4.1119192e-05 	 0.35703231 	2.75469e-05 	-0.00017393516 		-0.075 -8.1697664e-06 -3.0617074e-05 1200000 1
-0.07375 -1901568 	0.0120935 	-0.1382774 	 -4117332.6 	-0.130905 	-0.131904 	 6.41135e-09 	0.0091027369 	0.038114025 	 6.57575e-09 	0.011291078 	0.0039667307 	 0.0012068 	44557.517 	-31872.527 	 0.1541101 	8.28165e-06 	1.075365e-07 	 0.29554652 	-7.28255e-06 	3.655695e-07 		-0.07375 -2.9733895e-08 1.147843e-06 1200000 1
-0.0725 -1926835.5 	0.196545 	-0.08427265 	 -3775504.4 	0.3012 	-0.2557055 	 7.08175e-09 	0.0099753158 	0.036114404 	 6.53215e-09 	0.012176348 	0.00058517503 	 0.0052007 	36024.474 	-32591.702 	 0.1256616 	8.2942e-06 	5.34985e-08 	 0.17940854 	-7.8537e-06 	4.781185e-07 		-0.0725 -1.9335776e-08 1.1384946e-06 1200000 1
-0.07125 -1929102.2 	0.422545 	-0.03221475 	 -3456058 	0.66619 	-0.35501395 	 7.657e-09 	0.010568122 	0.03421254 	 6.3767e-09 	0.012559667 	-0.002140149 	 0.0087292 	29398.648 	-31912.025 	 0.098859242 	8.2643e-06 	1.7285e-09 	 0.068197676 	-8.374e-06 	5.6971715e-07 		-0.07125 -8.9992197e-09 1.1282118e-06 1200000 1
-0.07 -1912588.4 	0.53259 	-0.01562425 	 -3158297.7 	0.520945 	-0.36427695 	 8.485e-09 	0.010939408 	0.032363835 	 6.2784e-09 	0.012543578 	-0.0044822151 	 0.009835 	23964.574 	-30293.932 	 0.073801831 	8.3228e-06 	-1.9351e-08 	 -0.038042359 	-8.47405e-06 	5.8586315e-07 		-0.07 1.3231369e-09 1.1175612e-06 1200000 1
-0.06875 -1880896.2 	0.603715 	-0.0123867 	 -2881151.9 	0.29929 	-0.404129 	 9.395e-09 	0.01117766 	0.030591317 	 6.1879e-09 	0.012330616 	-0.0064839241 	 0.0107245 	19498.736 	-28302.795 	 0.050477723 	8.40815e-06 	-2.83615e-08 	 -0.13944196 	-8.5152e-06 	6.2710195e-07 		-0.06875 1.1806047e-08 1.1070294e-06 1200000 1
-0.0675 -1836731.7 	0.7689 	-0.02531605 	 -2623819.5 	0.4146 	-0.414651 	 1.03235e-08 	0.011259215 	0.028890624 	 5.9539e-09 	0.011932962 	-0.0081955115 	 0.0118185 	15849.691 	-26029.496 	 0.028862063 	8.41191e-06 	-2.29725e-08 	 -0.2361275 	-8.8441e-06 	6.4354145e-07 		-0.0675 2.2342305e-08 1.096276e-06 1200000 1
-0.06625 -1782528.1 	0.9462 	-0.0360049 	 -2385304 	0.54335 	-0.4134425 	 1.12815e-08 	0.01124916 	0.027267275 	 5.7105e-09 	0.011446301 	-0.0096715998 	 0.0126975 	12818.593 	-23708.256 	 0.0089076345 	8.405845e-06 	-1.8595e-08 	 -0.3281982 	-9.18985e-06 	6.49845e-07 		-0.06625 3.283442e-08 1.0849188e-06 1200000 1
-0.065 -1720212.3 	1.05395 	-0.03340045 	 -2164776.5 	0.36465 	-0.4271245 	 1.22665e-08 	0.011124153 	0.025723906 	 5.5915e-09 	0.010872548 	-0.010930522 	 0.0140485 	10345.872 	-21373.129 	 -0.0094404399 	8.45508e-06 	-2.4436e-08 	 -0.41577186 	-9.28135e-06 	6.681565e-07 		-0.065 4.33556e-08 1.0733012e-06 1200000 1
-0.06375 -1651532.7 	1.144 	-0.02851275 	 -1961220.5 	0.15025 	-0.4421885 	 1.32315e-08 	0.0109327 	0.024262444 	 5.407e-09 	0.010262145 	-0.012013266 	 0.015346 	8292.1838 	-19121.483 	 -0.026246241 	8.511625e-06 	-3.1445e-08 	 -0.49896862 	-9.3451e-06 	6.871745e-07 		-0.06375 5.3971246e-08 1.0617174e-06 1200000 1
-0.0625 -1577928.5 	1.278 	-0.03618715 	 -1773748.6 	0.1905 	-0.440779 	 1.4163e-08 	0.010658129 	0.022886297 	 5.003e-09 	0.0096212748 	-0.012927668 	 0.015609 	6629.5552 	-16977.573 	 -0.041578154 	8.52711e-06 	-2.7496e-08 	 -0.57792758 	-9.62515e-06 	6.92142e-07 		-0.0625 6.4634079e-08 1.0499402e-06 1200000 1
-0.06125 -1500657.5 	1.4234 	-0.04735295 	 -1601348.7 	0.2673 	-0.4305175 	 1.51175e-08 	0.010335996 	0.021592712 	 4.622e-09 	0.0089732471 	-0.013708779 	 0.0156055 	5252.6102 	-14968.725 	 -0.055508846 	8.53569e-06 	-2.01995e-08 	 -0.6527967 	-9.9391e-06 	6.89493e-07 		-0.06125 7.528851e-08 1.0376559e-06 1200000 1
-0.06 -1420783.4 	1.5357 	-0.0461423 	 -1443111.6 	0.11925 	-0.434667 	 1.6086e-08 	0.0099554468 	0.020385217 	 4.442e-09 	0.0083276683 	-0.014359468 	 0.016818 	4148.5591 	-13114.565 	 -0.068112643 	8.57171e-06 	-2.274355e-08 	 -0.72374141 	-1.00661e-05 	6.98515e-07 		-0.06 8.5972839e-08 1.0250946e-06 1200000 1
-0.05875 -1339189.7 	1.63255 	-0.03732855 	 -1298055.7 	-0.0787 	-0.449392 	 1.7014e-08 	0.0095419108 	0.019257586 	 4.1895e-09 	0.0076916332 	-0.014910081 	 0.01820015 	3237.4652 	-11407.816 	 -0.079465806 	8.613845e-06 	-3.128605e-08 	 -0.79093781 	-1.01519e-05 	7.1596e-07 		-0.05875 9.6717416e-08 1.0124947e-06 1200000 1
-0.0575 -1256640 	1.74565 	-0.04055295 	 -1165286 	-0.096 	-0.4568115 	 1.79015e-08 	0.0090889895 	0.018213515 	 3.688e-09 	0.0070764045 	-0.01536053 	 0.01839685 	2514.888 	-9864.4945 	 -0.089645585 	8.63782e-06 	-2.96513e-08 	 -0.85457386 	-1.03907e-05 	7.270675e-07 		-0.0575 1.0750697e-07 9.9971678e-07 1200000 1
-0.05625 -1173728 	1.8708 	-0.05108025 	 -1043878.4 	-0.05925 	-0.452859 	 1.8819e-08 	0.0086142421 	0.017244468 	 3.2155e-09 	0.0064795601 	-0.015736996 	 0.0182065 	1920.64 	-8461.7825 	 -0.098730182 	8.65393e-06 	-2.172585e-08 	 -0.91484421 	-1.067625e-05 	7.28535e-07 		-0.05625 1.183115e-07 9.8651736e-07 1200000 1
-0.055 -1090977 	1.98245 	-0.04822235 	 -932977.32 	-0.17185 	-0.4560515 	 1.9751e-08 	0.0081144825 	0.016354495 	 2.9645e-09 	0.0059126545 	-0.016037594 	 0.01912845 	1454.8917 	-7212.6637 	 -0.10679761 	8.682775e-06 	-2.463785e-08 	 -0.97195309 	-1.08363e-05 	7.3567e-07 		-0.055 1.2914156e-07 9.730274e-07 1200000 1
-0.05375 -1008756.9 	2.07415 	-0.03475435 	 -831725.31 	-0.3335 	-0.473275 	 2.06375e-08 	0.0076012451 	0.015533625 	 2.677e-09 	0.0053680361 	-0.016284737 	 0.02024885 	1072.8333 	-6088.9746 	 -0.11392632 	8.724225e-06 	-3.61775e-08 	 -1.0261102 	-1.09553e-05 	7.54148e-07 		-0.05375 1.4001841e-07 9.5942891e-07 1200000 1
-0.0525 -927400.18 	2.16345 	-0.03513925 	 -739322.43 	-0.35785 	-0.478356 	 2.1487e-08 	0.0070735499 	0.014786312 	 2.176e-09 	0.0048566276 	-0.016475311 	 0.02022725 	777.02493 	-5101.2539 	 -0.12019468 	8.763675e-06 	-3.608307e-08 	 -1.0775293 	-1.11902e-05 	7.62334e-07 		-0.0525 1.5095207e-07 9.4564039e-07 1200000 1
-0.05125 -847105.51 	2.2674 	-0.04604775 	 -654988.03 	-0.3231 	-0.4646735 	 2.2366e-08 	0.0065384291 	0.014101835 	 1.701e-09 	0.0043682417 	-0.01662841 	 0.0197835 	534.46352 	-4221.2534 	 -0.12568141 	8.792105e-06 	-2.70378e-08 	 -1.1264253 	-1.14743e-05 	7.548085e-07 		-0.05125 1.619275e-07 9.3145336e-07 1200000 1
-0.05 -768055.87 	2.37025 	-0.043638505 	 -577984.64 	-0.42025 	-0.4586105 	 2.32535e-08 	0.0059963008 	0.013485144 	 1.4275e-09 	0.0039126121 	-0.016740209 	 0.0205409 	348.68971 	-3457.6576 	 -0.13046454 	8.823025e-06 	-2.882523e-08 	 -1.1730168 	-1.164625e-05 	7.5340705e-07 		-0.05 1.7293255e-07 9.169568e-07 1200000 1
-0.04875 -690320.88 	2.4585 	-0.030145655 	 -507602.86 	-0.582 	-0.471497 	 2.40945e-08 	0.0054509345 	0.012925232 	 1.1325e-09 	0.0034787816 	-0.016826886 	 0.02173934 	195.75199 	-2784.6204 	 -0.13462226 	8.864665e-06 	-3.971525e-08 	 -1.2175228 	-1.17638e-05 	7.6748555e-07 		-0.04875 1.8398523e-07 9.0234121e-07 1200000 1
-0.0475 -613967.78 	2.54815 	-0.029241595 	 -443169.34 	-0.6212 	-0.4741305 	 2.49105e-08 	0.0049035389 	0.012427524 	 6.27e-10 	0.0030749587 	-0.016884067 	 0.0219043 	79.309665 	-2209.5258 	 -0.13823259 	8.90237e-06 	-4.008975e-08 	 -1.2601618 	-1.198395e-05 	7.7285075e-07 		-0.0475 1.9509412e-07 8.8754959e-07 1200000 1
-0.04625 -538971.14 	2.64865 	-0.03904137 	 -384045.61 	-0.59565 	-0.4555085 	 2.5763e-08 	0.0043556241 	0.011981077 	 1.38e-10 	0.0026904786 	-0.016925458 	 0.02157251 	-17.764486 	-1709.8893 	 -0.14137377 	8.93123e-06 	-3.14069e-08 	 -1.3011501 	-1.225705e-05 	7.6043025e-07 		-0.04625 2.0624102e-07 8.7238247e-07 1200000 1
-0.045 -465310.53 	2.74015 	-0.036412425 	 -329617.83 	-0.6911 	-0.4463355 	 2.6636e-08 	0.0038087262 	0.011591848 	 -1.53e-10 	0.0023318651 	-0.016946404 	 0.02235566 	-92.242657 	-1292.2876 	 -0.14412347 	8.969715e-06 	-3.28744e-08 	 -1.3407041 	-1.242645e-05 	7.556912e-07 		-0.045 2.1742224e-07 8.5690632e-07 1200000 1
-0.04375 -392891.91 	2.82035 	-0.023022415 	 -279304.84 	-0.8538 	-0.4573365 	 2.7473e-08 	0.003262887 	0.011249165 	 -4.45e-10 	0.0019894445 	-0.016958496 	 0.02366869 	-156.05474 	-937.73148 	 -0.14655957 	9.01824e-06 	-4.3252e-08 	 -1.3790388 	-1.253855e-05 	7.674562e-07 		-0.04375 2.2866577e-07 8.4131564e-07 1200000 1
-0.0425 -321629.89 	2.9131 	-0.021901145 	 -232545.88 	-0.9031 	-0.459141 	 2.8295e-08 	0.0027196587 	0.010959478 	 -9.28e-10 	0.0016679717 	-0.016956757 	 0.02407701 	-206.7452 	-652.42869 	 -0.14875998 	9.054525e-06 	-4.34588e-08 	 -1.4163665 	-1.27455e-05 	7.713873e-07 		-0.0425 2.3996836e-07 8.2556143e-07 1200000 1
-0.04125 -251383.73 	3.01365 	-0.031157443 	 -188811.61 	-0.8859 	-0.441147 	 2.9155e-08 	0.0021782327 	0.010712548 	 -1.4035e-09 	0.0013591297 	-0.01695105 	 0.02396621 	-252.35059 	-420.61407 	 -0.15080302 	9.0836625e-06 	-3.49572e-08 	 -1.4528961 	-1.300595e-05 	7.587738e-07 		-0.04125 2.5130224e-07 8.0945422e-07 1200000 1
-0.04 -182021.89 	3.0962 	-0.028751963 	 -147583.86 	-0.9743 	-0.433359 	 3.0029e-08 	0.0016399684 	0.010515362 	 -1.6705e-09 	0.0010658999 	-0.01693619 	 0.02482298 	-291.42177 	-248.51497 	 -0.15276675 	9.129788e-06 	-3.60561e-08 	 -1.4888355 	-1.31745e-05 	7.544888e-07 		-0.04 2.6267739e-07 7.9304649e-07 1200000 1
-0.03875 -113373.92 	3.1685 	-0.015620666 	 -108367.92 	-1.12855 	-0.443224 	 3.0864e-08 	0.0011036677 	0.010358183 	 -1.922e-09 	0.00078157043 	-0.016920598 	 0.02623025 	-328.9891 	-123.1359 	 -0.1547296 	9.1871005e-06 	-4.61215e-08 	 -1.5243913 	-1.32865e-05 	7.646253e-07 		-0.03875 2.7412654e-07 7.7651773e-07 1200000 1
-0.0375 -45277.697 	3.25315 	-0.015472616 	 -70677.94 	-1.18445 	-0.4443605 	 3.1672e-08 	0.00057041246 	0.010248504 	 -2.3425e-09 	0.00050735615 	-0.016898709 	 0.02685605 	-364.80146 	-51.080805 	 -0.15677053 	9.233105e-06 	-4.5515e-08 	 -1.5597668 	-1.347975e-05 	7.6737515e-07 		-0.0375 2.8564518e-07 7.5983094e-07 1200000 1
-0.03625 22451.897 	3.34055 	-0.026699614 	 -34046.497 	-1.17 	-0.4280535 	 3.25005e-08 	3.894795e-05 	0.010177143 	 -2.7675e-09 	0.00023823121 	-0.016877803 	 0.02692235 	-401.60838 	-21.618158 	 -0.15896909 	9.27505e-06 	-3.5462e-08 	 -1.5951623 	-1.372805e-05 	7.5559265e-07 		-0.03625 2.9720887e-07 7.4282716e-07 1200000 1
-0.035 89993.922 	3.4123 	-0.027288264 	 1992.9903 	-1.2481 	-0.4234035 	 3.33465e-08 	-0.00048992211 	0.010152147 	 -2.963e-09 	-2.6302753e-05 	-0.01685195 	 0.0278723 	-440.54829 	-42.060401 	 -0.1614051 	9.33264e-06 	-3.4244e-08 	 -1.6307773 	-1.38943e-05 	7.533929e-07 		-0.035 3.088342e-07 7.2552336e-07 1200000 1
-0.03375 157535.77 	3.4792 	-0.017183383 	 37898.703 	-1.3911 	-0.4352065 	 3.4166e-08 	-0.0010172966 	0.01016489 	 -3.1075e-09 	-0.00028951135 	-0.016827487 	 0.02941585 	-482.538 	-103.44041 	 -0.16415904 	9.3988e-06 	-4.2029e-08 	 -1.6668105 	-1.40046e-05 	7.646314e-07 		-0.03375 3.2054438e-07 7.0808853e-07 1200000 1
-0.0325 225261.01 	3.5585 	-0.020375333 	 74129.643 	-1.434 	-0.440097 	 3.49775e-08 	-0.0015425318 	0.010223936 	 -3.3915e-09 	-0.00055355374 	-0.016797846 	 0.0301748 	-530.35492 	-214.09222 	 -0.16731244 	9.45426e-06 	-3.8918e-08 	 -1.7034579 	-1.41969e-05 	7.699769e-07 		-0.0325 3.3233095e-07 6.9050868e-07 1200000 1
-0.03125 293346.75 	3.6443 	-0.03516515 	 111142.05 	-1.39955 	-0.4305585 	 3.58265e-08 	-0.0020664603 	0.010321225 	 -3.6875e-09 	-0.00081995668 	-0.016768636 	 0.03034275 	-583.48665 	-366.34749 	 -0.17094779 	9.502045e-06 	-2.61835e-08 	 -1.7409129 	-1.44491e-05 	7.632899e-07 		-0.03125 3.4417652e-07 6.7259382e-07 1200000 1
-0.03 361968.58 	3.7248 	-0.03805325 	 149400.93 	-1.4542 	-0.4317415 	 3.67155e-08 	-0.0025883905 	0.010465871 	 -3.7345e-09 	-0.0010924271 	-0.016732586 	 0.0314297 	-646.672 	-569.844 	 -0.17514841 	9.55729e-06 	-2.3292e-08 	 -1.7793689 	-1.4622e-05 	7.653646e-07 		-0.03 3.5608459e-07 6.5438395e-07 1200000 1
-0.02875 431281.34 	3.8053 	-0.029804345 	 189377.76 	-1.56935 	-0.449492 	 3.75845e-08 	-0.0031088824 	0.010650359 	 -3.695e-09 	-0.0013707436 	-0.016694674 	 0.03311885 	-718.20244 	-817.78666 	 -0.17999868 	9.61884e-06 	-2.96805e-08 	 -1.8190187 	-1.47424e-05 	7.808996e-07 		-0.02875 3.6807016e-07 6.3605403e-07 1200000 1
-0.0275 501439.43 	3.8946 	-0.033414395 	 231555.06 	-1.57045 	-0.4577145 	 3.84345e-08 	-0.0036268511 	0.010884278 	 -3.7795e-09 	-0.0016600133 	-0.01664658 	 0.03391888 	-805.23974 	-1121.3382 	 -0.18558458 	9.673665e-06 	-2.62335e-08 	 -1.8600522 	-1.495535e-05 	7.882687e-07 		-0.0275 3.8013224e-07 6.1752909e-07 1200000 1
-0.02625 572561.33 	3.9885 	-0.04764794 	 276425.25 	-1.4855 	-0.447005 	 3.93095e-08 	-0.0041426767 	0.01116066 	 -3.8935e-09 	-0.0019583338 	-0.016592766 	 0.03407794 	-905.16164 	-1474.1826 	 -0.19199347 	9.721165e-06 	-1.3818e-08 	 -1.9026574 	-1.52337e-05 	7.797462e-07 		-0.02625 3.9225433e-07 5.9864913e-07 1200000 1
-0.025 644764.87 	4.0799 	-0.04860589 	 324500.88 	-1.49575 	-0.4430265 	 4.02145e-08 	-0.0046544131 	0.011489552 	 -3.7505e-09 	-0.0022719377 	-0.016523719 	 0.03525193 	-1028.159 	-1889.1017 	 -0.19931409 	9.774015e-06 	-1.2236e-08 	 -1.9470213 	-1.542575e-05 	7.7657125e-07 		-0.025 4.0443594e-07 5.7942414e-07 1200000 1
-0.02375 718116.79 	4.1694 	-0.03845095 	 376309.85 	-1.5712 	-0.4551065 	 4.10915e-08 	-0.0051624639 	0.01186451 	 -3.486e-09 	-0.0025972895 	-0.016443376 	 0.03708098 	-1170.9083 	-2359.893 	 -0.20763663 	9.836945e-06 	-1.97955e-08 	 -1.9933299 	-1.5561e-05 	7.8635575e-07 		-0.02375 4.1668856e-07 5.600641e-07 1200000 1
-0.0225 792680.13 	4.25925 	-0.0402686 	 432404.51 	-1.53395 	-0.4548425 	 4.1936e-08 	-0.005663369 	0.012295877 	 -3.3195e-09 	-0.0029413351 	-0.016340618 	 0.03804985 	-1347.4591 	-2900.8015 	 -0.2170534 	9.90022e-06 	-1.7361e-08 	 -2.0417653 	-1.578715e-05 	7.8555585e-07 		-0.0225 4.290277e-07 5.4052402e-07 1200000 1
-0.02125 868450.5 	4.35085 	-0.05206785 	 493350.44 	-1.41845 	-0.440703 	 4.28165e-08 	-0.0061578785 	0.012777742 	 -3.193e-09 	-0.0032990555 	-0.016218843 	 0.038468135 	-1554.1521 	-3505.3854 	 -0.2276584 	9.956725e-06 	-6.5088e-09 	 -2.0925061 	-1.607075e-05 	7.7298435e-07 		-0.02125 4.4144184e-07 5.2060891e-07 1200000 1
-0.02 945413.46 	4.4398 	-0.0513643 	 559749.31 	-1.4098 	-0.4395425 	 4.3737e-08 	-0.0066401766 	0.013320611 	 -2.7695e-09 	-0.003677411 	-0.016065122 	 0.040000686 	-1809.9493 	-4188.7329 	 -0.2395474 	1.001911e-05 	-5.8923e-09 	 -2.1457277 	-1.62576e-05 	7.7084095e-07 		-0.02 4.539205e-07 5.0036377e-07 1200000 1
-0.01875 1023470.9 	4.52965 	-0.04141925 	 632213.68 	-1.46295 	-0.446482 	 4.46335e-08 	-0.0071118268 	0.013919083 	 -2.1825e-09 	-0.0040700927 	-0.015882151 	 0.042213616 	-2111.2852 	-4943.8342 	 -0.25281784 	1.0091255e-05 	-1.28652e-08 	 -2.2016023 	-1.638915e-05 	7.7495195e-07 		-0.01875 4.6648869e-07 4.7997356e-07 1200000 1
-0.0175 1102502.8 	4.63135 	-0.04258435 	 711400.44 	-1.381 	-0.4419535 	 4.54935e-08 	-0.0075635399 	0.0145835 	 -1.657e-09 	-0.0044829993 	-0.015654737 	 0.043572675 	-2483.401 	-5785.1668 	 -0.26756937 	1.015451e-05 	-1.05882e-08 	 -2.260295 	-1.66289e-05 	7.690796e-07 		-0.0175 4.7914938e-07 4.593783e-07 1200000 1
-0.01625 1182288.9 	4.73535 	-0.0512896 	 797965.01 	-1.21345 	-0.4326665 	 4.6382e-08 	-0.0079983268 	0.015308986 	 -1.149e-09 	-0.0049089107 	-0.01538466 	 0.04439925 	-2923.5721 	-6704.8507 	 -0.28390319 	1.020968e-05 	-1.9611e-09 	 -2.3219644 	-1.693095e-05 	7.588751e-07 		-0.01625 4.9187608e-07 4.3838799e-07 1200000 1
-0.015 1262567.5 	4.81675 	-0.0476579 	 892623.53 	-1.1756 	-0.435117 	 4.73365e-08 	-0.0084019919 	0.016105362 	 -3.14e-10 	-0.0053509342 	-0.015054219 	 0.04636965 	-3464.9808 	-7713.8347 	 -0.30192202 	1.028753e-05 	-3.3936e-09 	 -2.3867614 	-1.71161e-05 	7.579681e-07 		-0.015 5.046743e-07 4.1705263e-07 1200000 1
-0.01375 1342962.2 	4.89925 	-0.0390191 	 996075.06 	-1.19495 	-0.440853 	 4.8278e-08 	-0.0087798271 	0.016968253 	 7.305e-10 	-0.0058014915 	-0.014663845 	 0.0490161 	-4106.8161 	-8803.142 	 -0.32172919 	1.037658e-05 	-8.7796e-09 	 -2.4548305 	-1.724875e-05 	7.591491e-07 		-0.01375 5.1759406e-07 3.956172e-07 1200000 1
-0.0125 1423024.5 	5.0217 	-0.04161355 	 1109094.7 	-1.03255 	-0.4358 	 4.92035e-08 	-0.0091108319 	0.017906361 	 1.731e-09 	-0.0062582145 	-0.014192848 	 0.0509172 	-4892.2618 	-9974.7258 	 -0.34342926 	1.04337e-05 	-4.6866e-09 	 -2.526304 	-1.752705e-05 	7.507427e-07 		-0.0125 5.3061584e-07 3.7393669e-07 1200000 1
-0.01125 1502178.1 	5.1417 	-0.0462172 	 1232412.3 	-0.77955 	-0.4256895 	 5.01715e-08 	-0.009403636 	0.018915841 	 2.74e-09 	-0.0067140371 	-0.013639648 	 0.0524226 	-5824.244 	-11218.372 	 -0.36712547 	1.048515e-05 	1.3329e-09 	 -2.6013055 	-1.786975e-05 	7.375837e-07 		-0.01125 5.4368016e-07 3.5179613e-07 1200000 1
-0.01 1579727.2 	5.1988 	-0.0374753 	 1366859 	-0.72875 	-0.4205325 	 5.1231e-08 	-0.0096279046 	0.020003608 	 4.136e-09 	-0.0071568252 	-0.012980208 	 0.0551416 	-6958.456 	-12517.078 	 -0.39292017 	1.059285e-05 	-3.3026e-09 	 -2.6799455 	-1.80331e-05 	7.2787465e-07 		-0.01 5.5682852e-07 3.2926049e-07 1200000 1
-0.00875 1654838.7 	5.2603 	-0.03281375 	 1513187.6 	-0.71365 	-0.4171705 	 5.22685e-08 	-0.0097968437 	0.021166489 	 5.7955e-09 	-0.007581118 	-0.012209577 	 0.0584495 	-8304.7583 	-13859.191 	 -0.4209093 	1.070875e-05 	-3.991e-09 	 -2.7623297 	-1.81604e-05 	7.1885665e-07 		-0.00875 5.7016446e-07 3.0669475e-07 1200000 1
-0.0075 1726484.5 	5.4049 	-0.03146825 	 1672283.8 	-0.4044 	-0.3894135 	 5.3275e-08 	-0.0098672025 	0.022408804 	 7.5105e-09 	-0.0079580863 	-0.011299304 	 0.0613934 	-9935.0536 	-15190.653 	 -0.45118506 	1.07537e-05 	-1.4025e-09 	 -2.8485482 	-1.852555e-05 	6.8871946e-07 		-0.0075 5.8360197e-07 2.8386893e-07 1200000 1
-0.00625 1793484.5 	5.5395 	-0.02737475 	 1844914.6 	-0.0711 	-0.3886075 	 5.43145e-08 	-0.0098578069 	0.023728976 	 9.3545e-09 	-0.0082844313 	-0.010237601 	 0.0644911 	-11873.665 	-16496.514 	 -0.48382179 	1.07965e-05 	-5.605e-10 	 -2.938696 	-1.88979e-05 	6.8030746e-07 		-0.00625 5.9704754e-07 2.6041303e-07 1200000 1
-0.005 1854331.8 	5.5831 	-0.01479725 	 2032038 	-0.0697 	-0.41084281 	 5.5426e-08 	-0.0097072294 	0.025130193 	 1.1867e-08 	-0.0085030671 	-0.0089866346 	 0.06872475 	-14220.256 	-17652.219 	 -0.51888228 	1.091655e-05 	-5.861e-09 	 -3.0328574 	-1.898025e-05 	6.902625e-07 		-0.005 6.1059672e-07 2.3660705e-07 1200000 1
-0.00375 1907272.8 	5.62431 	-0.01185538 	 2234505.3 	-0.0684 	-0.38252731 	 5.65225e-08 	-0.0094359961 	0.026617502 	 1.4682e-08 	-0.0086037086 	-0.007514301 	 0.07359945 	-17040.559 	-18618.499 	 -0.5563802 	1.104415e-05 	-1.6758e-09 	 -3.1311565 	-1.90536e-05 	6.572595e-07 		-0.00375 6.2434206e-07 2.1293097e-07 1200000 1
-0.0025 1949967.6 	5.77914 	-0.03569388 	 2453466.8 	0.39965 	-0.34228 	 5.75785e-08 	-0.0089626804 	0.028186076 	 1.76425e-08 	-0.0084580628 	-0.005791591 	 0.07906705 	-20443.754 	-19112.239 	 -0.596305 	1.10657e-05 	2.63781e-08 	 -3.2337292 	-1.950485e-05 	6.136045e-07 		-0.0025 6.3820607e-07 1.8897983e-07 1200000 1
-0.00125 1979540.2 	5.915325 	-0.0243075 	 2690026.5 	0.7992 	-0.362104 	 5.85215e-08 	-0.0082119025 	0.029927126 	 2.08015e-08 	-0.0080153278 	-0.0036381251 	 0.08567035 	-24808.177 	-18895.713 	 -0.63845801 	1.10793e-05 	2.69079e-08 	 -3.3405837 	-1.98788e-05 	6.195415e-07 		-0.00125 6.5200724e-07 1.6418364e-07 1200000 1
5.2475385e-17 1075860.7 	5.887355 	0.00757675 	 1527336.4 	0.6886 	-0.2503031 	 5.87175e-08 	-0.0071646182 	0.031180537 	 2.2778e-08 	-0.0071318549 	-0.0019431237 	 0.0901909 	-14794.676 	-9965.1639 	 -0.65782653 	-1.554205e-05 	-3.9431e-08 	 -3.3786062 	-2.23176e-05 	6.85031e-07 		5.2475385e-17 6.4892461e-07 1.3762244e-07 650000 1
0.00125 156621.76 	5.764055 	0.019055405 	 238270.36 	0.55995 	-0.0379798 	 5.82764e-08 	-0.0060804512 	0.031358812 	 2.33685e-08 	-0.00612114 	-0.0016485483 	 0.08987975 	-2260.2786 	-1208.7555 	 -0.62960352 	-4.14458e-05 	-1.573755e-07 	 -3.2747201 	-2.48233e-05 	6.76526e-07 		0.00125 6.131536e-07 1.0839126e-07 100000 1
0.0025 147892.08 	5.637095 	0.043106191 	 231091.3 	0.59875 	-0.035444 	 5.727425e-08 	-0.0052084304 	0.03104551 	 2.25065e-08 	-0.005332444 	-0.0020063597 	 0.0869305 	-2064.5096 	-1004.2784 	 -0.57857763 	-4.01211e-05 	-3.853715e-07 	 -3.1020998 	-2.518685e-05 	6.410735e-07 		0.0025 5.6229651e-07 7.7225097e-08 100000 1
0.00375 139719.91 	5.530975 	0.065571336 	 223978.03 	0.6318 	-0.03262935 	 5.62154e-08 	-0.0045627413 	0.03078619 	 2.1387e-08 	-0.0047532653 	-0.0022658088 	 0.0844903 	-1897.5293 	-853.46058 	 -0.52974948 	-3.903255e-05 	-5.988485e-07 	 -2.9339702 	-2.547505e-05 	6.033638e-07 		0.00375 5.128558e-07 4.5398997e-08 100000 1
0.005 132059.8 	5.427345 	0.078561895 	 216998.27 	0.63485 	-0.02810325 	 5.52977e-08 	-0.0040433278 	0.030589405 	 2.06365e-08 	-0.004291629 	-0.0024452054 	 0.0823301 	-1754.8141 	-735.05104 	 -0.48330463 	-3.798395e-05 	-7.188435e-07 	 -2.770434 	-2.545205e-05 	5.491893e-07 		0.005 4.6471497e-07 1.3517966e-08 100000 1
0.00625 124861.65 	5.33291 	0.087367295 	 210200.71 	0.63845 	-0.025716 	 5.44266e-08 	-0.0035993853 	0.030435399 	 1.99665e-08 	-0.0039009885 	-0.0025731797 	 0.08045685 	-1629.9963 	-636.64476 	 -0.43924766 	-3.70315e-05 	-7.97975e-07 	 -2.6114621 	-2.542635e-05 	5.170295e-07 		0.00625 4.1789604e-07 -1.8223e-08 100000 1
0.0075 118099.03 	5.25502 	0.09165062 	 203610.97 	0.6592 	-0.0239736 	 5.362975e-08 	-0.0032344196 	0.030303067 	 1.9523e-08 	-0.0035782501 	-0.0026759597 	 0.07885795 	-1517.1398 	-557.25514 	 -0.39756379 	-3.6251e-05 	-8.32764e-07 	 -2.4570383 	-2.55622e-05 	4.919565e-07 		0.0075 3.7214051e-07 -5.0043896e-08 100000 1
0.00875 111742.56 	5.178565 	0.09556382 	 197261.54 	0.67825 	-0.0220043 	 5.28894e-08 	-0.0029133894 	0.030192229 	 1.9202e-08 	-0.0032943776 	-0.0027572686 	 0.0773479 	-1415.1502 	-489.34415 	 -0.35819031 	-3.54996e-05 	-8.647085e-07 	 -2.3071863 	-2.56697e-05 	4.653e-07 		0.00875 3.2727289e-07 -8.2134716e-08 100000 1
0.01 105772.71 	5.094815 	0.0980852 	 191172.39 	0.6825 	-0.02101885 	 5.215595e-08 	-0.0026449882 	0.030094704 	 1.8959e-08 	-0.0030553562 	-0.0028262927 	 0.07580115 	-1321.5656 	-433.59799 	 -0.32105655 	-3.468495e-05 	-8.834635e-07 	 -2.1619188 	-2.561945e-05 	4.49092e-07 		0.01 2.8339468e-07 -1.1422047e-07 100000 1
0.01125 100165.92 	5.013365 	0.09959045 	 185368.39 	0.68735 	-0.01937415 	 5.13861e-08 	-0.0024058795 	0.030012461 	 1.86855e-08 	-0.0028418353 	-0.0028826691 	 0.07434575 	-1236.0894 	-385.31534 	 -0.28607477 	-3.389415e-05 	-8.925955e-07 	 -2.0212562 	-2.557035e-05 	4.2682e-07 		0.01125 2.4056091e-07 -1.4617616e-07 100000 1
0.0125 94904.882 	4.939685 	0.09929334 	 179865.62 	0.702 	-0.0185415 	 5.06047e-08 	-0.0022034226 	0.029940421 	 1.8378e-08 	-0.0026597432 	-0.0029313803 	 0.07301545 	-1157.1976 	-345.18915 	 -0.25315643 	-3.31848e-05 	-8.84211e-07 	 -1.8852042 	-2.56127e-05 	4.1316e-07 		0.0125 1.9865808e-07 -1.781518e-07 100000 1
0.01375 89969.27 	4.864495 	0.09961432 	 174682.99 	0.7131 	-0.01658495 	 4.990485e-08 	-0.0020216077 	0.029880664 	 1.8246e-08 	-0.0024957361 	-0.0029713097 	 0.071704 	-1084.7585 	-310.18604 	 -0.22220771 	-3.247255e-05 	-8.825695e-07 	 -1.7537646 	-2.56073e-05 	3.887305e-07 		0.01375 1.5760067e-07 -2.1022738e-07 100000 1
0.015 85343.256 	4.783235 	0.10068806 	 169833 	0.717 	-0.01530665 	 4.922505e-08 	-0.0018660857 	0.029829396 	 1.81755e-08 	-0.0023546684 	-0.0030058275 	 0.0703438 	-1017.6744 	-280.83499 	 -0.19313642 	-3.170915e-05 	-8.889485e-07 	 -1.6269267 	-2.552005e-05 	3.715015e-07 		0.015 1.1747971e-07 -2.4217192e-07 100000 1
0.01625 81009.023 	4.703 	0.10137535 	 165330.02 	0.72195 	-0.0138961 	 4.841965e-08 	-0.0017255815 	0.029788443 	 1.78655e-08 	-0.002227036 	-0.0030337839 	 0.06903275 	-955.85058 	-255.12257 	 -0.16585025 	-3.0958e-05 	-8.91808e-07 	 -1.5046758 	-2.54403e-05 	3.53319e-07 		0.01625 7.8329566e-08 -2.7401741e-07 100000 1
0.0175 76952.239 	4.62625 	0.10126367 	 161183.63 	0.7262 	-0.01494465 	 4.759315e-08 	-0.001604413 	0.029754776 	 1.7519e-08 	-0.0021167478 	-0.003057656 	 0.067791 	-898.45616 	-233.43926 	 -0.14026033 	-3.024635e-05 	-8.87018e-07 	 -1.3869874 	-2.534735e-05 	3.60051e-07 		0.0175 4.0084875e-08 -3.0576936e-07 100000 1
0.01875 73157.281 	4.54665 	0.1014264 	 157404.6 	0.72895 	-0.0144968 	 4.687705e-08 	-0.001494444 	0.029729974 	 1.7422e-08 	-0.0020168179 	-0.0030764175 	 0.066532 	-845.40821 	-214.41389 	 -0.11628011 	-2.951745e-05 	-8.853615e-07 	 -1.2738329 	-2.52278e-05 	3.521385e-07 		0.01875 2.7136844e-09 -3.3738528e-07 100000 1
0.02 69611.273 	4.463355 	0.10224842 	 154000.34 	0.7384 	-0.01151355 	 4.61797e-08 	-0.0013990179 	0.02971156 	 1.74025e-08 	-0.0019304372 	-0.0030919499 	 0.06522945 	-796.06542 	-198.33784 	 -0.093826616 	-2.876015e-05 	-8.9061e-07 	 -1.165179 	-2.516925e-05 	3.191235e-07 		0.02 -3.3708046e-08 -3.6883866e-07 100000 1
0.02125 66300.472 	4.3788 	0.1027904 	 150979.39 	0.74975 	-0.006651 	 4.539405e-08 	-0.0013121229 	0.029700917 	 1.72315e-08 	-0.0018523075 	-0.0031033673 	 0.06393185 	-750.34964 	-184.25518 	 -0.072820099 	-2.7992205e-05 	-8.932465e-07 	 -1.0609922 	-2.51265e-05 	2.675575e-07 		0.02125 -6.9186199e-08 -4.0031002e-07 100000 1
0.0225 63213.407 	4.29479 	0.09988498 	 148347.83 	0.7498 	0.0002395 	 4.452565e-08 	-0.0012363965 	0.029695987 	 1.6921e-08 	-0.0017850971 	-0.0031120987 	 0.062673 	-707.76305 	-172.38999 	 -0.05318492 	-2.72333e-05 	-8.6160295e-07 	 -0.96123632 	-2.496295e-05 	1.95946e-07 		0.0225 -1.0368783e-07 -4.3165385e-07 100000 1
0.02375 60338.014 	4.212745 	0.097544405 	 146112.72 	0.7445 	0.01061435 	 4.365715e-08 	-0.0011672983 	0.029698011 	 1.65865e-08 	-0.0017246631 	-0.003117401 	 0.061467 	-668.23032 	-162.06122 	 -0.034849098 	-2.65051e-05 	-8.3589295e-07 	 -0.86587659 	-2.473775e-05 	8.9665e-08 		0.02375 -1.3726889e-07 -4.6271566e-07 100000 1
0.025 57664.09 	4.1282 	0.09857786 	 144279.65 	0.7424 	0.01719545 	 4.280355e-08 	-0.0011069525 	0.029705259 	 1.62625e-08 	-0.0016732953 	-0.0031203372 	 0.0602296 	-631.3645 	-153.44873 	 -0.01774432 	-2.576058e-05 	-8.441972e-07 	 -0.77488057 	-2.45398e-05 	2.14625e-08 		0.025 -1.699502e-07 -4.9349995e-07 100000 1
0.02625 55180.982 	4.041855 	0.09904232 	 142855.33 	0.74145 	0.0146446 	 4.20876e-08 	-0.0010518534 	0.029718862 	 1.63155e-08 	-0.0016276535 	-0.0031202954 	 0.05897255 	-597.09046 	-146.05728 	 -0.001805928 	-2.4999725e-05 	-8.470022e-07 	 -0.68822048 	-2.434895e-05 	4.47255e-08 		0.02625 -2.0166988e-07 -5.2406873e-07 100000 1
0.0275 52879.646 	3.956395 	0.0995749 	 141845.41 	0.7349 	0.0166426 	 4.13318e-08 	-0.0010037475 	0.029737358 	 1.63175e-08 	-0.0015897533 	-0.0031180304 	 0.0577508 	-565.11012 	-140.03901 	 0.013026932 	-2.4251115e-05 	-8.50636e-07 	 -0.60587129 	-2.409605e-05 	2.26145e-08 		0.0275 -2.3244896e-07 -5.5437349e-07 100000 1
0.02875 50750.674 	3.869185 	0.10048233 	 141256.75 	0.72525 	0.0250535 	 4.04307e-08 	-0.00095986617 	0.0297618 	 1.59265e-08 	-0.0015568212 	-0.0031130557 	 0.0565211 	-535.34761 	-135.02627 	 0.026811547 	-2.349498e-05 	-8.582345e-07 	 -0.5278146 	-2.380555e-05 	-6.35485e-08 		0.02875 -2.6229717e-07 -5.8430773e-07 100000 1
0.03 48786.013 	3.780035 	0.10126853 	 141095.8 	0.71945 	0.02753895 	 3.95486e-08 	-0.00092168085 	0.029790931 	 1.557165e-08 	-0.0015306737 	-0.0031058555 	 0.05525945 	-507.57684 	-131.15612 	 0.039601917 	-2.2727265e-05 	-8.648424e-07 	 -0.45403846 	-2.3549e-05 	-9.03685e-08 		0.03 -2.9118626e-07 -6.1388598e-07 100000 1
0.03125 46977.272 	3.691255 	0.10154816 	 141370.34 	0.7155 	0.0217461 	 3.87899e-08 	-0.0008869596 	0.02982575 	 1.5579e-08 	-0.0015089411 	-0.0030960596 	 0.0540058 	-481.71917 	-128.14994 	 0.051448758 	-2.1964465e-05 	-8.665269e-07 	 -0.3845397 	-2.33084e-05 	-3.4313e-08 		0.03125 -3.1911517e-07 -6.4317921e-07 100000 1
0.0325 45317.264 	3.602115 	0.1020089 	 142087.99 	0.70505 	0.0220907 	 3.799685e-08 	-0.0008569648 	0.029865173 	 1.55413e-08 	-0.0014932924 	-0.0030839106 	 0.05276735 	-457.60991 	-126.139 	 0.062399472 	-2.120095e-05 	-8.701255e-07 	 -0.31932176 	-2.299855e-05 	-3.9591e-08 		0.0325 -3.460969e-07 -6.7215743e-07 100000 1
0.03375 43798.476 	3.51056 	0.10283137 	 143257.76 	0.69035 	0.03017765 	 3.706905e-08 	-0.00082985326 	0.029910161 	 1.51375e-08 	-0.0014816494 	-0.0030691491 	 0.05151025 	-435.16714 	-124.90697 	 0.072498342 	-2.042235e-05 	-8.7751025e-07 	 -0.2583977 	-2.263935e-05 	-1.222585e-07 		0.03375 -3.7211724e-07 -7.0067665e-07 100000 1
0.035 42414.419 	3.41759 	0.103665 	 144888.9 	0.6829 	0.03238439 	 3.615545e-08 	-0.00080673773 	0.02995976 	 1.476045e-08 	-0.0014755707 	-0.0030517937 	 0.05022165 	-414.27987 	-124.58734 	 0.081786869 	-1.963628e-05 	-8.851861e-07 	 -0.20178979 	-2.234785e-05 	-1.460915e-07 		0.035 -3.9715276e-07 -7.2875787e-07 100000 1
0.03625 41158.258 	3.325135 	0.10397479 	 146992.21 	0.6784 	0.02757549 	 3.53573e-08 	-0.00078606519 	0.030014913 	 1.471695e-08 	-0.0014731891 	-0.0030316884 	 0.048939 	-394.86131 	-125.00759 	 0.090303738 	-1.8856155e-05 	-8.8772335e-07 	 -0.14953157 	-2.20853e-05 	-9.9715e-08 		0.03625 -4.2120784e-07 -7.5654788e-07 100000 1
0.0375 40024.082 	3.232285 	0.10402448 	 149578.8 	0.664 	0.028086015 	 3.452865e-08 	-0.00076883244 	0.030074778 	 1.46299e-08 	-0.0014759742 	-0.0030086404 	 0.04767148 	-376.85112 	-126.30971 	 0.098084825 	-1.8074475e-05 	-8.8773535e-07 	 -0.10166529 	-2.1722e-05 	-1.0649185e-07 		0.0375 -4.4429288e-07 -7.8397028e-07 100000 1
0.03875 39005.604 	3.137585 	0.10438504 	 152661.35 	0.6451 	0.035342215 	 3.35754e-08 	-0.00075369699 	0.030140291 	 1.420175e-08 	-0.0014822143 	-0.0029825911 	 0.046389555 	-360.15768 	-128.35117 	 0.10516335 	-1.7282025e-05 	-8.9099565e-07 	 -0.058244588 	-2.130675e-05 	-1.8073335e-07 		0.03875 -4.6639384e-07 -8.1085189e-07 100000 1
0.04 38097.325 	3.042255 	0.10487095 	 156253.16 	0.635 	0.03717616 	 3.26391e-08 	-0.00074157713 	0.030210693 	 1.380765e-08 	-0.001493301 	-0.0029531435 	 0.04508503 	-344.77006 	-131.28833 	 0.11157022 	-1.6489455e-05 	-8.956619e-07 	 -0.01933369 	-2.09749e-05 	-2.007536e-07 		0.04 -4.8749802e-07 -8.372372e-07 100000 1
0.04125 37293.32 	2.94801 	0.10490523 	 160369.2 	0.628115 	0.03235986 	 3.181375e-08 	-0.0007312896 	0.030286927 	 1.37303e-08 	-0.0015076398 	-0.0029203278 	 0.04379228 	-330.59085 	-134.99863 	 0.11733397 	-1.570828e-05 	-8.958939e-07 	 0.01499077 	-2.06744e-05 	-1.542356e-07 		0.04125 -5.076174e-07 -8.632889e-07 100000 1
0.0425 36588.367 	2.853785 	0.10463957 	 165025.01 	0.61108 	0.032316695 	 3.09649e-08 	-0.00072369215 	0.030368307 	 1.361935e-08 	-0.0015265414 	-0.0028835448 	 0.04251744 	-317.66173 	-139.65712 	 0.12248075 	-1.492905e-05 	-8.931821e-07 	 0.044642647 	-2.02706e-05 	-1.5542615e-07 		0.0425 -5.2676855e-07 -8.8892335e-07 100000 1
0.04375 35976.774 	2.757765 	0.10469744 	 170237.81 	0.59019 	0.03863696 	 3.00013e-08 	-0.00071771377 	0.0304558 	 1.3196e-08 	-0.0015485022 	-0.0028429045 	 0.041224845 	-305.88034 	-145.15293 	 0.12703449 	-1.413856e-05 	-8.938215e-07 	 0.069523814 	-1.9824155e-05 	-2.2028005e-07 		0.04375 -5.4494006e-07 -9.139664e-07 100000 1
0.045 35453.416 	2.66095 	0.10522232 	 176025.59 	0.578795 	0.040135092 	 2.90525e-08 	-0.00071417823 	0.030548763 	 1.2801e-08 	-0.001574738 	-0.002797608 	 0.039904995 	-295.3456 	-151.68325 	 0.13101718 	-1.334527e-05 	-8.992588e-07 	 0.089525505 	-1.9469515e-05 	-2.3692895e-07 		0.045 -5.6211493e-07 -9.3848435e-07 100000 1
0.04625 35012.641 	2.565285 	0.10538226 	 182408.02 	0.57052 	0.035224972 	 2.820545e-08 	-0.0007120982 	0.030648203 	 1.269305e-08 	-0.0016038249 	-0.0027478324 	 0.038595445 	-285.95068 	-159.14269 	 0.1344488 	-1.2563565e-05 	-9.0110735e-07 	 0.10452669 	-1.9145975e-05 	-1.894675e-07 		0.04625 -5.7830326e-07 -9.6264061e-07 100000 1
0.0475 34649.265 	2.469785 	0.10520688 	 189405.48 	0.55201 	0.03488395 	 2.73384e-08 	-0.00071227459 	0.030753518 	 1.255365e-08 	-0.0016368486 	-0.0026925734 	 0.037302545 	-277.86131 	-167.75098 	 0.13734729 	-1.1784425e-05 	-8.9964132e-07 	 0.11439743 	-1.871874e-05 	-1.8768165e-07 		0.0475 -5.9352405e-07 -9.8634971e-07 100000 1
0.04875 34357.528 	2.37211 	0.1053951 	 197039.93 	0.529535 	0.040871245 	 2.636725e-08 	-0.00071377288 	0.030865768 	 1.212965e-08 	-0.0016724627 	-0.0026320612 	 0.03598373 	-270.96902 	-177.40253 	 0.13972868 	-1.0989263e-05 	-9.0190777e-07 	 0.11899669 	-1.8248306e-05 	-2.4920455e-07 		0.04875 -6.0776435e-07 -1.0094377e-06 100000 1
0.05 34131.979 	2.273335 	0.1061236 	 205334.1 	0.516515 	0.042401135 	 2.541095e-08 	-0.00071739273 	0.030984369 	 1.173225e-08 	-0.0017115693 	-0.0025650862 	 0.03463096 	-265.51765 	-188.33642 	 0.14160734 	-1.0187099e-05 	-9.096891e-07 	 0.11817438 	-1.7870802e-05 	-2.661683e-07 		0.05 -6.2099711e-07 -1.0319707e-06 100000 1
0.05125 33966.531 	2.1757845 	0.10642998 	 214312.29 	0.50679 	0.03758835 	 2.45483e-08 	-0.00072223465 	0.03111045 	 1.15942e-08 	-0.0017529139 	-0.0024919109 	 0.033286065 	-261.40067 	-200.44284 	 0.14299592 	-9.396707e-06 	-9.1330085e-07 	 0.11176997 	-1.752664e-05 	-2.1967518e-07 		0.05125 -6.3323224e-07 -1.0541152e-06 100000 1
0.0525 33855.262 	2.078411 	0.10618334 	 223999.34 	0.486715 	0.03719922 	 2.36709e-08 	-0.00072910677 	0.031243446 	 1.143085e-08 	-0.0017971256 	-0.0024111119 	 0.03195478 	-258.95725 	-213.96914 	 0.14390526 	-8.6087085e-06 	-9.114142e-07 	 0.099616568 	-1.707869e-05 	-2.1739088e-07 		0.0525 -6.4448906e-07 -1.0757877e-06 100000 1
0.05375 33791.578 	1.9790085 	0.10624165 	 234421.49 	0.46248 	0.04309268 	 2.270185e-08 	-0.00073712138 	0.03138457 	 1.10136e-08 	-0.0018430689 	-0.0023229587 	 0.03059621 	-258.0901 	-228.79759 	 0.14434448 	-7.8048827e-06 	-9.126681e-07 	 0.081539099 	-1.658732e-05 	-2.7794455e-07 		0.05375 -6.547542e-07 -1.0968121e-06 100000 1
0.055 33768.822 	1.878607 	0.10689621 	 245605.44 	0.447825 	0.044556265 	 2.174905e-08 	-0.00074711675 	0.031533251 	 1.06233e-08 	-0.001890971 	-0.0022258155 	 0.02920233 	-259.2532 	-245.16124 	 0.14432126 	-6.9940372e-06 	-9.199947e-07 	 0.05735724 	-1.619085e-05 	-2.941989e-07 		0.055 -6.640016e-07 -1.1172562e-06 100000 1
0.05625 33779.633 	1.7795235 	0.10713385 	 257579.17 	0.43649 	0.03970276 	 2.08814e-08 	-0.00075820357 	0.031690809 	 1.04656e-08 	-0.0019398674 	-0.0021199223 	 0.027813895 	-262.36892 	-262.9332 	 0.1438417 	-6.195381e-06 	-9.2320855e-07 	 0.026884396 	-1.582885e-05 	-2.4722975e-07 		0.05625 -6.7223955e-07 -1.1372894e-06 100000 1
0.0575 33816.342 	1.680847 	0.10675039 	 270370.74 	0.414795 	0.03918676 	 2.00047e-08 	-0.00077126441 	0.031856666 	 1.029095e-08 	-0.0019893841 	-0.0020034246 	 0.02643745 	-268.03249 	-282.28812 	 0.14291022 	-5.400624e-06 	-9.2025315e-07 	 -0.010067248 	-1.536375e-05 	-2.4358125e-07 		0.0575 -6.7949042e-07 -1.1568283e-06 100000 1
0.05875 33870.595 	1.579951 	0.10675754 	 284009.23 	0.38907 	0.04473065 	 1.9049e-08 	-0.00078538784 	0.032032265 	 9.8962e-09 	-0.0020388042 	-0.0018764848 	 0.02502555 	-276.20322 	-303.09058 	 0.14152969 	-4.587e-06 	-9.213046e-07 	 -0.053688422 	-1.48572e-05 	-3.005225e-07 		0.05875 -6.8574164e-07 -1.1756988e-06 100000 1
0.06 33933.343 	1.4773965 	0.10733253 	 298523.58 	0.372645 	0.04575065 	 1.81132e-08 	-0.00080153062 	0.032216998 	 9.53205e-09 	-0.0020868597 	-0.0017370368 	 0.023564205 	-287.64668 	-325.37881 	 0.13970158 	-3.758736e-06 	-9.28159e-07 	 -0.1041684 	-1.44442e-05 	-3.12188e-07 		0.06 -6.9095813e-07 -1.193972e-06 100000 1
0.06125 33994.919 	1.3761155 	0.10719559 	 313943.52 	0.35914 	0.04057055 	 1.725455e-08 	-0.00081874647 	0.032412456 	 9.37515e-09 	-0.002133199 	-0.0015850945 	 0.02210297 	-302.38483 	-349.01464 	 0.13742595 	-2.94172e-06 	-9.2797023e-07 	 -0.16169646 	-1.40626e-05 	-2.617495e-07 		0.06125 -6.9513843e-07 -1.211811e-06 100000 1
0.0625 34044.491 	1.275387 	0.10624056 	 330298.11 	0.336195 	0.03915455 	 1.639745e-08 	-0.00083809887 	0.032617993 	 9.2139e-09 	-0.0021752094 	-0.0014183779 	 0.020647355 	-321.3907 	-373.76199 	 0.13470125 	-2.12944e-06 	-9.1966493e-07 	 -0.22645515 	-1.35882e-05 	-2.488505e-07 		0.0625 -6.9831274e-07 -1.2291302e-06 100000 1
0.06375 34070.76 	1.171821 	0.10568014 	 347616.99 	0.30948 	0.04409245 	 1.54804e-08 	-0.00085858345 	0.032835369 	 8.8694e-09 	-0.0022130641 	-0.0012366427 	 0.019138795 	-344.79122 	-399.49034 	 0.13152459 	-1.29091e-06 	-9.1543255e-07 	 -0.29862345 	-1.307655e-05 	-2.994075e-07 		0.06375 -7.0046246e-07 -1.2457803e-06 100000 1
0.065 34060.544 	1.0661575 	0.1054343 	 365928.78 	0.28825 	0.04417085 	 1.45948e-08 	-0.00088143791 	0.033063886 	 8.564e-09 	-0.0022421059 	-0.0010373959 	 0.017569525 	-373.80941 	-425.44973 	 0.12789189 	-4.32375e-07 	-9.145047e-07 	 -0.37837006 	-1.262145e-05 	-3.012765e-07 		0.065 -7.015402e-07 -1.2618194e-06 100000 1
0.06625 34000.436 	0.959709 	0.10467397 	 385262.6 	0.27183 	0.03556055 	 1.37761e-08 	-0.00090554671 	0.033305532 	 8.44935e-09 	-0.0022632337 	-0.00081992456 	 0.01595542 	-408.75234 	-451.53043 	 0.12379807 	4.3573e-07 	-9.0855225e-07 	 -0.46585878 	-1.22172e-05 	-2.161085e-07 		0.06625 -7.0154371e-07 -1.2773336e-06 100000 1
0.0675 33874.135 	0.8518145 	0.10123889 	 405646.21 	0.24969 	0.03178155 	 1.297355e-08 	-0.00093244587 	0.033559663 	 8.37295e-09 	-0.0022685981 	-0.00058144433 	 0.01430068 	-451.16265 	-476.04156 	 0.11923684 	1.319405e-06 	-8.759485e-07 	 -0.56123866 	-1.17582e-05 	-1.790765e-07 		0.0675 -7.0045118e-07 -1.2923632e-06 100000 1
0.06875 33665.408 	0.7403665 	0.096764618 	 427108.56 	0.221425 	0.03521415 	 1.21302e-08 	-0.00096048954 	0.033828876 	 8.1618e-09 	-0.0022599432 	-0.00032023731 	 0.01256973 	-501.7066 	-498.86968 	 0.11420182 	2.237445e-06 	-8.330946e-07 	 -0.66465778 	-1.123955e-05 	-2.14012e-07 		0.06875 -6.9824551e-07 -1.3067307e-06 100000 1
0.07 33353.39 	0.6234785 	0.089964423 	 449677.48 	0.18986 	0.03136535 	 1.138325e-08 	-0.0009918377 	0.034113233 	 8.0164e-09 	-0.0022242843 	-3.2436282e-05 	 0.01070632 	-562.50892 	-516.60509 	 0.10868602 	3.210605e-06 	-7.671214e-07 	 -0.77624977 	-1.069135e-05 	-1.75939e-07 		0.07 -6.9485826e-07 -1.3204628e-06 100000 1
0.07125 32916.641 	0.4957845 	0.080791263 	 473385.17 	0.154595 	0.0214372 	 1.07495e-08 	-0.0010210143 	0.034418643 	 8.08635e-09 	-0.0021629125 	0.00028673747 	 0.00861317 	-635.24977 	-528.6649 	 0.10268494 	4.29349e-06 	-6.7752e-07 	 -0.89616428 	-1.011045e-05 	-7.6885e-08 		0.07125 -6.9021977e-07 -1.3334594e-06 100000 1
0.0725 32325.957 	0.3491649 	0.064210289 	 498267.38 	0.1150655 	0.0098673 	 1.0198e-08 	-0.0010358393 	0.034736354 	 8.2756e-09 	-0.0020553338 	0.00064139298 	 0.006137995 	-722.44955 	-528.43281 	 0.096193761 	5.566415e-06 	-5.13916e-07 	 -1.0245597 	-9.4904e-06 	3.8711e-08 		0.0725 -6.8412505e-07 -1.3457399e-06 100000 1
0.07375 31541.705 	0.1816862 	0.045451946 	 524308.89 	0.060897 	-0.00137875 	 9.5492e-09 	-0.0010673383 	0.035039309 	 8.34065e-09 	-0.0018785432 	0.0010652646 	 0.0032295465 	-833.3004 	-508.71525 	 0.089232762 	7.046395e-06 	-3.286344e-07 	 -1.1612609 	-8.72705e-06 	1.510855e-07 		0.07375 -6.7630418e-07 -1.3571849e-06 100000 1
0.075 30288.71 	0.084306125 	0.03934655 	 543363.05 	0.038308 	-0.0065725 	 9.2176e-09 	-0.0010907989 	0.035189859 	 8.3226e-09 	-0.0017759136 	0.0012911483 	 0.0015248945 	-883.7043 	-499.03924 	 0.085641016 	7.83589e-06 	-2.697923e-07 	 -1.231633 	-8.2973e-06 	2.02913e-07 		0.075 -6.6705759e-07 -1.3670721e-06 100000 1
