# x jRe_x jRe_y jRe_z jIm_x jIm_y jIm_z BRe_x BRe_y BRe_z BIm_x BIm_y BIm_z F_x F_y F_z VReGrad_x VReGrad_y VReGrad_z VImGrad_x VImGrad_y VImGrad_z s VRe VIm sigma mur
-0.035 -477861.99 	967688.06 	343720.67 	 -2960409.6 	4155520.1 	883067.75 	 0.0050171351 	0.0011529372 	0.05109322 	 -0.00077546155 	-0.0015523321 	0.0021159372 	 29675.886 	15807.164 	1220.3082 	 -6.6208944 	5.4535088 	0.0031212697 	 -17.693344 	26.279362 	-1.0389982 		-0.035 0.10163654 0.055373043 1200000 1
-0.03375 -1918671.4 	1677279.6 	407631.52 	 -3427001.4 	2963013.1 	711871.09 	 0.0045529093 	0.0010324739 	0.0497104 	 -0.0011162933 	-0.0014596369 	-0.0011279182 	 39742.391 	45916.937 	-275.49136 	 -6.1923001 	5.0793263 	0.0080060704 	 -15.678205 	24.175684 	-0.96472817 		-0.03375 0.092649078 0.032204821 1200000 1
-0.0325 -3772557 	1509294.9 	497456.3 	 -5555357.9 	1657122.7 	729857.13 	 0.0041364963 	0.00098556081 	0.047735934 	 -0.0011055705 	-0.0013599998 	-0.0045043163 	 30725.596 	80946.175 	2.533199 	 -5.3818595 	4.9578436 	-0.026407146 	 -12.451642 	23.06763 	-1.0395691 		-0.0325 0.08546342 0.015180314 1200000 1
-0.03125 -5391867.4 	1263801.8 	555374.47 	 -6716725 	890124.39 	714734.65 	 0.0037801774 	0.00093308818 	0.045860043 	 -0.0010542605 	-0.001321601 	-0.0060791574 	 24886.976 	108319.48 	175.81158 	 -4.6639472 	4.7329539 	-0.051126311 	 -9.9968288 	21.811498 	-1.0775263 		-0.03125 0.079259235 0.001578442 1200000 1
-0.03 -6703687.4 	985405.82 	586819.73 	 -7262602.3 	408184.86 	679435.55 	 0.0034809378 	0.00090199313 	0.044478969 	 -0.00098275572 	-0.0012939547 	-0.0068912663 	 19527.103 	130259.53 	216.06078 	 -4.0653732 	4.4543396 	-0.066995725 	 -8.080449 	20.597216 	-1.0886823 		-0.03 0.073894685 -0.0093679548 1200000 1
-0.02875 -7699727.7 	722326.4 	597271.59 	 -7418818.6 	115183.96 	634036.6 	 0.0032196216 	0.00088412132 	0.043645908 	 -0.00090802998 	-0.0012749309 	-0.007183237 	 14875.939 	148121.67 	203.247 	 -3.5966039 	4.1456449 	-0.075763218 	 -6.5631423 	19.446121 	-1.0808936 		-0.02875 0.069199638 -0.018231537 1200000 1
-0.0275 -8428206.2 	515438.12 	592165.46 	 -7364620.2 	-28014.383 	585053.16 	 0.0029878276 	0.00087789548 	0.04318531 	 -0.00083421216 	-0.0012643437 	-0.0071230701 	 11076.564 	162746.29 	110.91441 	 -3.2405789 	3.8184735 	-0.079276416 	 -5.323197 	18.341261 	-1.0598723 		-0.0275 0.065009471 -0.025428502 1200000 1
-0.02625 -8945291.3 	349710.12 	575768.7 	 -7219204.5 	-94093.091 	536203.83 	 0.0027774643 	0.00087961065 	0.043034289 	 -0.0007658247 	-0.0012575009 	-0.0069776021 	 7940.0421 	174331.23 	-3.0912095 	 -2.973755 	3.5002854 	-0.07898768 	 -4.2726403 	17.300208 	-1.0294776 		-0.02625 0.061200358 -0.031227287 1200000 1
-0.025 -9301739.5 	228742.13 	551704.39 	 -7044903.4 	-113245.33 	489551.75 	 0.002582341 	0.00088587049 	0.043063418 	 -0.00070387549 	-0.0012572655 	-0.0067702695 	 5536.9776 	183456.2 	-132.23423 	 -2.7780998 	3.198675 	-0.076143745 	 -3.3619464 	16.312187 	-0.99239458 		-0.025 0.057669601 -0.035825084 1200000 1
-0.02375 -9541324.6 	141981.1 	522695.49 	 -6877561.8 	-105167.07 	446123.18 	 0.0024001773 	0.00089582184 	0.043236816 	 -0.00064770486 	-0.0012589135 	-0.0066066515 	 3703.738 	190509.17 	-258.63296 	 -2.635548 	2.919245 	-0.071665581 	 -2.5563475 	15.36796 	-0.95063111 		-0.02375 0.054340464 -0.0393678 1200000 1
-0.0225 -9699231.3 	81922.624 	490838.8 	 -6733613.4 	-88425.668 	406190.62 	 0.0022270034 	0.00090565541 	0.043467971 	 -0.0005969466 	-0.0012654115 	-0.006462115 	 2386.6475 	195936.46 	-365.25149 	 -2.5328365 	2.6654421 	-0.066255364 	 -1.8346099 	14.460985 	-0.90550269 		-0.0225 0.051156798 -0.041967018 1200000 1
-0.02125 -9801660.8 	43993.938 	457632.65 	 -6618249 	-65223.79 	369742.27 	 0.0020628063 	0.00091681693 	0.043745024 	 -0.00055030834 	-0.0012721434 	-0.0063803003 	 1471.3318 	200106.79 	-460.60865 	 -2.4587322 	2.4332987 	-0.060421435 	 -1.1825027 	13.580131 	-0.85808944 		-0.02125 0.048075775 -0.043716747 1200000 1
-0.02 -9868746 	19090.313 	424110.39 	 -6531450.5 	-45450.821 	336444.25 	 0.0019052133 	0.00092565873 	0.044017989 	 -0.00050721034 	-0.0012819166 	-0.0063244598 	 850.57666 	203328.45 	-526.87465 	 -2.4050348 	2.2240998 	-0.054494689 	 -0.59041171 	12.721894 	-0.80904815 		-0.02 0.045069753 -0.044694025 1200000 1
-0.01875 -9913499.5 	6452.8582 	390968.68 	 -6469224.9 	-26446.229 	305990.36 	 0.0017547174 	0.00093498587 	0.044288911 	 -0.00046674013 	-0.0012906742 	-0.0063156935 	 472.63768 	205853.38 	-584.11929 	 -2.3656584 	2.0314238 	-0.048715501 	 -0.052001313 	11.878632 	-0.75897929 		-0.01875 0.042116527 -0.044969641 1200000 1
-0.0175 -9945756.9 	-1299.9865 	358622.5 	 -6427325.7 	-13012.865 	277935.42 	 0.0016098865 	0.0009413421 	0.044532337 	 -0.00042851315 	-0.0013010734 	-0.0063207944 	 230.51661 	207869.72 	-615.76414 	 -2.3361104 	1.8556605 	-0.043214514 	 0.43757653 	11.04883 	-0.7082114 		-0.0175 0.039203664 -0.044605451 1200000 1
-0.01625 -9970695.9 	-3112.6781 	327325.75 	 -6400706.5 	-1807.8312 	251961.54 	 0.0014710393 	0.00094811007 	0.044756208 	 -0.00039196689 	-0.001309713 	-0.0063527609 	 116.77491 	209518.07 	-644.14962 	 -2.3134876 	1.6910246 	-0.038088364 	 0.88170357 	10.228021 	-0.65708209 		-0.01625 0.036320079 -0.04366059 1200000 1
-0.015 -9992339.4 	-4049.4998 	297157.33 	 -6385402.5 	4879.9519 	227684.05 	 0.001337246 	0.00095202991 	0.044948684 	 -0.00035695984 	-0.0013191462 	-0.0063868969 	 47.7218 	210898.66 	-653.81299 	 -2.2955534 	1.5376362 	-0.033355455 	 1.2833121 	9.4158137 	-0.60574837 		-0.015 0.033460451 -0.042188817 1200000 1
-0.01375 -10012027 	-2499.1458 	268144.46 	 -6377727.4 	9870.9606 	204864 	 0.0012085478 	0.00095662282 	0.045119279 	 -0.00032310519 	-0.0013265554 	-0.0064329379 	 37.935573 	212080.32 	-665.5435 	 -2.2810792 	1.3912191 	-0.029031973 	 1.6446887 	8.6096493 	-0.55440419 		-0.01375 0.03061913 -0.040242167 1200000 1
-0.0125 -10031003 	-1607.0517 	240227.82 	 -6375130.5 	11910.366 	183216.85 	 0.0010842525 	0.00095872671 	0.045262161 	 -0.00029043227 	-0.0013343541 	-0.0064742537 	 30.750304 	213106.45 	-664.28316 	 -2.2690338 	1.25185 	-0.025097197 	 1.9679615 	7.8096613 	-0.50311716 		-0.0125 0.027793715 -0.037868843 1200000 1
-0.01125 -10049087 	154.36541 	213347.54 	 -6375480.2 	13127.626 	162576.45 	 0.00096417175 	0.0009617527 	0.045386466 	 -0.00025861361 	-0.0013401272 	-0.0065187367 	 46.880641 	214008.97 	-668.36712 	 -2.2589724 	1.116684 	-0.021537917 	 2.2549233 	7.0142174 	-0.45199061 		-0.01125 0.024981005 -0.035115656 1200000 1
-0.01 -10066454 	937.22564 	187382.37 	 -6377492.8 	12641.097 	142737.29 	 0.00084773886 	0.00096266269 	0.045488319 	 -0.00022775288 	-0.0013461608 	-0.0065557561 	 51.347497 	214798.92 	-663.10081 	 -2.2504278 	0.98581303 	-0.018308669 	 2.5072601 	6.2235932 	-0.40103647 		-0.01 0.022179602 -0.032026389 1200000 1
-0.00875 -10082554 	1953.5121 	162236.36 	 -6380113.5 	11982.585 	123587.48 	 0.00073465332 	0.00096470833 	0.045576011 	 -0.00019754564 	-0.0013503217 	-0.0065918801 	 63.082208 	215494.54 	-664.82878 	 -2.2432478 	0.85744229 	-0.015377801 	 2.7264085 	5.4365562 	-0.35030236 		-0.00875 0.019387387 -0.028643665 1200000 1
-0.0075 -10097280 	2158.5818 	137788.94 	 -6382874.7 	10407.162 	104983.24 	 0.00062440819 	0.00096491128 	0.045645667 	 -0.00016810615 	-0.0013547466 	-0.0066201965 	 62.169107 	216089.51 	-659.01354 	 -2.2372105 	0.73164929 	-0.012704254 	 2.9137018 	4.6533247 	-0.29977277 		-0.0075 0.016603275 -0.025007689 1200000 1
-0.00625 -10110131 	2404.2939 	113945.89 	 -6385326.8 	8981.5123 	86843.722 	 0.00051663563 	0.00096634577 	0.045704708 	 -0.00013915477 	-0.0013574536 	-0.0066461436 	 62.639375 	216599.09 	-660.62569 	 -2.2322724 	0.60733239 	-0.010257331 	 3.070239 	3.8728496 	-0.24945824 		-0.00625 0.013825651 -0.021157753 1200000 1
-0.005 -10121017 	2109.6695 	90584.357 	 -6387422 	7092.7088 	69056.971 	 0.00041087709 	0.00096612886 	0.045748763 	 -0.0001107673 	-0.0013604736 	-0.006664911 	 53.773007 	217008.96 	-655.48022 	 -2.2283107 	0.48452974 	-0.0079897248 	 3.1970088 	3.0951793 	-0.19932106 		-0.005 0.011053502 -0.017131312 1200000 1
-0.00375 -10129601 	1819.7763 	67606.935 	 -6388981 	5426.6734 	51554.816 	 0.00030675407 	0.00096721294 	0.045784617 	 -8.2704064e-05 	-0.0013619298 	-0.0066810864 	 44.761406 	217335.92 	-657.76439 	 -2.2253011 	0.3625597 	-0.005864716 	 3.2947735 	2.3193973 	-0.14934486 		-0.00375 0.0082854968 -0.01296518 1200000 1
-0.0025 -10135877 	1242.0392 	44912.35 	 -6390129.7 	3541.8875 	34254.625 	 0.00020383215 	0.00096674505 	0.045807238 	 -5.4987325e-05 	-0.0013637511 	-0.0066908133 	 30.573468 	217561.78 	-653.45805 	 -2.2231666 	0.24138603 	-0.0038468746 	 3.3641829 	1.5453471 	-0.099489015 		-0.0025 0.0055206628 -0.0086949008 1200000 1
-0.00125 -10139626 	667.54212 	22411.192 	 -6390745.3 	1802.3709 	17096.074 	 0.00010171767 	0.00096758158 	0.045822915 	 -2.7435212e-05 	-0.0013640836 	-0.0066980301 	 16.146825 	217704.97 	-656.38441 	 -2.2219123 	0.12059046 	-0.0019037351 	 3.4056319 	0.77225981 	-0.049723764 		-0.00125 0.0027578523 -0.0043556588 1200000 1
1.0842022e-17 -10140914 	0.924235 	0.89791 	 -6390989.7 	-1.9459 	1.65035 	 2.101e-10 	0.00096691928 	0.045826169 	 8.9781e-10 	-0.0013648038 	-0.0066992347 	 0.03106605 	217746.09 	-652.79772 	 -2.2214908 	4.707785e-05 	5.663014e-06 	 3.4194275 	-0.000240294 	6.741e-07 		1.0842022e-17 -3.9290819e-06 1.7992759e-05 1200000 1
0.00125 -10139622 	-667.47851 	-22410.748 	 -6390742.5 	-1809.4588 	-17095.159 	 -0.00010171749 	0.00096758237 	0.045822908 	 2.7437632e-05 	-0.0013640807 	-0.0066980289 	 -16.115107 	217704.83 	-656.39807 	 -2.2219136 	-0.1204948 	0.0019161414 	 3.4056285 	-0.7727378 	0.049727131 		0.00125 -0.0027657129 0.0043916401 1200000 1
0.0025 -10135872 	-1242.667 	-44913.075 	 -6390127.5 	-3550.5399 	-34255.586 	 -0.00020383175 	0.0009667452 	0.045807227 	 5.4990263e-05 	-0.0013637491 	-0.0066908158 	 -30.552583 	217561.62 	-653.46447 	 -2.2231661 	-0.24128991 	0.0038602119 	 3.3641796 	-1.5458238 	0.099493979 		0.0025 -0.0055285242 0.0087308778 1200000 1
0.00375 -10129598 	-1818.8393 	-67607.313 	 -6388978.7 	-5432.9209 	-51555.193 	 -0.00030675346 	0.00096721253 	0.045784603 	 8.2706428e-05 	-0.0013619293 	-0.0066810877 	 -44.711931 	217335.77 	-657.76315 	 -2.2252996 	-0.362465 	0.0058777674 	 3.2947688 	-2.3198756 	0.14934933 		0.00375 -0.0082933563 0.013001153 1200000 1
0.005 -10121013 	-2108.1472 	-90584.372 	 -6387419.3 	-7098.0681 	-69056.811 	 -0.00041087671 	0.00096612852 	0.045748748 	 0.00011076926 	-0.0013604733 	-0.0066649114 	 -53.712003 	217008.8 	-655.47851 	 -2.2283088 	-0.48443552 	0.0080024909 	 3.1970027 	-3.095658 	0.19932509 		0.005 -0.01106136 0.017167277 1200000 1
0.00625 -10110128 	-2402.7162 	-113945.82 	 -6385325 	-8986.9464 	-86843.219 	 -0.00051663497 	0.00096634581 	0.045704692 	 0.00013915714 	-0.0013574532 	-0.0066461447 	 -62.576818 	216598.93 	-660.62602 	 -2.2322698 	-0.60723823 	0.010270044 	 3.0702327 	-3.8733278 	0.24946198 		0.00625 -0.013833506 0.02119371 1200000 1
0.0075 -10097277 	-2156.9987 	-137789.04 	 -6382873.1 	-10412.773 	-104982.86 	 -0.00062440723 	0.00096491156 	0.04564565 	 0.00016810902 	-0.0013547461 	-0.0066201981 	 -62.106158 	216089.35 	-659.01524 	 -2.2372073 	-0.73155525 	0.012717117 	 2.9136948 	-4.6538022 	0.29977662 		0.0075 -0.016611126 0.025043638 1200000 1
0.00875 -10082551 	-1951.8872 	-162236.54 	 -6380111.9 	-11988.002 	-123587.14 	 -0.00073465246 	0.00096470858 	0.045575993 	 0.00019754824 	-0.0013503213 	-0.0065918809 	 -63.018915 	215494.38 	-664.82974 	 -2.2432442 	-0.85734838 	0.015390724 	 2.7264009 	-5.4370332 	0.35030622 		0.00875 -0.019395234 0.028679605 1200000 1
0.01 -10066451 	-935.55007 	-187382.59 	 -6377491.3 	-12646.247 	-142736.98 	 -0.00084773818 	0.00096266289 	0.045488299 	 0.00022775513 	-0.0013461605 	-0.006555757 	 -51.284297 	214798.75 	-663.10081 	 -2.2504238 	-0.98571922 	0.018321615 	 2.5072517 	-6.2240697 	0.40104035 		0.01 -0.022187444 0.032062319 1200000 1
0.01125 -10049084 	-152.66757 	-213347.79 	 -6375478.4 	-13132.678 	-162576.09 	 -0.00096417094 	0.0009617529 	0.045386446 	 0.00025861629 	-0.0013401271 	-0.0065187393 	 -46.81778 	214008.8 	-668.36664 	 -2.258968 	-1.1165903 	0.021550888 	 2.254914 	-7.0146931 	0.45199444 		0.01125 -0.024988842 0.035151575 1200000 1
0.0125 -10031000 	1608.6572 	-240228.09 	 -6375127.7 	-11915.396 	-183216.44 	 -0.0010842516 	0.00095872693 	0.04526214 	 0.00029043532 	-0.0013343539 	-0.006474258 	 -30.689951 	213106.26 	-664.28321 	 -2.2690289 	-1.2517564 	0.025110166 	 1.9679508 	-7.8101362 	0.50312091 		0.0125 -0.027801546 0.03790475 1200000 1
0.01375 -10012023 	2500.611 	-268144.71 	 -6377723.4 	-9875.7695 	-204863.7 	 -0.0012085472 	0.00095662309 	0.045119256 	 0.00032310776 	-0.0013265551 	-0.0064329432 	 -37.878949 	212080.12 	-665.5447 	 -2.2810735 	-1.3911258 	0.029044903 	 1.6446766 	-8.6101233 	0.554408 		0.01375 -0.030626954 0.040278059 1200000 1
0.015 -9992336 	4050.913 	-297157.56 	 -6385397.7 	-4884.7761 	-227683.79 	 -0.0013372458 	0.00095203026 	0.04494866 	 0.00035696199 	-0.0013191458 	-0.0063869033 	 -47.666316 	210898.46 	-653.81528 	 -2.2955471 	-1.5375431 	0.033368338 	 1.283299 	-9.4162864 	0.60575218 		0.015 -0.033468268 0.042224693 1200000 1
0.01625 -9970692.5 	3114.0477 	-327325.99 	 -6400701.2 	1802.7896 	-251961.08 	 -0.0014710391 	0.00094811046 	0.044756183 	 0.00039196959 	-0.0013097124 	-0.006352769 	 -116.71974 	209517.85 	-644.15323 	 -2.3134806 	-1.6909318 	0.038101246 	 0.88168972 	-10.228492 	0.65708569 		0.01625 -0.036327888 0.043696449 1200000 1
0.0175 -9945753.6 	1301.3466 	-358622.79 	 -6427319.7 	13007.739 	-277934.81 	 -0.001609886 	0.00094134236 	0.044532309 	 0.00042851655 	-0.0013010726 	-0.0063208037 	 -230.46171 	207869.49 	-615.76825 	 -2.3361027 	-1.8555682 	0.043227433 	 0.43756194 	-11.0493 	0.70821483 		0.0175 -0.039211464 0.044641292 1200000 1
0.01875 -9913496.2 	-6451.5357 	-390969.01 	 -6469217.9 	26441.405 	-305989.83 	 -0.0017547169 	0.00093498589 	0.04428888 	 0.00046674333 	-0.0012906736 	-0.0063157029 	 -472.58478 	205853.14 	-584.1216 	 -2.3656502 	-2.031332 	0.048728421 	 -0.052016869 	-11.879101 	0.75898274 		0.01875 -0.042124317 0.045005463 1200000 1
0.02 -9868742.5 	-19089.113 	-424110.67 	 -6531442.5 	45446.402 	-336443.81 	 -0.0019052129 	0.0009256587 	0.044017958 	 0.00050721329 	-0.0012819169 	-0.0063244696 	 -850.52782 	203328.2 	-526.87439 	 -2.4050262 	-2.2240084 	0.054507531 	 -0.5904283 	-12.722362 	0.80905164 		0.02 -0.045077532 0.044729827 1200000 1
0.02125 -9801656.8 	-43992.769 	-457632.9 	 -6618240.4 	65219.509 	-369741.86 	 -0.0020628058 	0.00091681736 	0.043744991 	 0.00055031172 	-0.0012721448 	-0.0063803115 	 -1471.2838 	200106.52 	-460.60747 	 -2.4587231 	-2.4332078 	0.060434217 	 -1.18252 	-13.580597 	0.85809291 		0.02125 -0.048083543 0.043752527 1200000 1
0.0225 -9699227.1 	-81921.455 	-490839.3 	 -6733603.8 	88421.422 	-406189.9 	 -0.0022270034 	0.00090565662 	0.043467936 	 0.00059695034 	-0.0012654132 	-0.0064621272 	 -2386.5986 	195936.19 	-365.25303 	 -2.532827 	-2.6653517 	0.066268303 	 -1.834628 	-14.461449 	0.90550587 		0.0225 -0.051164554 0.042002777 1200000 1
0.02375 -9541320.2 	-141979.98 	-522696.2 	 -6877551.2 	105162.69 	-446122.08 	 -0.0024001787 	0.00089582375 	0.04323678 	 0.00064770848 	-0.0012589142 	-0.0066066644 	 -3703.6876 	190508.89 	-258.64101 	 -2.6355383 	-2.919155 	0.071678636 	 -2.5563662 	-15.368422 	0.95063391 		0.02375 -0.054348207 0.039403535 1200000 1
0.025 -9301735.1 	-228740.87 	-551705.11 	 -7044892.8 	113240.44 	-489550.81 	 -0.0025823437 	0.00088587301 	0.04306338 	 0.00070387903 	-0.0012572647 	-0.0067702827 	 -5536.9197 	183455.91 	-132.24967 	 -2.77809 	-3.1985856 	0.076156735 	 -3.3619648 	-16.312647 	0.9923975 		0.025 -0.057677332 0.035860795 1200000 1
0.02625 -8945287.2 	-349708.59 	-575769.57 	 -7219193.8 	94088.02 	-536203.03 	 -0.0027774668 	0.00087961288 	0.043034248 	 0.00076582791 	-0.001257499 	-0.0069776156 	 -7939.9744 	174330.93 	-3.108999 	 -2.9737449 	-3.5001966 	0.079000706 	 -4.2726583 	-17.300664 	1.0294806 		0.02625 -0.061208077 0.031262975 1200000 1
0.0275 -8428202.6 	-515436.49 	-592166.25 	 -7364609.2 	28010.076 	-585052.64 	 -0.0029878287 	0.00087789664 	0.043185264 	 0.00083421386 	-0.0012643422 	-0.0071230831 	 -11076.493 	162746 	110.9034 	 -3.2405687 	-3.8183854 	0.079289275 	 -5.3232146 	-18.341716 	1.0598755 		0.0275 -0.065017177 0.025464167 1200000 1
0.02875 -7699724.8 	-722324.75 	-597272.17 	 -7418807.7 	-115187.19 	-634036.07 	 -0.0032196214 	0.00088412165 	0.043645863 	 0.00090803004 	-0.0012749309 	-0.0071832493 	 -14875.867 	148121.41 	203.245 	 -3.5965936 	-4.1455574 	0.07577579 	 -6.563159 	-19.446573 	1.0808967 		0.02875 -0.069207331 0.01826718 1200000 1
0.03 -6703685.3 	-985404.21 	-586820.52 	 -7262591.9 	-408187.89 	-679434.3 	 -0.0034809371 	0.00090199303 	0.044478923 	 0.00098275585 	-0.0012939547 	-0.0068912783 	 -19527.025 	130259.31 	216.0603 	 -4.065363 	-4.4542528 	0.067008367 	 -8.0804646 	-20.597665 	1.0886848 		0.03 -0.073902365 0.009403577 1200000 1
0.03125 -5391866.1 	-1263800.2 	-555375.43 	 -6716715.9 	-890127.38 	-714733.5 	 -0.0037801767 	0.00093308784 	0.045859995 	 0.001054262 	-0.0013215997 	-0.0060791701 	 -24886.89 	108319.29 	175.80851 	 -4.6639371 	-4.7328678 	0.051138963 	 -9.9968426 	-21.811944 	1.0775288 		0.03125 -0.079266903 -0.0015428385 1200000 1
0.0325 -3772556.4 	-1509293.4 	-497457.27 	 -5555350.7 	-1657125.5 	-729856.17 	 -0.0041364955 	0.00098555996 	0.04773588 	 0.0011055728 	-0.0013599973 	-0.0045043298 	 -30725.498 	80946.032 	2.531183 	 -5.3818497 	-4.9577583 	0.026419651 	 -12.451653 	-23.068073 	1.0395717 		0.0325 -0.085471074 -0.015144727 1200000 1
0.03375 -1918671.4 	-1677278.4 	-407632.54 	 -3426997.2 	-2963014.7 	-711870.25 	 -0.0045529087 	0.0010324725 	0.049710337 	 0.0011162961 	-0.0014596337 	-0.0011279363 	 -39742.276 	45916.853 	-275.48947 	 -6.1922908 	-5.0792418 	-0.0079937024 	 -15.678213 	-24.176123 	0.96473072 		0.03375 -0.092656719 -0.032169247 1200000 1
0.035 -567925.23 	-1621658.8 	-315073.75 	 -2642599.3 	-5252927.4 	-730029.8 	 -0.0047761759 	0.001061224 	0.050751432 	 0.0011065358 	-0.0015211664 	0.0010931814 	 -43047.144 	16621.435 	1275.214 	 -6.6169443 	-5.0932123 	-0.027607629 	 -17.52353 	-24.594102 	0.91704867 		0.035 -0.10084829 -0.054470588 1200000 1
