# y jRe_x jRe_y jRe_z jIm_x jIm_y jIm_z BRe_x BRe_y BRe_z BIm_x BIm_y BIm_z F_x F_y F_z VReGrad_x VReGrad_y VReGrad_z VImGrad_x VImGrad_y VImGrad_z s VRe VIm sigma mur
-0.075 -7786658.8 	-903.21753 	392.79865 	 -13076541 	1001.2397 	773.64827 	 1.1599448e-06 	0.0215697 	0.034138521 	 -4.9294966e-07 	0.0086026981 	0.0039882229 	 -20.970125 	158988.29 	-140224.35 	 -1.5374328 	1.6533e-06 	-0.00012875999 	 2.9199933 	0.000161164 	-0.0008539918 		-0.075 -2.9618614e-05 -0.00014178492 1200000 1
-0.07375 -8226035.2 	0.101805 	-0.73829 	 -9635343 	-1.8086689 	-0.081465 	 9.8876e-09 	0.020568857 	0.031190783 	 3.8241485e-09 	0.0057318312 	-5.8520975e-05 	 0.00987428 	131276.94 	-113863.81 	 -1.5819818 	3.648035e-05 	5.51069e-06 	 2.6094911 	-0.0001652035 	1.63395e-06 		-0.07375 -3.2189319e-06 1.2476196e-05 1200000 1
-0.0725 -7871574.4 	-0.49406 	-0.5955005 	 -7093137.6 	-1.9076 	-0.61587 	 8.00505e-09 	0.021781841 	0.023871399 	 1.510215e-09 	0.0044895331 	-0.0060302457 	 0.0079946 	74637.572 	-103627.27 	 -1.6739386 	3.669915e-05 	5.396101e-06 	 2.0379926 	-0.0001666735 	2.16125e-06 		-0.0725 -3.1731831e-06 1.226885e-05 1200000 1
-0.07125 -7170547.4 	-0.91587 	-0.24928 	 -5170440.9 	-2.45177 	-0.32072688 	 5.692e-09 	0.021870131 	0.017782532 	 -8.8375e-11 	0.0028905786 	-0.0087086567 	 0.00603697 	42472.138 	-87655.072 	 -1.7630078 	3.667415e-05 	5.125941e-06 	 1.4914197 	-0.000167414 	1.977085e-06 		-0.07125 -3.12719e-06 1.2059528e-05 1200000 1
-0.07 -6326524.4 	-0.9827 	-0.0030315 	 -3774214.1 	-4.33363 	-0.08989688 	 3.06505e-09 	0.020879157 	0.01275755 	 -1.68945e-09 	0.0012257583 	-0.0096056157 	 0.01448155 	23184.54 	-70062.241 	 -1.8493899 	3.644395e-05 	4.940474e-06 	 0.96919625 	-0.0001668875 	1.849385e-06 		-0.07 -3.0814776e-06 1.1850319e-05 1200000 1
-0.06875 -5462817.6 	-1.2686 	-0.1794539 	 -2789303.5 	-6.55034 	-0.4274905 	 8.227e-10 	0.019433426 	0.0088880135 	 -3.66015e-09 	-0.00026240176 	-0.0094262387 	 0.026663819 	11667.401 	-54078.871 	 -1.9333791 	3.63377e-05 	5.082294e-06 	 0.47021886 	-0.0001660495 	2.208495e-06 		-0.06875 -3.0360375e-06 1.1642326e-05 1200000 1
-0.0675 -4658520.8 	-1.6887 	-0.5069499 	 -2115765.7 	-7.01947 	-0.9745155 	 -1.0078e-09 	0.017722836 	0.0060365603 	 -4.57075e-09 	-0.0013116499 	-0.0086146715 	 0.029012209 	5361.5482 	-41085.75 	 -2.0152746 	3.627805e-05 	5.33377e-06 	 -0.006378326 	-0.000166467 	2.74052e-06 		-0.0675 -2.9906034e-06 1.1435213e-05 1200000 1
-0.06625 -3944958.2 	-1.9456 	-0.341829 	 -1669660 	-6.25377 	-0.6555435 	 -3.215e-09 	0.015946101 	0.0039897886 	 -4.66565e-09 	-0.0020722765 	-0.0075782689 	 0.02216989 	1755.0875 	-30648.198 	 -2.0952983 	3.61137e-05 	5.19976e-06 	 -0.46115844 	-0.000167648 	2.534975e-06 		-0.06625 -2.9453527e-06 1.1226169e-05 1200000 1
-0.065 -3337629.5 	-2.1942 	0.012568 	 -1381559.5 	-7.21232 	-0.0740735 	 -5.381e-09 	0.014243092 	0.0026140193 	 -5.13405e-09 	-0.0024744949 	-0.0064644336 	 0.0200451 	54.281834 	-22837.911 	 -2.1736572 	3.60274e-05 	4.917488e-06 	 -0.89467691 	-0.000167374 	2.10683e-06 		-0.065 -2.9003415e-06 1.1016106e-05 1200000 1
-0.06375 -2831912 	-2.6386 	-0.158835 	 -1201099.4 	-9.08271 	-0.1451935 	 -7.049e-09 	0.012634998 	0.0017043053 	 -6.2521e-09 	-0.0026705174 	-0.00544184 	 0.0230174 	-789.02107 	-16885.473 	 -2.2505279 	3.60715e-05 	5.044808e-06 	 -1.3074209 	-0.0001664555 	2.234325e-06 		-0.06375 -2.8552924e-06 1.0807748e-05 1200000 1
-0.0625 -2419244 	-3.0966 	-0.5147775 	 -1087495 	-9.43209 	-0.5176285 	 -8.3605e-09 	0.011219647 	0.001170245 	 -6.61795e-09 	-0.0026614885 	-0.0045330422 	 0.02180274 	-1004.2515 	-12618.937 	 -2.3260748 	3.6005e-05 	5.304149e-06 	 -1.6999282 	-0.0001667165 	2.60891e-06 		-0.0625 -2.8101749e-06 1.0599969e-05 1200000 1
-0.06125 -2085184.1 	-3.4303 	-0.3336485 	 -1015488.5 	-8.70578 	-0.4719965 	 -9.933e-09 	0.0099409318 	0.00085863124 	 -6.18215e-09 	-0.0025440247 	-0.0037896485 	 0.01617659 	-1021.6052 	-9454.8208 	 -2.4004647 	3.58414e-05 	5.129874e-06 	 -2.0727464 	-0.0001676875 	2.60915e-06 		-0.06125 -2.7652814e-06 1.0390963e-05 1200000 1
-0.06 -1815740.8 	-3.85355 	0.034355 	 -964774.51 	-8.83562 	-0.1963525 	 -1.14035e-08 	0.0088585782 	0.00072535146 	 -5.8689e-09 	-0.0023436206 	-0.0031872746 	 0.01225373 	-876.83629 	-7225.794 	 -2.4738615 	3.59138e-05 	4.8260635e-06 	 -2.426495 	-0.000168014 	2.40632e-06 		-0.06 -2.7205759e-06 1.0180771e-05 1200000 1
-0.05875 -1597521.6 	-4.31515 	-0.140862 	 -925266.23 	-9.54897 	-0.237413 	 -1.2396e-08 	0.0078996428 	0.00067158995 	 -5.84405e-09 	-0.0021031741 	-0.002727998 	 0.01177418 	-737.18321 	-5582.5739 	 -2.5464431 	3.611e-05 	4.984836e-06 	 -2.7618138 	-0.000168044 	2.475405e-06 		-0.05875 -2.675524e-06 9.9709405e-06 1200000 1
-0.0575 -1418594.9 	-4.3857 	-0.4788365 	 -888720.68 	-9.4404 	-0.2792265 	 -1.2995e-08 	0.0070965456 	0.00068666519 	 -5.3246e-09 	-0.0018510074 	-0.0023776362 	 0.01114117 	-580.07718 	-4413.3348 	 -2.6183902 	3.60284e-05 	5.2881065e-06 	 -3.0794047 	-0.000168746 	2.537365e-06 		-0.0575 -2.630301e-06 9.7606636e-06 1200000 1
-0.05625 -1269722.5 	-4.20215 	-0.271359 	 -852634.94 	-9.1766 	-0.116957 	 -1.37155e-08 	0.0063867705 	0.00071230144 	 -4.08345e-09 	-0.0015954018 	-0.0021238419 	 0.00903489 	-468.12458 	-3535.5438 	 -2.6899031 	3.58899e-05 	5.152948e-06 	 -3.3799854 	-0.0001694565 	2.4045055e-06 		-0.05625 -2.5854316e-06 9.5490841e-06 1200000 1
-0.055 -1142843.3 	-4.2585 	0.0840605 	 -814690.8 	-9.8377 	0.0170315 	 -1.4441e-08 	0.0057863343 	0.00075645844 	 -3.05415e-09 	-0.0013592178 	-0.0019377089 	 0.00770076 	-369.28498 	-2886.3628 	 -2.7611883 	3.60945e-05 	4.9131725e-06 	 -3.664322 	-0.0001694765 	2.2901855e-06 		-0.055 -2.5405755e-06 9.3370291e-06 1200000 1
-0.05375 -1032609.6 	-4.47605 	-0.109498 	 -775362.24 	-10.82085 	0.1270565 	 -1.4926e-08 	0.0052503282 	0.00078595316 	 -2.59195e-09 	-0.0011340355 	-0.0018074142 	 0.00833119 	-308.3579 	-2379.2318 	 -2.8324684 	3.638605e-05 	5.1454065e-06 	 -3.9331821 	-0.0001693785 	2.211709e-06 		-0.05375 -2.4951826e-06 9.1253705e-06 1200000 1
-0.0525 -934312.14 	-4.49475 	-0.481945 	 -734630.63 	-11.1086 	0.2986995 	 -1.5267e-08 	0.0047863777 	0.00081647596 	 -2.35055e-09 	-0.00093576197 	-0.0017127298 	 0.0089444 	-258.52621 	-1982.8136 	 -2.9039715 	3.63573e-05 	5.5266089e-06 	 -4.1873647 	-0.0001698025 	2.0813555e-06 		-0.0525 -2.4495641e-06 8.9135766e-06 1200000 1
-0.05125 -845272.81 	-4.42485 	-0.318757 	 -693641.44 	-10.9219 	0.31597 	 -1.57705e-08 	0.0043652666 	0.00082824447 	 -1.91695e-09 	-0.00075097698 	-0.0016466711 	 0.007975851 	-232.37018 	-1658.7347 	 -2.9759404 	3.62132e-05 	5.4536689e-06 	 -4.427661 	-0.000170474 	2.058781e-06 		-0.05125 -2.4042714e-06 8.7008905e-06 1200000 1
-0.05 -763006.11 	-4.63425 	0.019426 	 -652911.64 	-11.0765 	0.225419 	 -1.65605e-08 	0.0039909751 	0.0008383176 	 -1.83245e-09 	-0.00058980651 	-0.0015966103 	 0.006959591 	-210.69093 	-1392.7379 	 -3.0486236 	3.630795e-05 	5.2442635e-06 	 -4.6548777 	-0.000170888 	2.1214515e-06 		-0.05 -2.3590482e-06 8.487379e-06 1200000 1
-0.04875 -686324.36 	-5.02945 	-0.181447 	 -613375.62 	-11.2072 	0.3259855 	 -1.72665e-08 	0.0036453113 	0.00083326314 	 -2.2735e-09 	-0.00043961587 	-0.0015600342 	 0.007042889 	-202.20822 	-1168.0196 	 -3.1222788 	3.647075e-05 	5.504929e-06 	 -4.8698024 	-0.000171435 	2.0404721e-06 		-0.04875 -2.3134829e-06 8.2736591e-06 1200000 1
-0.0475 -613991.24 	-5.24345 	-0.5334 	 -575416.42 	-10.6593 	0.691247 	 -1.7901e-08 	0.003331 	0.00082869692 	 -3.146e-09 	-0.00030657019 	-0.0015293886 	 0.006972449 	-193.8915 	-978.50796 	 -3.1971674 	3.636885e-05 	5.89368e-06 	 -5.073228 	-0.0001724886 	1.7378765e-06 		-0.0475 -2.2678274e-06 8.0588141e-06 1200000 1
-0.04625 -545521.39 	-5.2462 	-0.337415 	 -539562.98 	-10.18175 	0.735123 	 -1.8667e-08 	0.0030366479 	0.00081383723 	 -3.81075e-09 	-0.00018088473 	-0.0015050296 	 0.00615955 	-192.7862 	-816.18844 	 -3.27356 	3.613995e-05 	5.8005863e-06 	 -5.2659242 	-0.0001733525 	1.6845915e-06 		-0.04625 -2.2225397e-06 7.8424322e-06 1200000 1
-0.045 -480271.67 	-5.4235 	0.0355875 	 -505939.11 	-10.3484 	0.5307805 	 -1.9726e-08 	0.0027646375 	0.00080203168 	 -4.55065e-09 	-6.6231234e-05 	-0.0014825162 	 0.00556649 	-190.21561 	-678.49091 	 -3.3517311 	3.61285e-05 	5.5483344e-06 	 -5.4486532 	-0.0001737069 	1.839055e-06 		-0.045 -2.1774737e-06 7.6254158e-06 1200000 1
-0.04375 -418004.04 	-5.7703 	-0.147498 	 -474760.02 	-10.49465 	0.6889355 	 -2.0708e-08 	0.0025073387 	0.00078363113 	 -5.81805e-09 	4.4263179e-05 	-0.0014635097 	 0.00567477 	-191.87228 	-560.7515 	 -3.4319611 	3.620305e-05 	5.76357e-06 	 -5.6221483 	-0.00017420055 	1.7156e-06 		-0.04375 -2.1322075e-06 7.4081668e-06 1200000 1
-0.0425 -358319.81 	-5.9123 	-0.4894995 	 -445949.63 	-10.3912 	1.1044725 	 -2.15e-08 	0.0022670552 	0.00076992699 	 -7.51495e-09 	0.00014840104 	-0.001445164 	 0.00580332 	-191.92076 	-461.7952 	 -3.514534 	3.601e-05 	6.084415e-06 	 -5.7871313 	-0.00017486535 	1.38658e-06 		-0.0425 -2.0869439e-06 7.1899037e-06 1200000 1
-0.04125 -301036.8 	-5.88045 	-0.290233 	 -419535.04 	-10.75415 	1.0255075 	 -2.23695e-08 	0.0020381982 	0.0007518277 	 -8.8938e-09 	0.00025070711 	-0.0014294779 	 0.00578046 	-194.74954 	-378.34074 	 -3.5997409 	3.57154e-05 	5.8933885e-06 	 -5.9442948 	-0.00017502765 	1.46029e-06 		-0.04125 -2.0421665e-06 6.9710047e-06 1200000 1
-0.04 -245831.93 	-6.12005 	0.0608645 	 -395346.37 	-11.60575 	0.5666905 	 -2.3392e-08 	0.0018229525 	0.00073902145 	 -1.00142e-08 	0.00034992919 	-0.0014145577 	 0.00597246 	-196.46394 	-309.76933 	 -3.6878781 	3.571395e-05 	5.536493e-06 	 -6.0943102 	-0.0001748127 	1.8582e-06 		-0.04 -1.9976532e-06 6.7523465e-06 1200000 1
-0.03875 -192499.28 	-6.53505 	-0.1593635 	 -373337.73 	-12.2034 	0.553359 	 -2.42295e-08 	0.0016168137 	0.00072290824 	 -1.14546e-08 	0.00044896771 	-0.0014021646 	 0.00635497 	-200.22844 	-253.54596 	 -3.7792479 	3.583725e-05 	5.6508725e-06 	 -6.2378168 	-0.0001749396 	1.911185e-06 		-0.03875 -1.9529003e-06 6.533961e-06 1200000 1
-0.0375 -140742.18 	-6.69015 	-0.5460355 	 -353310.33 	-12.53155 	0.7264195 	 -2.46585e-08 	0.001421824 	0.00071210475 	 -1.286065e-08 	0.00054721853 	-0.0013908617 	 0.00667921 	-203.47235 	-209.3493 	 -3.8741579 	3.57067e-05 	5.87841e-06 	 -6.3754318 	-0.00017527735 	1.814762e-06 		-0.0375 -1.9080846e-06 6.3150208e-06 1200000 1
-0.03625 -90334.493 	-6.69625 	-0.3885735 	 -335195.42 	-13.11315 	0.426884 	 -2.50415e-08 	0.001234186 	0.00069843694 	 -1.347505e-08 	0.00064645233 	-0.0013819812 	 0.00697843 	-208.29978 	-175.21524 	 -3.9729242 	3.55376e-05 	5.612557e-06 	 -6.5077414 	-0.0001753036 	2.092567e-06 		-0.03625 -1.8636627e-06 6.0958184e-06 1200000 1
-0.035 -40992.167 	-6.96545 	-0.0891765 	 -318810.18 	-13.64025 	-0.1465485 	 -2.535e-08 	0.0010557832 	0.00068979194 	 -1.33552e-08 	0.00074665029 	-0.0013745163 	 0.00725874 	-213.16405 	-151.05327 	 -4.075871 	3.56969e-05 	5.231528e-06 	 -6.6353012 	-0.00017541275 	2.59063e-06 		-0.035 -1.8192655e-06 5.8767802e-06 1200000 1
-0.03375 7525.7573 	-7.3638 	-0.3184285 	 -304100.37 	-13.5698 	-0.31564 	 -2.54125e-08 	0.00088328814 	0.00067841678 	 -1.328245e-08 	0.00084884487 	-0.001369237 	 0.007234308 	-219.26839 	-135.38653 	 -4.1833297 	3.59782e-05 	5.33984e-06 	 -6.7586327 	-0.00017613945 	2.757715e-06 		-0.03375 -1.7744134e-06 5.6572876e-06 1200000 1
-0.0325 55469.089 	-7.5142 	-0.697363 	 -290906.44 	-12.81145 	-0.12160965 	 -2.5014e-08 	0.00071853894 	0.00067175372 	 -1.29291e-08 	0.00095360333 	-0.001365378 	 0.006667768 	-225.85946 	-128.34257 	 -4.2956406 	3.603685e-05 	5.6145775e-06 	 -6.8782256 	-0.0001774335 	2.60699e-06 		-0.0325 -1.729337e-06 5.4364331e-06 1200000 1
-0.03125 103057.78 	-7.4916 	-0.5134035 	 -279193.87 	-12.2661 	-0.13521265 	 -2.4571e-08 	0.00055859653 	0.00066229036 	 -1.196725e-08 	0.0010613889 	-0.0013631376 	 0.006218398 	-233.36168 	-128.85282 	 -4.4131539 	3.600695e-05 	5.444147e-06 	 -6.9945357 	-0.00017846895 	2.590465e-06 		-0.03125 -1.6843684e-06 5.2136945e-06 1200000 1
-0.03 150487.92 	-7.62175 	-0.1543425 	 -268842.99 	-12.32515 	-0.26150147 	 -2.4166e-08 	0.00040538847 	0.00065708125 	 -1.08245e-08 	0.0011735438 	-0.0013621003 	 0.006243878 	-241.72149 	-137.24785 	 -4.5362306 	3.61811e-05 	5.173772e-06 	 -7.1079771 	-0.00017903255 	2.64482e-06 		-0.03 -1.6393206e-06 4.9902236e-06 1200000 1
-0.02875 197940.91 	-7.8019 	-0.3197155 	 -259872.67 	-12.4797 	-0.16984297 	 -2.36365e-08 	0.00025616691 	0.00064865275 	 -1.001665e-08 	0.001290109 	-0.0013618037 	 0.006301602 	-250.6436 	-152.80844 	 -4.66524 	3.64199e-05 	5.3936095e-06 	 -7.2189257 	-0.00017959685 	2.51697e-06 		-0.02875 -1.5938772e-06 4.7660825e-06 1200000 1
-0.0275 245519.09 	-7.725 	-0.645894 	 -252226.13 	-12.51885 	0.15052285 	 -2.29735e-08 	0.00011314907 	0.00064366146 	 -9.4663e-09 	0.0014135201 	-0.0013621125 	 0.006119402 	-260.66652 	-176.0536 	 -4.8005628 	3.640625e-05 	5.7689945e-06 	 -7.3277106 	-0.00018023415 	2.184375e-06 		-0.0275 -1.5482363e-06 4.5412247e-06 1200000 1
-0.02625 293331.38 	-7.4518 	-0.4158525 	 -246027.04 	-12.8247 	0.31584285 	 -2.24345e-08 	-2.6419404e-05 	0.00063423751 	 -8.88825e-09 	0.00154336 	-0.0013619376 	 0.006254584 	-270.74504 	-206.59546 	 -4.9425888 	3.62381e-05 	5.6724735e-06 	 -7.4346201 	-0.0001805814 	1.949785e-06 		-0.02625 -1.502836e-06 4.3154735e-06 1200000 1
-0.025 341364.93 	-7.41405 	-0.0214365 	 -241359.86 	-13.6509 	0.1869061 	 -2.2276e-08 	-0.00015998656 	0.00062638395 	 -8.83235e-09 	0.0016838105 	-0.0013617801 	 0.007025334 	-281.94846 	-245.23622 	 -5.0917203 	3.626985e-05 	5.4333535e-06 	 -7.5398852 	-0.00018049395 	1.951535e-06 		-0.025 -1.4576312e-06 4.0897413e-06 1200000 1
-0.02375 389675.06 	-7.54525 	-0.194594 	 -238580.95 	-14.32735 	0.1281551 	 -2.21095e-08 	-0.00029071106 	0.00061132251 	 -9.1887e-09 	0.0018338807 	-0.0013600297 	 0.0075213219 	-292.3714 	-292.103 	 -5.2483652 	3.638035e-05 	5.672115e-06 	 -7.6436883 	-0.00018055015 	1.91019e-06 		-0.02375 -1.4121456e-06 3.8642256e-06 1200000 1
-0.0225 438139.82 	-7.55035 	-0.5327205 	 -238065.21 	-14.1446 	0.2348047 	 -2.205e-08 	-0.00041597001 	0.00059414551 	 -1.01203e-08 	0.0020004195 	-0.0013583326 	 0.0072126019 	-303.53946 	-348.73122 	 -5.4129427 	3.616145e-05 	6.03927e-06 	 -7.7461419 	-0.00018126105 	1.72993e-06 		-0.0225 -1.3666554e-06 3.6383546e-06 1200000 1
-0.02125 486851.66 	-7.61365 	-0.2998685 	 -240596.39 	-13.6434 	0.3662462 	 -2.2176e-08 	-0.0005397327 	0.00056445733 	 -1.14325e-08 	0.0021813624 	-0.0013551294 	 0.006781455 	-312.48878 	-416.30729 	 -5.5858753 	3.579655e-05 	5.91221e-06 	 -7.8473045 	-0.00018216905 	1.509155e-06 		-0.02125 -1.3217375e-06 3.4110466e-06 1200000 1
-0.02 535720.65 	-8.14325 	0.1005995 	 -247084.17 	-13.8572 	0.3343935 	 -2.2662e-08 	-0.00066037623 	0.00052623905 	 -1.336465e-08 	0.0023874202 	-0.0013546503 	 0.007159995 	-321.30786 	-498.5301 	 -5.767598 	3.57535e-05 	5.633455e-06 	 -7.9471512 	-0.0001824635 	1.42532e-06 		-0.02 -1.2771764e-06 3.1829038e-06 1200000 1
-0.01875 585192.87 	-8.75395 	-0.083484 	 -259002.73 	-14.2914 	0.028356 	 -2.2984e-08 	-0.00078310118 	0.00046699195 	 -1.540315e-08 	0.0026145244 	-0.0013565759 	 0.00793903 	-325.84399 	-598.97824 	 -5.9585401 	3.582605e-05 	5.823465e-06 	 -8.0455923 	-0.00018260015 	1.593625e-06 		-0.01875 -1.232352e-06 2.9548685e-06 1200000 1
-0.0175 635602.29 	-8.8386 	-0.45124 	 -278097.44 	-14.23775 	-0.2766325 	 -2.2977e-08 	-0.00090958843 	0.00039023488 	 -1.688275e-08 	0.0028780962 	-0.0013699303 	 0.00854317 	-329.53064 	-726.99627 	 -6.1591436 	3.55405e-05 	6.143205e-06 	 -8.1424343 	-0.00018314555 	1.766875e-06 		-0.0175 -1.1875895e-06 2.7263786e-06 1200000 1
-0.01625 688415.22 	-8.5828 	-0.2606705 	 -306725.96 	-14.44805 	-0.048828 	 -2.2932e-08 	-0.0010461492 	0.00028158704 	 -1.779095e-08 	0.0031703187 	-0.0013979132 	 0.00905134 	-327.35919 	-890.99794 	 -6.3698386 	3.5149e-05 	5.990255e-06 	 -8.237416 	-0.00018347035 	1.481685e-06 		-0.01625 -1.1434782e-06 2.4969822e-06 1200000 1
-0.015 745257.65 	-8.3992 	0.087263 	 -347645.82 	-15.4996 	0.089349 	 -2.28965e-08 	-0.0012017443 	0.00014660239 	 -1.852314e-08 	0.0035107389 	-0.0014577925 	 0.01099375 	-327.01149 	-1113.0878 	 -6.5910705 	3.5071e-05 	5.69116e-06 	 -8.3301603 	-0.0001831217 	1.27145e-06 		-0.015 -1.0996984e-06 2.267681e-06 1200000 1
-0.01375 809845.28 	-8.1103 	-0.121668 	 -403915.22 	-16.6456 	-0.40985 	 -2.24595e-08 	-0.0013824843 	-2.8614461e-05 	 -1.893351e-08 	0.0038853691 	-0.0015594683 	 0.0142843 	-324.62593 	-1410.179 	 -6.8232636 	3.50835e-05 	5.831255e-06 	 -8.4202222 	-0.00018272405 	1.606645e-06 		-0.01375 -1.0558153e-06 2.0391562e-06 1200000 1
-0.0125 886605.7 	-7.5874 	-0.509775 	 -478944.88 	-16.24065 	-1.068163 	 -2.1753e-08 	-0.0016096694 	-0.00023002935 	 -1.8130895e-08 	0.0043135694 	-0.001731833 	 0.01721765 	-340.44681 	-1828.9987 	 -7.0668633 	3.48655e-05 	6.11919e-06 	 -8.5070244 	-0.00018357495 	2.06815e-06 		-0.0125 -1.0120217e-06 1.8108456e-06 1200000 1
-0.01125 983297.72 	-7.2568 	-0.3337975 	 -575284.46 	-14.8566 	-0.76188 	 -2.14155e-08 	-0.0018852614 	-0.00046459845 	 -1.7210155e-08 	0.0047724722 	-0.0019947445 	 0.0181864 	-378.16199 	-2398.1023 	 -7.3222924 	3.4576e-05 	5.98519e-06 	 -8.589954 	-0.00018514925 	1.69765e-06 		-0.01125 -9.6863915e-07 1.5801872e-06 1200000 1
-0.01 1109306.8 	-7.2247 	0.0015085 	 -695215.51 	-14.4733 	-0.351243 	 -2.1466e-08 	-0.00224638 	-0.00069710358 	 -1.6841507e-08 	0.0052703038 	-0.0023896443 	 0.02125305 	-491.01645 	-3202.9776 	 -7.5900063 	3.43795e-05 	5.75288e-06 	 -8.6682893 	-0.00018581245 	1.22565e-06 		-0.01 -9.255489e-07 1.3479626e-06 1200000 1
-0.00875 1278420.9 	-7.31395 	-0.1677265 	 -837432.01 	-15.33075 	-1.227472 	 -2.133e-08 	-0.0026825308 	-0.00091393554 	 -1.6584237e-08 	0.0057742879 	-0.0029464103 	 0.03002125 	-707.29418 	-4280.0521 	 -7.8704434 	3.4282e-05 	5.931205e-06 	 -8.7413694 	-0.00018538695 	1.8283e-06 		-0.00875 -8.8269909e-07 1.1156535e-06 1200000 1
-0.0075 1507104.1 	-7.5491 	-0.502912 	 -998493.39 	-14.48855 	-2.46442 	 -2.1348e-08 	-0.0032413028 	-0.0010370748 	 -1.449379e-08 	0.0062612525 	-0.0037107688 	 0.0378626 	-1158.8573 	-5755.3817 	 -8.1640861 	3.4254e-05 	6.277235e-06 	 -8.8084799 	-0.0001862549 	2.7255e-06 		-0.0075 -8.39841e-07 8.8446388e-07 1200000 1
-0.00625 1815876.8 	-7.7699 	-0.369097 	 -1166101.5 	-11.1752 	-1.956965 	 -2.201e-08 	-0.0038838698 	-0.0010074289 	 -1.170443e-08 	0.0066928723 	-0.004712719 	 0.0357863 	-1941.9418 	-7642.6952 	 -8.4714211 	3.40725e-05 	6.3384203e-06 	 -8.8692589 	-0.00018901145 	2.15655e-06 		-0.00625 -7.9700892e-07 6.4996825e-07 1200000 1
-0.005 2228282.5 	-7.324 	0.0624985 	 -1321402.1 	-10.22125 	-0.29021 	 -2.25085e-08 	-0.0046399584 	-0.00066962743 	 -9.36655e-09 	0.006986952 	-0.0059742217 	 0.0347419 	-3369.8377 	-10050.015 	 -8.7929659 	3.344e-05 	6.2185903e-06 	 -8.9235106 	-0.00018970895 	6.239e-07 		-0.005 -7.5461178e-07 4.1188841e-07 1200000 1
-0.00375 2767742.7 	-6.8576 	0.0909085 	 -1427159 	-10.91415 	-0.47183 	 -2.2986e-08 	-0.0054027867 	0.00013116384 	 -7.5736e-09 	0.0071129441 	-0.0074908026 	 0.0424517 	-5736.1442 	-12832.447 	 -9.1292325 	3.28385e-05 	6.383317e-06 	 -8.972206 	-0.00018897415 	6.6265e-07 		-0.00375 -7.1337422e-07 1.7567197e-07 1200000 1
-0.0025 3457518 	-7.29855 	-0.284925 	 -1430188 	-9.69005 	-0.275875 	 -2.24805e-08 	-0.0060280204 	0.0016095321 	 -6.01227e-09 	0.0068922788 	-0.0091488913 	 0.0379036 	-9650.4967 	-15664.186 	 -9.4806602 	3.28395e-05 	6.867315e-06 	 -9.0169823 	-0.0001897534 	4.3825e-07 		-0.0025 -6.7247931e-07 -6.0554969e-08 1200000 1
-0.00125 4302525.6 	-7.58525 	-0.532691 	 -1250763.1 	-7.1966 	1.179355 	 -2.19265e-08 	-0.0064370069 	0.0042969908 	 -5.21602e-09 	0.0063451162 	-0.010798841 	 0.017071505 	-16470.515 	-18093.822 	 -9.8467252 	3.25075e-05 	7.205368e-06 	 -9.0617496 	-0.0001913267 	-8.003e-07 		-0.00125 -6.3124712e-07 -2.9873919e-07 1200000 1
5.2475385e-17 2601605.1 	-7.2816 	-0.28523555 	 -577464.42 	-5.1419 	1.00009 	 -2.31625e-08 	-0.0061411654 	0.0067810276 	 -6.7701e-09 	0.0054471027 	-0.011898887 	 0.002049805 	-11382.028 	-10238.764 	 -10.002394 	6.42905e-05 	7.17927e-06 	 -9.0162521 	-0.00017205755 	-1.24075e-06 		5.2475385e-17 -5.7017369e-07 -5.2570703e-07 650000 1
0.00125 438096.6 	-7.0763 	-0.06563455 	 -47082.062 	-4.43285 	0.097712 	 -2.58625e-08 	-0.0055140675 	0.00721778 	 -8.5863e-09 	0.0045017957 	-0.012158953 	 0.00094755 	-1876.4577 	-1331.0612 	 -9.723149 	9.52185e-05 	7.233545e-06 	 -8.7868021 	-0.000151389 	-8.055e-07 		0.00125 -4.7053711e-07 -7.2885784e-07 100000 1
0.0025 434521.62 	-6.96025 	-0.0910085 	 -35304.648 	-4.36915 	-0.0403575 	 -2.9491e-08 	-0.0051002348 	0.0066819596 	 -9.7847e-09 	0.0037545318 	-0.012043583 	 0.00289225 	-1671.5599 	-1189.611 	 -9.2327148 	9.3142e-05 	7.33485e-06 	 -8.4681718 	-0.000151028 	5.945e-07 		0.0025 -3.531924e-07 -9.1733187e-07 100000 1
0.00375 429976.91 	-6.87875 	-0.09768435 	 -25956.157 	-4.1412 	-0.0779645 	 -3.2293e-08 	-0.0048077951 	0.0063826302 	 -1.06545e-08 	0.0032140679 	-0.01193074 	 0.00267795 	-1533.1431 	-1090.1261 	 -8.7560757 	9.1346e-05 	7.256785e-06 	 -8.1515416 	-0.0001521735 	9.9325e-07 		0.00375 -2.3772774e-07 -1.1064153e-06 100000 1
0.005 424788.76 	-6.7516 	-0.10735685 	 -18357.414 	-3.98405 	-0.042183 	 -3.42245e-08 	-0.0045954501 	0.006225515 	 -1.1351e-08 	0.0027795117 	-0.011846177 	 0.0023614 	-1436.2734 	-1016.1549 	 -8.2940366 	8.9176e-05 	7.221085e-06 	 -7.8338434 	-0.0001525535 	6.573e-07 		0.005 -1.2484747e-07 -1.2977885e-06 100000 1
0.00625 419217.29 	-6.6409 	-0.1236885 	 -11956.835 	-3.9742 	-0.156325 	 -3.59405e-08 	-0.0044327716 	0.0061591267 	 -1.1802e-08 	0.002405751 	-0.011781303 	 0.0028254 	-1366.1669 	-957.64537 	 -7.846575 	8.73735e-05 	7.259215e-06 	 -7.5139911 	-0.000151532 	1.81769e-06 		0.00625 -1.4781559e-08 -1.487842e-06 100000 1
0.0075 413365.62 	-6.59535 	-0.144817 	 -6439.4822 	-3.8114 	-0.3191815 	 -3.70535e-08 	-0.0042955328 	0.0061401514 	 -1.18935e-08 	0.0021001936 	-0.011724958 	 0.0021341 	-1310.9768 	-908.66128 	 -7.4136568 	8.63055e-05 	7.35661e-06 	 -7.1913765 	-0.0001521065 	3.45984e-06 		0.0075 9.3580462e-08 -1.6766209e-06 100000 1
0.00875 407415.74 	-6.54835 	-0.15142 	 -1565.0989 	-3.478 	-0.26892305 	 -3.7751e-08 	-0.0041778338 	0.0061545943 	 -1.18325e-08 	0.0018298953 	-0.011679855 	 0.00014205 	-1266.6895 	-866.33958 	 -6.9951785 	8.51985e-05 	7.327555e-06 	 -6.8665615 	-0.0001543405 	2.964865e-06 		0.00875 2.0094916e-07 -1.8680954e-06 100000 1
0.01 401468.21 	-6.451 	-0.1429588 	 2834.1382 	-3.2345 	-0.11696605 	 -3.8021e-08 	-0.0040765461 	0.0061887533 	 -1.1701e-08 	0.0016032567 	-0.011641283 	 -0.0013355 	-1229.2086 	-829.86328 	 -6.5910161 	8.36675e-05 	7.16214e-06 	 -6.54021 	-0.00015567 	1.44756e-06 		0.01 3.0653417e-07 -2.0624654e-06 100000 1
0.01125 395677.47 	-6.34955 	-0.1382408 	 6915.4534 	-3.17335 	-0.17977272 	 -3.84115e-08 	-0.0039871018 	0.0062386344 	 -1.14995e-08 	0.0013992478 	-0.011611881 	 -0.00155894 	-1197.2728 	-797.63297 	 -6.2009921 	8.22615e-05 	7.03768e-06 	 -6.2133759 	-0.000155271 	2.073625e-06 		0.01125 4.100847e-07 -2.2572659e-06 100000 1
0.0125 390142.73 	-6.2696 	-0.151037 	 10795.582 	-3.1248 	-0.28276272 	 -3.8684e-08 	-0.00391061 	0.006298259 	 -1.1138e-08 	0.0012240636 	-0.011588303 	 -0.001740465 	-1168.948 	-769.86655 	 -5.8249146 	8.11335e-05 	7.09481e-06 	 -5.8870534 	-0.0001548405 	3.098045e-06 		0.0125 5.1216592e-07 -2.4506468e-06 100000 1
0.01375 384996.33 	-6.18325 	-0.1575008 	 14593.885 	-2.96035 	-0.2003256 	 -3.84415e-08 	-0.0038433098 	0.0063665668 	 -1.076e-08 	0.0010637789 	-0.011572749 	 -0.00270907 	-1143.8391 	-745.54573 	 -5.4625499 	7.99e-05 	7.09872e-06 	 -5.5623516 	-0.000155558 	2.265e-06 		0.01375 6.1291304e-07 -2.6443679e-06 100000 1
0.015 380331.43 	-6.0799 	-0.1492027 	 18403.7 	-2.84995 	-0.0757986 	 -3.7933e-08 	-0.0037875609 	0.0064404873 	 -1.0522e-08 	0.00092250196 	-0.011562418 	 -0.00334647 	-1120.8824 	-725.18057 	 -5.1136552 	7.8539e-05 	6.95769e-06 	 -5.2403029 	-0.000155728 	1.00832e-06 		0.015 7.1192046e-07 -2.8395294e-06 100000 1
0.01625 376260.11 	-5.9788 	-0.14422075 	 22324.612 	-2.8798 	-0.15961495 	 -3.79135e-08 	-0.0037399966 	0.006519988 	 -1.0356e-08 	0.00079088948 	-0.011559113 	 -0.003064345 	-1099.9862 	-708.0338 	 -4.7779571 	7.73085e-05 	6.843495e-06 	 -4.9219451 	-0.0001545565 	1.833655e-06 		0.01625 8.092525e-07 -3.033661e-06 100000 1
0.0175 372866.61 	-5.89195 	-0.1524664 	 26433.491 	-2.93265 	-0.25320545 	 -3.78675e-08 	-0.0037035107 	0.0066034102 	 -1.0184e-08 	0.00067142056 	-0.011560313 	 -0.002676595 	-1080.5564 	-694.7409 	 -4.455182 	7.62225e-05 	6.85976e-06 	 -4.6082123 	-0.000153224 	2.75564e-06 		0.0175 9.0517447e-07 -3.2259378e-06 100000 1
0.01875 370245.15 	-5.80445 	-0.15695255 	 30816.747 	-2.86885 	-0.1821077 	 -3.71895e-08 	-0.0036748706 	0.0066911333 	 -1.0027e-08 	0.00055784551 	-0.011567585 	 -0.00303789 	-1062.608 	-684.70655 	 -4.1450396 	7.506e-05 	6.84229e-06 	 -4.3000141 	-0.000153059 	2.02931e-06 		0.01875 9.9979172e-07 -3.4167698e-06 100000 1
0.02 368470.91 	-5.7025 	-0.15162855 	 35543.877 	-2.81635 	-0.11398595 	 -3.63115e-08 	-0.0036572822 	0.0067823748 	 -9.902e-09 	0.00045139328 	-0.011578594 	 -0.00328206 	-1045.8365 	-678.66218 	 -3.847245 	7.37855e-05 	6.727245e-06 	 -3.998189 	-0.0001527695 	1.332135e-06 		0.02 1.092794e-06 -3.6086018e-06 100000 1
0.02125 367623.19 	-5.59935 	-0.1510222 	 40696.58 	-2.6401 	-0.1819635 	 -3.5791e-08 	-0.0036475079 	0.0068776468 	 -9.7565e-09 	0.00034799941 	-0.011594779 	 -0.00417185 	-1030.2425 	-676.08947 	 -3.561507 	7.26055e-05 	6.65886e-06 	 -3.7035443 	-0.0001537655 	1.99568e-06 		0.02125 1.1842365e-06 -3.7987088e-06 100000 1
0.0225 367769.15 	-5.5001 	-0.1655458 	 46339.914 	-2.43535 	0.07817085 	 -3.5355e-08 	-0.0036489739 	0.0069767994 	 -9.779e-09 	0.00024789148 	-0.011613871 	 -0.005298255 	-1015.7502 	-677.83665 	 -3.2875473 	7.14995e-05 	6.751085e-06 	 -3.4168115 	-0.0001551035 	-6.22035e-07 		0.0225 1.2743098e-06 -3.9930109e-06 100000 1
0.02375 368976.26 	-5.39215 	-0.17814455 	 52554.315 	-2.55545 	0.27930555 	 -3.4797e-08 	-0.0036583585 	0.0070803509 	 -9.903e-09 	0.00014859697 	-0.01163728 	 -0.004559195 	-1002.2957 	-683.43018 	 -3.0250915 	7.02645e-05 	6.82006e-06 	 -3.1387021 	-0.000153182 	-2.649835e-06 		0.02375 1.3629726e-06 -4.1864479e-06 100000 1
0.025 371305.21 	-5.2667 	-0.18317705 	 59407.896 	-2.4948 	0.12744475 	 -3.427e-08 	-0.0036792647 	0.0071886878 	 -9.723e-09 	4.950732e-05 	-0.011662731 	 -0.00472868 	-989.99083 	-693.881 	 -2.7738808 	6.8878e-05 	6.803236e-06 	 -2.8698915 	-0.000153048 	-1.14743e-06 		0.025 1.4499546e-06 -4.375975e-06 100000 1
0.02625 374814.1 	-5.13335 	-0.1928065 	 66986.575 	-2.32265 	0.214715 	 -3.319e-08 	-0.0037082468 	0.0073022525 	 -9.394e-09 	-5.0638667e-05 	-0.011691667 	 -0.00548613 	-978.6518 	-708.73998 	 -2.5336666 	6.75165e-05 	6.839611e-06 	 -2.6110444 	-0.0001540715 	-2.03659e-06 		0.02625 1.5351571e-06 -4.569082e-06 100000 1
0.0275 379558.8 	-5.01765 	-0.18281375 	 75364.221 	-2.4602 	0.30183245 	 -3.2176e-08 	-0.0037490514 	0.0074219171 	 -9.1845e-09 	-0.00015318722 	-0.011721689 	 -0.004497365 	-968.59219 	-729.24579 	 -2.304222 	6.63565e-05 	6.6797265e-06 	 -2.3627921 	-0.0001520425 	-2.92519e-06 		0.0275 1.6187298e-06 -4.7611541e-06 100000 1
0.02875 385590 	-4.91695 	-0.17128635 	 84635.019 	-2.50165 	0.1478927 	 -3.1686e-08 	-0.0037980936 	0.0075480084 	 -8.964e-09 	-0.00025842459 	-0.011754328 	 -0.004174395 	-959.48762 	-754.95635 	 -2.0853354 	6.52725e-05 	6.4966015e-06 	 -2.1257663 	-0.000150951 	-1.402585e-06 		0.02875 1.7010168e-06 -4.9491812e-06 100000 1
0.03 392959.81 	-4.7916 	-0.1813943 	 94884.601 	-2.14895 	0.0261037 	 -3.10755e-08 	-0.0038592253 	0.0076818683 	 -8.5525e-09 	-0.00036839732 	-0.011786987 	 -0.00608073 	-951.87239 	-787.41934 	 -1.8768183 	6.394215e-05 	6.5359255e-06 	 -1.9005998 	-0.0001537685 	-1.99835e-07 		0.03 1.7818893e-06 -5.1385281e-06 100000 1
0.03125 401712.59 	-4.6597 	-0.1856126 	 106221.93 	-1.8929 	0.20916305 	 -2.99305e-08 	-0.0039287185 	0.0078236794 	 -8.15e-09 	-0.00048258011 	-0.011821314 	 -0.00730655 	-945.24098 	-826.18041 	 -1.6785005 	6.263345e-05 	6.5342555e-06 	 -1.6879428 	-0.00015564805 	-2.045485e-06 		0.03125 1.8608695e-06 -5.333598e-06 100000 1
0.0325 411897.05 	-4.5579 	-0.17171125 	 118746.66 	-1.9923 	0.35267955 	 -2.8854e-08 	-0.0040104866 	0.0079752448 	 -8.0295e-09 	-0.00060368866 	-0.011854392 	 -0.00657962 	-940.41421 	-873.19538 	 -1.4902371 	6.163075e-05 	6.355006e-06 	 -1.4884367 	-0.0001540091 	-3.49629e-06 		0.0325 1.9384655e-06 -5.5276534e-06 100000 1
0.03375 423551.36 	-4.4511 	-0.16913145 	 132583.89 	-1.99195 	0.20010805 	 -2.8276e-08 	-0.0041006713 	0.0081365936 	 -7.9825e-09 	-0.00073046165 	-0.011888019 	 -0.006561915 	-936.69782 	-927.97186 	 -1.3119049 	6.050125e-05 	6.280151e-06 	 -1.3027485 	-0.00015333545 	-1.984875e-06 		0.03375 2.0149353e-06 -5.7186316e-06 100000 1
0.035 436720.51 	-4.3126 	-0.1821598 	 147853.66 	-1.7585 	0.11357955 	 -2.7601e-08 	-0.0042031825 	0.0083099896 	 -7.8055e-09 	-0.00086630066 	-0.01191887 	 -0.007766265 	-935.27025 	-992.99344 	 -1.1434066 	5.90487e-05 	6.3652435e-06 	 -1.1315739 	-0.00015495115 	-1.132e-06 		0.035 2.0897064e-06 -5.9109957e-06 100000 1
0.03625 451435.63 	-4.18135 	-0.18138755 	 164703.9 	-1.7057 	0.3134278 	 -2.64295e-08 	-0.0043140532 	0.0084953064 	 -7.6475e-09 	-0.0010092624 	-0.011948902 	 -0.00775487 	-935.21061 	-1067.6994 	 -0.98466716 	5.774405e-05 	6.3238835e-06 	 -0.97564594 	-0.0001547824 	-3.14281e-06 		0.03625 2.1625485e-06 -6.1060122e-06 100000 1
0.0375 467736.41 	-4.07875 	-0.16687145 	 183276.29 	-1.99365 	0.43600635 	 -2.53325e-08 	-0.0044371063 	0.0086952627 	 -7.7465e-09 	-0.0011634259 	-0.011974246 	 -0.005893945 	-938.19334 	-1155.2387 	 -0.83563773 	5.673435e-05 	6.139632e-06 	 -0.83570565 	-0.0001512307 	-4.3812e-06 		0.0375 2.2340577e-06 -6.2979532e-06 100000 1
0.03875 485644.79 	-3.9646 	-0.1681406 	 203742.31 	-2.15225 	0.28033285 	 -2.47065e-08 	-0.0045683054 	0.008909585 	 -7.898e-09 	-0.0013261648 	-0.011997031 	 -0.0049726 	-943.0706 	-1254.9388 	 -0.69629323 	5.554275e-05 	6.096982e-06 	 -0.71253844 	-0.000148929 	-2.835635e-06 		0.03875 2.3043695e-06 -6.4840921e-06 100000 1
0.04 505192.68 	-3.82005 	-0.18206835 	 226272.2 	-1.9661 	0.16684235 	 -2.3968e-08 	-0.0047112681 	0.0091414398 	 -7.8265e-09 	-0.0015022511 	-0.012012735 	 -0.0059499 	-952.16435 	-1370.7737 	 -0.56663558 	5.40486e-05 	6.178061e-06 	 -0.60697492 	-0.00015002505 	-1.710205e-06 		0.04 2.3728985e-06 -6.6702804e-06 100000 1
0.04125 526389.59 	-3.6877 	-0.17710775 	 251067.54 	-1.8712 	0.32925765 	 -2.27455e-08 	-0.0048619434 	0.0093904215 	 -7.672e-09 	-0.0016883806 	-0.012023653 	 -0.0061676 	-964.07156 	-1501.9099 	 -0.44668939 	5.27493e-05 	6.078594e-06 	 -0.51989484 	-0.0001502206 	-3.343955e-06 		0.04125 2.4394781e-06 -6.8591561e-06 100000 1
0.0425 549255.39 	-3.5828 	-0.1613273 	 278327.95 	-2.02705 	0.41972263 	 -2.15825e-08 	-0.0050235905 	0.00966012 	 -7.6575e-09 	-0.0018899766 	-0.012024443 	 -0.00511275 	-982.01143 	-1653.3135 	 -0.33650538 	5.174365e-05 	5.8665895e-06 	 -0.4521974 	-0.00014792475 	-4.2586e-06 		0.0425 2.5047608e-06 -7.0458323e-06 100000 1
0.04375 573782.08 	-3.4622 	-0.1662843 	 308285.39 	-2.0147 	0.22928598 	 -2.08625e-08 	-0.0051922254 	0.00995002 	 -7.6665e-09 	-0.0021030291 	-0.012017553 	 -0.00533375 	-1004.3445 	-1823.9189 	 -0.23615777 	5.0523e-05 	5.849675e-06 	 -0.40483378 	-0.00014725915 	-2.3630715e-06 		0.04375 2.568823e-06 -7.2289719e-06 100000 1
0.045 599972 	-3.31145 	-0.17975273 	 341175.51 	-1.69545 	0.12436815 	 -2.00475e-08 	-0.0053705427 	0.0102641 	 -7.421e-09 	-0.0023335586 	-0.01199669 	 -0.00714715 	-1035.4786 	-2019.8547 	 -0.14574751 	4.8998e-05 	5.921567e-06 	 -0.37880602 	-0.00014960921 	-1.3215235e-06 		0.045 2.6310516e-06 -7.4139844e-06 100000 1
0.04625 627793.22 	-3.18 	-0.16854949 	 377266.47 	-1.5211 	0.30076077 	 -1.87905e-08 	-0.0055547339 	0.010601763 	 -7.078e-09 	-0.0025768529 	-0.011964417 	 -0.00778255 	-1073.5458 	-2239.7451 	 -0.065397401 	4.7735e-05 	5.7599925e-06 	 -0.37516771 	-0.00015052052 	-3.0935125e-06 		0.04625 2.691305e-06 -7.602998e-06 100000 1
0.0475 657222.46 	-3.0815 	-0.15148354 	 416830.27 	-1.65275 	0.40608497 	 -1.76035e-08 	-0.0057466658 	0.010967307 	 -6.9095e-09 	-0.0028393651 	-0.011913287 	 -0.00689815 	-1124.573 	-2491.0084 	 0.004744947 	4.681845e-05 	5.538909e-06 	 -0.39499146 	-0.00014837916 	-4.155115e-06 		0.0475 2.7503774e-06 -7.790288e-06 100000 1
0.04875 688194.98 	-2.95945 	-0.16111204 	 460170.38 	-1.64975 	0.22818963 	 -1.6834e-08 	-0.0059428583 	0.011360089 	 -6.818e-09 	-0.0031156778 	-0.011845928 	 -0.0071836 	-1186.5422 	-2771.8486 	 0.064509801 	4.560875e-05 	5.574373e-06 	 -0.439398 	-0.0001475308 	-2.383336e-06 		0.04875 2.8083371e-06 -7.9739469e-06 100000 1
0.05 720651.95 	-2.8035 	-0.17610589 	 507600.79 	-1.35615 	0.12658582 	 -1.59805e-08 	-0.006144007 	0.011784635 	 -6.5205e-09 	-0.0034124277 	-0.011753577 	 -0.00884915 	-1267.6186 	-3091.0215 	 0.11370172 	4.404985e-05 	5.6674285e-06 	 -0.50955138 	-0.0001495347 	-1.3734535e-06 		0.05 2.8643848e-06 -8.1591168e-06 100000 1
0.05125 754485.14 	-2.6723 	-0.16160469 	 559464.42 	-1.21205 	0.3128613 	 -1.47195e-08 	-0.0063471582 	0.012240288 	 -6.137e-09 	-0.0037235578 	-0.011638832 	 -0.00916965 	-1365.7418 	-3446.1935 	 0.1521051 	4.279595e-05 	5.4785005e-06 	 -0.60665609 	-0.00015004805 	-3.242952e-06 		0.05125 2.9184499e-06 -8.3477861e-06 100000 1
0.0525 789586.66 	-2.5719 	-0.14465286 	 616115.79 	-1.3474 	0.4172973 	 -1.3527e-08 	-0.0065514068 	0.012731655 	 -5.9545e-09 	-0.0040554234 	-0.011491387 	 -0.00824615 	-1491.9324 	-3847.2993 	 0.17948155 	4.185754e-05 	5.2632155e-06 	 -0.73191872 	-0.00014777355 	-4.294356e-06 		0.0525 2.9713635e-06 -8.534238e-06 100000 1
0.05375 825790.84 	-2.44345 	-0.15921411 	 677933.66 	-1.31895 	0.23616925 	 -1.2721e-08 	-0.0067545921 	0.013258103 	 -5.8695e-09 	-0.0044014343 	-0.011313681 	 -0.00877105 	-1644.3203 	-4291.3136 	 0.19557235 	4.057911e-05 	5.351936e-06 	 -0.88657445 	-0.00014708205 	-2.489051e-06 		0.05375 3.0230793e-06 -8.7172218e-06 100000 1
0.055 862924.46 	-2.2866 	-0.1748818 	 745316.44 	-1.04475 	0.14322245 	 -1.1838e-08 	-0.0069536624 	0.013824124 	 -5.565e-09 	-0.0047669638 	-0.011093685 	 -0.01024395 	-1837.6501 	-4788.8415 	 0.20009484 	3.9007425e-05 	5.4549005e-06 	 -1.0718764 	-0.0001487922 	-1.565024e-06 		0.055 3.0727965e-06 -8.9019461e-06 100000 1
0.05625 900748.1 	-2.16295 	-0.15566317 	 818679.11 	-0.94845 	0.3347747 	 -1.0582e-08 	-0.0071475884 	0.01442914 	 -5.172e-09 	-0.0051451292 	-0.010833477 	 -0.0101056 	-2070.5891 	-5336.0205 	 0.19274864 	3.781728e-05 	5.220123e-06 	 -1.2890886 	-0.000148728 	-3.486894e-06 		0.05625 3.1205857e-06 -9.0892065e-06 100000 1
0.0575 939001.86 	-2.06675 	-0.13931277 	 898458.78 	-1.11065 	0.42259945 	 -9.3885e-09 	-0.0073304993 	0.015077243 	 -4.952e-09 	-0.0055391779 	-0.010519068 	 -0.0090811 	-2362.7454 	-5942.9311 	 0.17321379 	3.6915425e-05 	5.009448e-06 	 -1.5394397 	-0.0001460775 	-4.3719425e-06 		0.0575 3.1673282e-06 -9.2737709e-06 100000 1
0.05875 977352.12 	-1.9344 	-0.16008087 	 985097.95 	-1.12005 	0.2442733 	 -8.5425e-09 	-0.0075029365 	0.015767929 	 -4.7985e-09 	-0.0059423069 	-0.010151899 	 -0.00945195 	-2713.9195 	-6604.7107 	 0.14115334 	3.560745e-05 	5.156769e-06 	 -1.8241495 	-0.000144896 	-2.5949774e-06 		0.05875 3.2128609e-06 -9.4544102e-06 100000 1
0.06 1015426.7 	-1.7744 	-0.17738227 	 1079070.9 	-0.92 	0.16133155 	 -7.6175e-09 	-0.0076553684 	0.016504525 	 -4.4315e-09 	-0.0063539098 	-0.0097158507 	 -0.01030565 	-3149.9445 	-7328.5666 	 0.096210624 	3.401515e-05 	5.269484e-06 	 -2.1444064 	-0.000145755 	-1.772196e-06 		0.06 3.2563324e-06 -9.6360312e-06 100000 1
0.06125 1052774.1 	-1.65135 	-0.15338256 	 1180841.3 	-0.84105 	0.32007755 	 -6.341e-09 	-0.0077904512 	0.017286602 	 -3.98e-09 	-0.006767888 	-0.0092112889 	 -0.00986135 	-3672.6762 	-8108.5397 	 0.038016997 	3.282975e-05 	4.975944e-06 	 -2.501364 	-0.0001454005 	-3.368336e-06 		0.06125 3.2978848e-06 -9.8188073e-06 100000 1
0.0625 1088876.8 	-1.5523 	-0.13291301 	 1290909.4 	-0.9302 	0.41749 	 -5.101e-09 	-0.0078939547 	0.018116223 	 -3.7005e-09 	-0.0071770564 	-0.0086197448 	 -0.0090704 	-4315.8943 	-8944.5157 	 -0.033808183 	3.18822e-05 	4.711609e-06 	 -2.8960855 	-0.000143357 	-4.352647e-06 		0.0625 3.3383924e-06 -9.9995287e-06 100000 1
0.06375 1123136 	-1.41415 	-0.16038785 	 1409743.8 	-0.87805 	0.2138515 	 -4.164e-09 	-0.0079713188 	0.018993016 	 -3.485e-09 	-0.007576906 	-0.0079398222 	 -0.0097661 	-5085.0572 	-9829.3654 	 -0.11965112 	3.04826e-05 	4.912503e-06 	 -3.329579 	-0.000142659 	-2.327127e-06 		0.06375 3.3775743e-06 -1.017718e-05 100000 1
0.065 1154847.3 	-1.2437 	-0.17865525 	 1537862 	-0.46615 	0.110357 	 -3.1145e-09 	-0.0080022909 	0.019917171 	 -2.99805e-09 	-0.007949433 	-0.0071504732 	 -0.0108851 	-6024.0196 	-10747.556 	 -0.21990617 	2.872855e-05 	5.024748e-06 	 -3.8027625 	-0.0001454985 	-1.3053055e-06 		0.065 3.4145836e-06 -1.0356137e-05 100000 1
0.06625 1183228.7 	-1.131675 	-0.134835 	 1675724 	-0.41981 	0.4648695 	 -1.7195e-09 	-0.0079958267 	0.020888401 	 -2.50815e-09 	-0.0082928688 	-0.0062472056 	 -0.00911775 	-7144.6591 	-11690.642 	 -0.33495586 	2.757805e-05 	4.532463e-06 	 -4.3165014 	-0.0001446715 	-4.8674855e-06 		0.06625 3.4493809e-06 -1.0540924e-05 100000 1
0.0675 1207329.7 	-1.05865 	-0.1141362 	 1823847.8 	-0.71832 	0.53018255 	 -2.86e-10 	-0.0079238954 	0.021904371 	 -2.3006e-09 	-0.0085714822 	-0.0052056297 	 -0.00790125 	-8504.1996 	-12612.766 	 -0.46517248 	2.6812e-05 	4.261138e-06 	 -4.8715108 	-0.0001403645 	-5.5402255e-06 		0.0675 3.4835109e-06 -1.0717841e-05 100000 1
0.06875 1226128.2 	-0.90642 	-0.1428898 	 1982666.5 	-0.42403 	0.23715555 	 9.151e-10 	-0.0077994034 	0.022965397 	 -2.11715e-09 	-0.0087867733 	-0.0040146795 	 -0.00893565 	-10127.681 	-13502.356 	 -0.61088468 	2.520145e-05 	4.465655e-06 	 -5.4685139 	-0.0001419045 	-2.6313355e-06 		0.06875 3.5163907e-06 -1.0891839e-05 100000 1
0.07 1238329.5 	-0.73675 	-0.14385115 	 2152697.4 	-0.17343 	0.13740445 	 2.29845e-09 	-0.0075840943 	0.024067489 	 -1.6515e-09 	-0.0088737983 	-0.0026417178 	 -0.0085932 	-12096.026 	-14255.472 	 -0.77238849 	2.3403e-05 	4.392945e-06 	 -6.1081322 	-0.00014296 	-1.6590055e-06 		0.07 3.5464944e-06 -1.1072602e-05 100000 1
0.07125 1242518.9 	-0.6021 	-0.1415363 	 2334375.3 	-0.27955 	0.03288045 	 4.14845e-09 	-0.0072911284 	0.025215375 	 -1.10125e-09 	-0.0088280868 	-0.0010554377 	 -0.00779775 	-14472.235 	-14838.545 	 -0.94984188 	2.194265e-05 	4.28947e-06 	 -6.7912003 	-0.000140409 	-6.425055e-07 		0.07125 3.5748794e-06 -1.124926e-05 100000 1
0.0725 1236804.3 	-0.441285 	-0.11576061 	 2528275.9 	-0.246255 	-0.111948 	 6.1005e-09 	-0.0068713193 	0.026397389 	 -5.531e-10 	-0.0085194539 	0.0007701314 	 -0.00672655 	-17348.239 	-15015.515 	 -1.1433444 	2.019505e-05 	3.95396e-06 	 -7.518606 	-0.000139172 	7.73505e-07 		0.0725 3.6013336e-06 -1.1423644e-05 100000 1
0.07375 1218923.9 	-0.237748 	-0.07289996 	 2734810 	-0.122391 	-0.1070975 	 7.98545e-09 	-0.0062759368 	0.027648341 	 2.315e-11 	-0.0078727129 	0.0030139298 	 -0.0040619 	-21032.52 	-14577.779 	 -1.3520972 	1.7994e-05 	3.455075e-06 	 -8.2897088 	-0.000138708 	6.90495e-07 		0.07375 3.625351e-06 -1.1597182e-05 100000 1
0.075 1179947.5 	-0.1347395 	-0.05957 	 2903309.9 	0.040878 	-0.02721 	 8.7971e-09 	-0.0059540091 	0.028277457 	 2.687e-10 	-0.0074701499 	0.004232299 	 -0.00212283 	-22826.831 	-14360.45 	 -1.4600596 	1.6768e-05 	3.26043e-06 	 -8.6859911 	-0.000138578 	-1.411e-07 		0.075 3.6451756e-06 -1.1761767e-05 100000 1
