# y jRe_x jRe_y jRe_z jIm_x jIm_y jIm_z BRe_x BRe_y BRe_z BIm_x BIm_y BIm_z F_x F_y F_z VReGrad_x VReGrad_y VReGrad_z VImGrad_x VImGrad_y VImGrad_z s VRe VIm sigma mur
-0.075 -1843518.7 	-0.085282898 	-0.036665168 	 -4444336.7 	0.40807296 	-0.16385698 	 4.88815e-09 	0.0083540444 	0.039448366 	 3.89165e-09 	0.010532572 	0.006577894 	 0.00081061986 	50977.292 	-31115.121 	 0.16571308 	4.981025e-06 	-1.2775849e-07 	 0.3916578 	-5.78845e-06 	3.4366398e-07 		-0.075 -2.1562939e-09 1.0014344e-06 1200000 1
-0.07375 -1910962.4 	-0.067712862 	-0.13829185 	 -4121419.7 	0.21626216 	-0.17618322 	 5.2868412e-09 	0.009168417 	0.038030759 	 3.7438698e-09 	0.011599366 	0.0038214657 	 0.00088575142 	44250.01 	-32650.837 	 0.14443925 	5.0696982e-06 	-5.2035588e-08 	 0.30600862 	-5.7765504e-06 	3.5697547e-07 		-0.07375 4.1448592e-09 9.9402435e-07 1200000 1
-0.0725 -1937761 	0.22017899 	0.23215709 	 -3779048 	0.25988568 	-0.22874996 	 5.5145424e-09 	0.0099900383 	0.036060296 	 3.5549805e-09 	0.012472319 	0.00060748818 	 0.0042780517 	36101.46 	-33247.823 	 0.11584211 	4.9281335e-06 	-3.6979906e-07 	 0.18979477 	-5.9629673e-06 	4.0284467e-07 		-0.0725 1.0376761e-08 9.8715042e-07 1200000 1
-0.07125 -1937342.8 	0.12088208 	0.059550349 	 -3462141.6 	0.44104799 	-0.23133484 	 5.8296483e-09 	0.010626904 	0.034153164 	 3.9710195e-09 	0.012950655 	-0.0021337552 	 0.0028259265 	29412.339 	-32726.776 	 0.088952839 	5.1005093e-06 	-2.343072e-07 	 0.078861883 	-6.2686836e-06 	4.0798774e-07 		-0.07125 1.6684466e-08 9.7910332e-07 1200000 1
-0.07 -1918129.5 	0.39712504 	0.087482773 	 -3166872.3 	0.19819458 	-0.34632187 	 6.4559562e-09 	0.011021788 	0.032322666 	 4.0067343e-09 	0.01304744 	-0.0044637604 	 0.0076630402 	23955.34 	-31248.505 	 0.063757442 	4.9622506e-06 	-2.6563782e-07 	 -0.027240391 	-6.2241193e-06 	5.0660664e-07 		-0.07 2.2954769e-08 9.7144288e-07 1200000 1
-0.06875 -1890558.6 	0.25964546 	0.1817715 	 -2886954.3 	0.55605307 	-0.50031529 	 6.79019e-09 	0.011274284 	0.03053987 	 3.9323635e-09 	0.012677273 	-0.0065159405 	 0.004314405 	19475.695 	-28963.899 	 0.04032197 	5.1630946e-06 	-3.520687e-07 	 -0.12849324 	-6.6861009e-06 	6.3801474e-07 		-0.06875 2.9313432e-08 9.6324423e-07 1200000 1
-0.0675 -1848025.3 	0.51199583 	-0.064612994 	 -2628345.8 	0.046718345 	-0.61770207 	 7.3465187e-09 	0.011375454 	0.028842609 	 3.6799945e-09 	0.012225268 	-0.0082466342 	 0.011299949 	15824.365 	-26588.466 	 0.018566282 	5.0369786e-06 	-1.5361029e-07 	 -0.22508207 	-6.4279815e-06 	7.3942303e-07 		-0.0675 3.5683485e-08 9.5507072e-07 1200000 1
-0.06625 -1793044.3 	0.47268576 	0.19974081 	 -2390510.2 	0.5568721 	-0.52560153 	 7.9241525e-09 	0.011290607 	0.027257366 	 3.4862045e-09 	0.011770078 	-0.0096459127 	 0.0056563095 	12932.218 	-24214.997 	 -0.001530018 	5.1494909e-06 	-3.7954772e-07 	 -0.31704638 	-7.0205768e-06 	6.6580362e-07 		-0.06625 4.2002504e-08 9.467024e-07 1200000 1
-0.065 -1730271.8 	0.59409588 	-0.068921554 	 -2170634.7 	0.25793211 	-0.52703053 	 8.4889302e-09 	0.011115289 	0.025766843 	 3.4269555e-09 	0.011240107 	-0.010834795 	 0.0095630588 	10557.749 	-21844.409 	 -0.02002453 	5.1253122e-06 	-1.6023231e-07 	 -0.40448716 	-6.9408096e-06 	6.7081895e-07 		-0.065 4.8502108e-08 9.3801571e-07 1200000 1
-0.06375 -1663200.9 	0.64497013 	0.2185411 	 -1965915.8 	0.44016511 	-0.44908463 	 9.0155155e-09 	0.011019303 	0.024335448 	 2.9702576e-09 	0.01057289 	-0.011883393 	 0.0063680243 	8565.9853 	-19569.723 	 -0.036982739 	5.1601104e-06 	-4.0380757e-07 	 -0.48757973 	-7.2655272e-06 	6.089896e-07 		-0.06375 5.4805071e-08 9.2940649e-07 1200000 1
-0.0625 -1589833 	0.70043512 	-0.051572141 	 -1778417.2 	0.35200657 	-0.42175926 	 9.4572237e-09 	0.01079332 	0.022963485 	 2.9437731e-09 	0.0099126999 	-0.012801016 	 0.0081909246 	6877.167 	-17406.969 	 -0.052456549 	5.1844346e-06 	-1.8155568e-07 	 -0.56634699 	-7.3647237e-06 	5.9020404e-07 		-0.0625 6.1312956e-08 9.1996616e-07 1200000 1
-0.06125 -1510251.3 	0.86655469 	0.11968006 	 -1608813.2 	0.2951529 	-0.47853146 	 1.026959e-08 	0.010341671 	0.021688297 	 2.8390422e-09 	0.0092823195 	-0.013585789 	 0.0089835358 	5458.8442 	-15297.143 	 -0.066521032 	5.1168468e-06 	-3.2636628e-07 	 -0.64096554 	-7.4903961e-06 	6.4083589e-07 		-0.06125 6.7702793e-08 9.1095135e-07 1200000 1
-0.06 -1429988.2 	0.73050727 	0.069328936 	 -1451403.3 	0.62384052 	-0.44759684 	 1.0881973e-08 	0.0098864764 	0.020465848 	 2.8737889e-09 	0.0086093137 	-0.014275343 	 0.0046271297 	4281.9059 	-13338.766 	 -0.079268255 	5.2961579e-06 	-2.8606389e-07 	 -0.71166849 	-7.938946e-06 	6.1887111e-07 		-0.06 7.416511e-08 9.0117313e-07 1200000 1
-0.05875 -1350943.3 	1.0029401 	-0.013812927 	 -1303425.2 	0.095857079 	-0.69960319 	 1.138507e-08 	0.0095550424 	0.019289225 	 2.4755284e-09 	0.0078702191 	-0.01489665 	 0.011760473 	3323.4095 	-11596.516 	 -0.090784869 	5.1381818e-06 	-2.1892622e-07 	 -0.77870627 	-7.6778536e-06 	8.3284005e-07 		-0.05875 8.0677969e-08 8.9139246e-07 1200000 1
-0.0575 -1268744.8 	0.92751254 	0.17284737 	 -1170293.9 	0.73209182 	-0.42708168 	 1.1970445e-08 	0.0091235469 	0.018236647 	 2.3801329e-09 	0.0072283834 	-0.01535829 	 0.0036173648 	2587.556 	-10032.345 	 -0.10111883 	5.2625166e-06 	-3.7585222e-07 	 -0.84209222 	-8.3865503e-06 	6.0955263e-07 		-0.0575 8.7135917e-08 8.8145709e-07 1200000 1
-0.05625 -1185358.9 	1.0065142 	-0.045195382 	 -1049732.2 	0.20077661 	-0.523482 	 1.2509933e-08 	0.0084810827 	0.017329462 	 2.0213847e-09 	0.0066687363 	-0.015674825 	 0.009051095 	2054.6496 	-8550.7617 	 -0.11035017 	5.257931e-06 	-1.9572715e-07 	 -0.90204095 	-8.1190201e-06 	6.9434486e-07 		-0.05625 9.3736463e-08 8.7124835e-07 1200000 1
-0.055 -1102926.6 	1.0116792 	0.17208118 	 -938470.19 	0.45481661 	-0.27058138 	 1.3052525e-08 	0.0079759345 	0.016471787 	 1.7865937e-09 	0.006090616 	-0.015948255 	 0.0048367805 	1608.9941 	-7280.5511 	 -0.11858637 	5.3133619e-06 	-3.7863623e-07 	 -0.95890545 	-8.5091131e-06 	4.8775521e-07 		-0.055 1.0018517e-07 8.6116776e-07 1200000 1
-0.05375 -1021544.2 	1.0792268 	-0.063036117 	 -836505.51 	0.30094325 	-0.14339618 	 1.3301983e-08 	0.0076577884 	0.015659013 	 1.1100339e-09 	0.0055074101 	-0.01618215 	 0.0066979691 	1231.2518 	-6230.8059 	 -0.12587869 	5.3150828e-06 	-1.8498428e-07 	 -1.0127485 	-8.5587322e-06 	3.8675539e-07 		-0.05375 1.068431e-07 8.5035295e-07 1200000 1
-0.0525 -940075.96 	1.1698247 	0.16921088 	 -744555.65 	0.082879569 	-0.27435207 	 1.3856134e-08 	0.0071075605 	0.014920158 	 7.943888e-10 	0.0049781004 	-0.016379618 	 0.0080837882 	918.60419 	-5210.1895 	 -0.13230138 	5.2994404e-06 	-3.8168708e-07 	 -1.0637855 	-8.5558729e-06 	5.0061784e-07 		-0.0525 1.1340898e-07 8.4000159e-07 1200000 1
-0.05125 -858846.75 	1.005288 	0.0040320484 	 -662342.28 	0.40917488 	-0.072649395 	 1.4576047e-08 	0.0063308656 	0.014260458 	 5.9134203e-10 	0.0045070739 	-0.016526455 	 0.003984523 	656.1118 	-4231.344 	 -0.13792914 	5.4898049e-06 	-2.4716701e-07 	 -1.1121977 	-9.003793e-06 	3.3809771e-07 		-0.05125 1.2004458e-07 8.288506e-07 1200000 1
-0.05 -780397.07 	1.1868992 	0.042297999 	 -584759.56 	0.0043307514 	-0.50945147 	 1.5052515e-08 	0.0057714924 	0.013621374 	 5.7269997e-11 	0.0040171072 	-0.016670958 	 0.0089186536 	444.36096 	-3447.3416 	 -0.14288568 	5.3979699e-06 	-2.8408611e-07 	 -1.1584141 	-8.8450286e-06 	7.0781033e-07 		-0.05 1.2676012e-07 8.179193e-07 1200000 1
-0.04875 -703914 	1.1379782 	0.087183419 	 -512390.55 	0.30160352 	-0.10777018 	 1.5526616e-08 	0.0053937871 	0.013006062 	 -1.8631848e-10 	0.003534006 	-0.016800171 	 0.0049274862 	273.94316 	-2822.965 	 -0.14724765 	5.4927573e-06 	-3.2678843e-07 	 -1.2026209 	-9.2752238e-06 	3.7940483e-07 		-0.04875 1.3348515e-07 8.0669835e-07 1200000 1
-0.0475 -627721.37 	1.2049893 	-0.043944298 	 -448147.89 	-0.24668005 	-0.68246972 	 1.5835401e-08 	0.0047815075 	0.012527887 	 -1.3063185e-09 	0.0031210496 	-0.016845623 	 0.010689411 	161.22365 	-2219.4458 	 -0.15103397 	5.4955637e-06 	-2.2443225e-07 	 -1.2447999 	-8.9967354e-06 	8.6504643e-07 		-0.0475 1.4034076e-07 7.9531637e-07 1200000 1
-0.04625 -552825.89 	1.1199751 	0.085319966 	 -389033.38 	0.17747843 	-0.1659702 	 1.6478477e-08 	0.0040000186 	0.01213147 	 -9.8695433e-10 	0.0027438245 	-0.016853735 	 0.0054230389 	81.070172 	-1660.8687 	 -0.15437126 	5.621349e-06 	-3.3892866e-07 	 -1.2853817 	-9.5268509e-06 	4.4160649e-07 		-0.04625 1.4707902e-07 7.8427426e-07 1200000 1
-0.045 -479789.53 	1.1586369 	-0.095446076 	 -334169.08 	-0.15076017 	-0.23816162 	 1.6696605e-08 	0.0035477046 	0.011757293 	 -2.0997799e-09 	0.0023590627 	-0.016862468 	 0.0085755171 	6.6540984 	-1268.4285 	 -0.15731303 	5.6452323e-06 	-1.9609067e-07 	 -1.3244528 	-9.4320634e-06 	5.0922988e-07 		-0.045 1.5402114e-07 7.7261627e-07 1200000 1
-0.04375 -408017.48 	1.3189954 	0.10425627 	 -283081.1 	-0.60347174 	-0.34233047 	 1.6964721e-08 	0.0032168226 	0.011415757 	 -2.3428653e-09 	0.0019891729 	-0.016874921 	 0.012684037 	-58.82806 	-961.0214 	 -0.159957 	5.5718306e-06 	-3.7106524e-07 	 -1.3623595 	-9.2314633e-06 	6.0344956e-07 		-0.04375 1.6089347e-07 7.6130023e-07 1200000 1
-0.0425 -337079.89 	1.1846745 	-0.12937913 	 -236577.57 	-0.17646421 	0.055715456 	 1.7529775e-08 	0.0025533746 	0.011141318 	 -3.129889e-09 	0.0016591506 	-0.016865541 	 0.0083186161 	-114.59658 	-647.91632 	 -0.16235773 	5.7357113e-06 	-1.8431358e-07 	 -1.3991251 	-9.7623009e-06 	2.7987262e-07 		-0.0425 1.678409e-07 7.4926881e-07 1200000 1
-0.04125 -267213.88 	1.2347832 	0.01293241 	 -193312.71 	-0.40927299 	-0.65781238 	 1.8356097e-08 	0.0016981366 	0.010938176 	 -3.2615803e-09 	0.0013517792 	-0.01684218 	 0.010586547 	-162.2743 	-377.15027 	 -0.16459093 	5.7546441e-06 	-3.1159199e-07 	 -1.435028 	-9.737896e-06 	8.8214938e-07 		-0.04125 1.7481116e-07 7.3767152e-07 1200000 1
-0.04 -198655.3 	1.1795737 	-0.064969516 	 -150844.2 	-0.37304239 	-0.048727024 	 1.8916008e-08 	0.0012902488 	0.010704788 	 -3.6868279e-09 	0.0010264491 	-0.016848371 	 0.0096611096 	-205.63845 	-229.42482 	 -0.1668162 	5.8522348e-06 	-2.543963e-07 	 -1.4705277 	-9.9508751e-06 	3.8306409e-07 		-0.04 1.8184326e-07 7.255301e-07 1200000 1
-0.03875 -130698.9 	1.3308405 	-0.079101687 	 -110525.04 	-0.76657086 	-1.0723393 	 1.9367388e-08 	0.00090930272 	0.010521284 	 -5.4242157e-09 	0.00071319252 	-0.016847591 	 0.013692094 	-242.49545 	-124.63433 	 -0.16906137 	5.7860357e-06 	-2.5129481e-07 	 -1.5056349 	-9.801014e-06 	1.2444174e-06 		-0.03875 1.8904946e-07 7.1322521e-07 1200000 1
-0.0375 -63188.371 	1.2871387 	-0.035870084 	 -72294.89 	-0.65723527 	-0.16470431 	 2.0082142e-08 	0.00024152089 	0.010436382 	 -4.5096637e-09 	0.00042814136 	-0.016810068 	 0.012437843 	-274.99997 	-46.220021 	 -0.17138711 	5.8759212e-06 	-2.9290641e-07 	 -1.5404789 	-1.0062257e-05 	4.9628608e-07 		-0.0375 1.9607962e-07 7.0150375e-07 1200000 1
-0.03625 3720.159 	1.1414836 	-0.15809672 	 -35027.029 	-0.72412941 	-0.62401996 	 2.0671275e-08 	-0.00060115142 	0.010415862 	 -5.6599207e-09 	0.00014956539 	-0.016755722 	 0.011972678 	-308.17893 	-23.311184 	 -0.17388018 	6.0578254e-06 	-1.9638076e-07 	 -1.5752478 	-1.0174734e-05 	8.8704231e-07 		-0.03625 2.033257e-07 6.8929617e-07 1200000 1
-0.035 70359.854 	1.362015 	-0.030990115 	 2250.9811 	-0.9782831 	-0.42872344 	 2.1004705e-08 	-0.00086085604 	0.010384991 	 -5.32111e-09 	-0.00013269347 	-0.016732131 	 0.015183719 	-344.61702 	-57.874282 	 -0.17664962 	5.9391331e-06 	-3.0589182e-07 	 -1.6103425 	-1.0130285e-05 	7.3189654e-07 		-0.035 2.1050554e-07 6.7718316e-07 1200000 1
-0.03375 136892.9 	1.3600967 	-0.29449388 	 39219.54 	-0.68650274 	0.023606452 	 2.135571e-08 	-0.0012220032 	0.010408848 	 -6.3926431e-09 	-0.00041208427 	-0.016694082 	 0.012834162 	-384.2849 	-121.6948 	 -0.17976653 	6.0041086e-06 	-8.7834679e-08 	 -1.6457545 	-1.0544793e-05 	3.6247425e-07 		-0.03375 2.1778016e-07 6.6454463e-07 1200000 1
-0.0325 203346.98 	1.4775806 	-0.047603591 	 76571.451 	-0.84765839 	-0.70964359 	 2.2400336e-08 	-0.0019668842 	0.0105016 	 -5.2843864e-09 	-0.00069527677 	-0.016644463 	 0.014365067 	-427.82539 	-250.78901 	 -0.18330672 	5.9840765e-06 	-2.9421031e-07 	 -1.6816875 	-1.0572479e-05 	9.7987449e-07 		-0.0325 2.2505924e-07 6.5184484e-07 1200000 1
-0.03125 269725.26 	1.165815 	-0.22249621 	 115128.79 	-0.081472914 	0.08800054 	 2.3436552e-08 	-0.002837102 	0.010656866 	 -4.5469401e-09 	-0.00099657984 	-0.01657085 	 0.0067917169 	-479.84595 	-458.75932 	 -0.18734931 	6.3137349e-06 	-1.4624094e-07 	 -1.7183268 	-1.1372457e-05 	3.2131595e-07 		-0.03125 2.3229864e-07 6.3853527e-07 1200000 1
-0.03 337673.97 	1.456681 	-0.10786784 	 154792.63 	-0.19381731 	-1.0472525 	 2.4162719e-08 	-0.0030859078 	0.010770427 	 -5.2474847e-09 	-0.0013020136 	-0.01654757 	 0.0084481193 	-536.57717 	-650.51734 	 -0.19215634 	6.1521157e-06 	-2.4177945e-07 	 -1.7563002 	-1.1447946e-05 	1.2733795e-06 		-0.03 2.3980855e-07 6.2479249e-07 1200000 1
-0.02875 406138.67 	1.6297368 	-0.1567053 	 196204.93 	-0.51386495 	0.044778416 	 2.4905585e-08 	-0.0034666085 	0.010957887 	 -3.6551272e-09 	-0.0016060705 	-0.016498426 	 0.013319081 	-605.84873 	-892.85378 	 -0.19768565 	6.0816474e-06 	-1.9843677e-07 	 -1.795395 	-1.1344131e-05 	3.6898802e-07 		-0.02875 2.4713374e-07 6.1129489e-07 1200000 1
-0.0275 474799.68 	1.4504514 	-0.18216017 	 240305.41 	-0.28059383 	-0.91058603 	 2.5643827e-08 	-0.0042517248 	0.011239505 	 -5.1128482e-09 	-0.0019169514 	-0.016409876 	 0.0090886908 	-694.14265 	-1263.0789 	 -0.20400974 	6.3122691e-06 	-1.7588798e-07 	 -1.8356954 	-1.1694285e-05 	1.1695141e-06 		-0.0275 2.5468758e-07 5.9717357e-07 1200000 1
-0.02625 544467.75 	1.405685 	-0.11662721 	 287429.78 	0.075254388 	-0.37131546 	 2.6477374e-08 	-0.0049984815 	0.011556879 	 -3.7207126e-09 	-0.002229633 	-0.016317575 	 0.0069772473 	-798.37704 	-1700.1693 	 -0.21129416 	6.4319569e-06 	-2.2812035e-07 	 -1.8776333 	-1.2142202e-05 	7.2395667e-07 		-0.02625 2.6206574e-07 5.8359125e-07 1200000 1
-0.025 614871.5 	1.6106668 	-0.34841479 	 337926.96 	-0.12735672 	-0.29404458 	 2.6599024e-08 	-0.0051727634 	0.011903314 	 -5.4441015e-09 	-0.0025456813 	-0.016220601 	 0.0095086811 	-918.4786 	-2054.0305 	 -0.21960126 	6.3463255e-06 	-3.2609209e-08 	 -1.9212101 	-1.2128903e-05 	6.6257077e-07 		-0.025 2.6962652e-07 5.6929074e-07 1200000 1
-0.02375 686567.53 	2.0108059 	-0.090465675 	 392446.85 	-1.1171305 	-1.1251671 	 2.7686216e-08 	-0.0055634994 	0.012304185 	 -5.0392316e-09 	-0.0028835167 	-0.016110463 	 0.0191513 	-1061.6415 	-2510.4973 	 -0.22915662 	6.1100762e-06 	-2.4578982e-07 	 -1.9668257 	-1.1444106e-05 	1.356923e-06 		-0.02375 2.7720381e-07 5.5511831e-07 1200000 1
-0.0225 758050.02 	1.5751427 	-0.34209817 	 452570.85 	0.43348012 	-0.29500799 	 2.8803136e-08 	-0.0064426011 	0.012821304 	 -4.8869573e-09 	-0.0032921653 	-0.015923217 	 0.0054603299 	-1255.0188 	-3209.0484 	 -0.23992629 	6.5634291e-06 	-3.1714437e-08 	 -2.0142886 	-1.2872689e-05 	6.6598192e-07 		-0.0225 2.8469649e-07 5.402888e-07 1200000 1
-0.02125 830909.91 	1.61975 	-0.060713997 	 517782.05 	0.45050685 	-1.4747037 	 3.0424988e-08 	-0.0071619143 	0.013374579 	 -4.2821397e-09 	-0.0037158416 	-0.01572797 	 0.0041726409 	-1483.3382 	-3955.9822 	 -0.25218784 	6.6295801e-06 	-2.6307458e-07 	 -2.0641431 	-1.3017166e-05 	1.6485311e-06 		-0.02125 2.9233652e-07 5.2549707e-07 1200000 1
-0.02 907293.29 	2.0010943 	-0.19187342 	 587273.75 	0.20456755 	-0.36978727 	 3.1329433e-08 	-0.0072937064 	0.013943624 	 -3.489435e-09 	-0.0041236236 	-0.015530355 	 0.011567796 	-1765.6655 	-4554.8914 	 -0.26636042 	6.4109757e-06 	-1.4946707e-07 	 -2.1170882 	-1.295466e-05 	7.2755626e-07 		-0.02 2.9998725e-07 5.1020318e-07 1200000 1
-0.01875 983463.56 	1.997827 	-0.10700152 	 664458.1 	0.10942237 	-1.7632734 	 3.2237205e-08 	-0.0077109913 	0.014620074 	 -4.9986293e-09 	-0.0045516398 	-0.015259478 	 0.0088747018 	-2119.4253 	-5338.4082 	 -0.28226078 	6.5213031e-06 	-2.1670923e-07 	 -2.172534 	-1.3005081e-05 	1.8865883e-06 		-0.01875 3.0786508e-07 4.9417649e-07 1200000 1
-0.0175 1059800 	1.8340034 	-0.14560119 	 749952.32 	0.93108079 	-0.81434642 	 3.3400916e-08 	-0.0085378997 	0.015381261 	 -2.4774846e-09 	-0.0049861704 	-0.014916365 	 0.005082045 	-2559.5241 	-6412.1699 	 -0.30014917 	6.7647405e-06 	-1.7834122e-07 	 -2.2308958 	-1.3808395e-05 	1.0924966e-06 		-0.0175 3.1548515e-07 4.7911152e-07 1200000 1
-0.01625 1136327.1 	1.6927941 	-0.19778437 	 843618.11 	1.3829118 	-1.0066242 	 3.4036726e-08 	-0.0090742336 	0.016218752 	 -2.7690834e-09 	-0.0054328614 	-0.014502437 	 0.00036843291 	-3101.898 	-7465.6744 	 -0.32016957 	6.993023e-06 	-1.286925e-07 	 -2.2922247 	-1.4301257e-05 	1.2476381e-06 		-0.01625 3.233927e-07 4.6288501e-07 1200000 1
-0.015 1213786.1 	2.3277492 	-0.0051919017 	 946369.21 	0.02211393 	-1.127417 	 3.5035535e-08 	-0.0090630861 	0.017108114 	 -1.8506097e-09 	-0.005847342 	-0.014046815 	 0.01620605 	-3737.82 	-8308.4971 	 -0.34275309 	6.5793802e-06 	-2.8237861e-07 	 -2.3572125 	-1.3281982e-05 	1.3413573e-06 		-0.015 3.3138518e-07 4.468791e-07 1200000 1
-0.01375 1290508.6 	2.0653704 	-0.21497058 	 1060478.7 	1.166889 	-0.93721103 	 3.589081e-08 	-0.0094361449 	0.018153936 	 -1.4813089e-09 	-0.0063268827 	-0.013427716 	 0.0075764399 	-4597.0552 	-9479.3147 	 -0.36820961 	6.9069188e-06 	-9.9349236e-08 	 -2.4259236 	-1.4328679e-05 	1.174226e-06 		-0.01375 3.3940759e-07 4.3004895e-07 1200000 1
-0.0125 1363330.2 	1.6035738 	-0.18539272 	 1188331.4 	1.1463549 	-1.9416263 	 3.7664247e-08 	-0.010218458 	0.019352499 	 9.8376028e-10 	-0.0068496319 	-0.012647459 	 0.00049277495 	-5685.7551 	-11049.47 	 -0.39646028 	7.4183558e-06 	-1.1382944e-07 	 -2.4980988 	-1.4401456e-05 	1.9999368e-06 		-0.0125 3.4770278e-07 4.1382544e-07 1200000 1
-0.01125 1437425.7 	1.5042094 	0.036241676 	 1328799.7 	2.3011128 	-1.5486919 	 3.9653213e-08 	-0.010464569 	0.020691107 	 4.3426735e-09 	-0.0073233635 	-0.011668049 	 -0.0027576522 	-7133.6721 	-12400.515 	 -0.42883687 	7.6234454e-06 	-2.8540756e-07 	 -2.5757092 	-1.545273e-05 	1.6584135e-06 		-0.01125 3.5614723e-07 3.9681835e-07 1200000 1
-0.01 1511045.3 	1.405124 	0.87298247 	 1483080.1 	1.8515256 	-2.9758358 	 4.1229117e-08 	-0.010209356 	0.022175089 	 8.1339199e-09 	-0.0077195834 	-0.01038967 	 -0.0016129507 	-9036.9092 	-13432.716 	 -0.46581503 	7.8308354e-06 	-9.6582804e-07 	 -2.6588672 	-1.5165259e-05 	2.8284076e-06 		-0.01 3.6485043e-07 3.7964175e-07 1200000 1
-0.00875 459640.76 	1.5003384 	0.046317659 	 475403.37 	-0.93502925 	0.16495228 	 4.2867939e-08 	-0.010410416 	0.023771315 	 1.3128645e-08 	-0.0080588528 	-0.0091039637 	 0.022801824 	-3119.3832 	-4381.846 	 -0.52749683 	-4.6142081e-06 	1.9003761e-06 	 -2.7918998 	4.5172448e-06 	-1.0229058e-05 		-0.00875 3.7863638e-07 3.4352683e-07 353577.05 1
-0.0075 136026.7 	0.94373964 	0.33204035 	 154903.83 	0.046612557 	-0.33791692 	 4.4593509e-08 	-0.0097704266 	0.024714337 	 1.3226701e-08 	-0.0077808806 	-0.0085347784 	 0.011781865 	-1020.7667 	-1268.243 	 -0.54890547 	-2.2589758e-07 	-3.4848039e-06 	 -2.8475742 	-1.4205396e-05 	3.686043e-06 		-0.0075 3.8303122e-07 3.1849175e-07 100000 1
-0.00625 136665.96 	1.1006575 	0.30916878 	 163988.01 	0.31105785 	-0.29731164 	 4.4421202e-08 	-0.0096526623 	0.025254955 	 1.3650113e-08 	-0.0074150128 	-0.0080584241 	 0.012952853 	-1065.6509 	-1268.2155 	 -0.55325128 	-1.6968874e-06 	-3.2213318e-06 	 -2.8666701 	-1.6874429e-05 	3.2492642e-06 		-0.00625 3.8176469e-07 3.0005121e-07 100000 1
-0.005 137206.3 	1.266521 	0.295377 	 171592.88 	0.22790362 	-0.25171026 	 4.3921327e-08 	-0.0084483393 	0.025820564 	 1.3599751e-08 	-0.0071230227 	-0.0075268806 	 0.015858845 	-1125.7759 	-1193.8204 	 -0.55460533 	-3.2535253e-06 	-3.0544129e-06 	 -2.8748084 	-1.6091768e-05 	2.7636533e-06 		-0.005 3.7874983e-07 2.8093224e-07 100000 1
-0.00375 136855.33 	1.4277185 	0.30391792 	 178306.09 	0.31517795 	-0.27968758 	 4.3213307e-08 	-0.0082114321 	0.026307943 	 1.3496634e-08 	-0.0068909128 	-0.0070916184 	 0.017939759 	-1168.1008 	-1179.3682 	 -0.55151792 	-4.7777735e-06 	-3.1126193e-06 	 -2.8698832 	-1.6992188e-05 	3.0120288e-06 		-0.00375 3.7414338e-07 2.6138369e-07 100000 1
-0.0025 135745.86 	1.6166893 	0.29627576 	 184085.74 	0.41570702 	-0.25987049 	 4.3280063e-08 	-0.0078867173 	0.026764953 	 1.4267423e-08 	-0.0065835425 	-0.0066601876 	 0.020464762 	-1203.7826 	-1143.7742 	 -0.54458869 	-6.5880816e-06 	-3.0122311e-06 	 -2.8524898 	-1.8011469e-05 	2.7822768e-06 		-0.0025 3.6730234e-07 2.4159142e-07 100000 1
-0.00125 134509.43 	1.7328469 	0.28554047 	 188722.18 	0.4118581 	-0.23564703 	 4.2917411e-08 	-0.0069250478 	0.027201991 	 1.4478272e-08 	-0.0062651037 	-0.0062547273 	 0.022559073 	-1239.2703 	-1060.1464 	 -0.53526241 	-7.6700389e-06 	-2.8840996e-06 	 -2.8251273 	-1.8000468e-05 	2.5090714e-06 		-0.00125 3.5882036e-07 2.2038275e-07 100000 1
5.2475385e-17 132688.89 	1.9139821 	0.28809954 	 192592.36 	0.55293349 	-0.26287757 	 4.2392965e-08 	-0.0068897811 	0.027521562 	 1.4534877e-08 	-0.0060137348 	-0.0059207399 	 0.024872004 	-1255.8094 	-1038.6142 	 -0.52324401 	-9.4040599e-06 	-2.8903459e-06 	 -2.787663 	-1.942447e-05 	2.7513407e-06 		5.2475385e-17 3.489198e-07 1.9825229e-07 100000 1
0.00125 130427.11 	2.0502776 	0.29399995 	 195626.21 	0.60394441 	-0.24644131 	 4.1973259e-08 	-0.0063098703 	0.02781465 	 1.4741234e-08 	-0.0057244214 	-0.0055988513 	 0.026958306 	-1266.2709 	-974.3191 	 -0.508883 	-1.0702425e-05 	-2.9324536e-06 	 -2.740789 	-1.9942691e-05 	2.558966e-06 		0.00125 3.3700738e-07 1.7587265e-07 100000 1
0.0025 128014.72 	2.1584408 	0.27647134 	 197737.05 	0.67048035 	-0.24259094 	 4.1832556e-08 	-0.0055906581 	0.028111203 	 1.5050948e-08 	-0.0054113674 	-0.005284068 	 0.028721296 	-1276.8823 	-895.61692 	 -0.49272677 	-1.1717934e-05 	-2.7429077e-06 	 -2.6854386 	-2.061791e-05 	2.4943431e-06 		0.0025 3.2360712e-07 1.5152987e-07 100000 1
0.00375 125210.34 	2.3696371 	0.25610619 	 199135.53 	0.87100026 	-0.26392237 	 4.1431469e-08 	-0.0057433735 	0.028312704 	 1.5375915e-08 	-0.0051590968 	-0.0050364835 	 0.031362394 	-1271.0123 	-875.21188 	 -0.47470864 	-1.3770036e-05 	-2.5265662e-06 	 -2.6217378 	-2.2621251e-05 	2.6842171e-06 		0.00375 3.0877149e-07 1.260766e-07 100000 1
0.005 122188.1 	2.4320301 	0.26446418 	 199798.3 	0.84408323 	-0.24835415 	 4.0473054e-08 	-0.0049325747 	0.028486525 	 1.5149729e-08 	-0.0048818919 	-0.0048149526 	 0.032586459 	-1259.3207 	-792.01255 	 -0.4552142 	-1.4337389e-05 	-2.5991249e-06 	 -2.5509878 	-2.2346842e-05 	2.5080917e-06 		0.005 2.9217977e-07 1.0027404e-07 100000 1
0.00625 118956.79 	2.5683714 	0.22550188 	 199783.52 	0.95933278 	-0.24304438 	 4.0440383e-08 	-0.0046114531 	0.028675853 	 1.5844097e-08 	-0.0046049279 	-0.0045835138 	 0.034617224 	-1247.7194 	-736.44271 	 -0.43438108 	-1.5652436e-05 	-2.2008212e-06 	 -2.4733511 	-2.3486489e-05 	2.4378064e-06 		0.00625 2.7415523e-07 7.2614135e-08 100000 1
0.0075 115601.31 	2.7370261 	0.199849 	 199128.13 	1.1210423 	-0.25585316 	 3.9896855e-08 	-0.0045981871 	0.028802722 	 1.6052874e-08 	-0.0043632706 	-0.0044078232 	 0.036814339 	-1225.889 	-702.18846 	 -0.41246188 	-1.7293096e-05 	-1.9371391e-06 	 -2.3896545 	-2.5088779e-05 	2.5515411e-06 		0.0075 2.5490815e-07 4.3937369e-08 100000 1
0.00875 112126.57 	2.7512062 	0.21439968 	 197940.3 	1.0779147 	-0.24368583 	 3.8641543e-08 	-0.003829566 	0.028896005 	 1.5451343e-08 	-0.0041090111 	-0.0042686274 	 0.037321329 	-1197.5182 	-624.00077 	 -0.38969579 	-1.7392585e-05 	-2.0766162e-06 	 -2.301137 	-2.4639024e-05 	2.4185936e-06 		0.00875 2.3430178e-07 1.4954632e-08 100000 1
0.01 108459.23 	2.8991197 	0.17550437 	 196317.64 	1.2796791 	-0.23384258 	 3.8736998e-08 	-0.0038286326 	0.029013815 	 1.6434406e-08 	-0.0038849005 	-0.0041048578 	 0.039326437 	-1170.4589 	-590.7201 	 -0.36614475 	-1.884383e-05 	-1.6834913e-06 	 -2.2078355 	-2.661807e-05 	2.3127746e-06 		0.01 2.1246861e-07 -1.6025544e-08 100000 1
0.01125 104864.8 	2.9800157 	0.15191032 	 194200.03 	1.3408062 	-0.25241628 	 3.7975815e-08 	-0.0035771009 	0.029092705 	 1.6447775e-08 	-0.0036680681 	-0.0039864204 	 0.040452375 	-1138.2765 	-545.65722 	 -0.34214963 	-1.9623524e-05 	-1.4448493e-06 	 -2.1108259 	-2.7200829e-05 	2.4930769e-06 		0.01125 1.8978209e-07 -4.7982692e-08 100000 1
0.0125 101208.85 	2.9835306 	0.1679941 	 191801.21 	1.2981051 	-0.21275305 	 3.6729318e-08 	-0.0030368327 	0.029139201 	 1.5848095e-08 	-0.0034503377 	-0.0039048173 	 0.040798533 	-1100.0898 	-486.5814 	 -0.31789669 	-1.9637252e-05 	-1.6035705e-06 	 -2.0113286 	-2.6729836e-05 	2.0937128e-06 		0.0125 1.6626737e-07 -7.9961234e-08 100000 1
0.01375 97439.028 	3.1132518 	0.12697937 	 189200.41 	1.4822163 	-0.16162941 	 3.6799224e-08 	-0.0032307191 	0.029213117 	 1.6844072e-08 	-0.0032802181 	-0.0037919909 	 0.042603756 	-1064.5162 	-469.18487 	 -0.29345524 	-2.0928527e-05 	-1.1923552e-06 	 -1.9094076 	-2.851082e-05 	1.5832516e-06 		0.01375 1.4185636e-07 -1.1346761e-07 100000 1
0.015 93868.96 	3.0994673 	0.10400194 	 186297.91 	1.4127879 	-0.24268247 	 3.5948462e-08 	-0.0027635686 	0.029265078 	 1.667787e-08 	-0.0030971588 	-0.0037141388 	 0.042463376 	-1027.5638 	-419.88777 	 -0.26911095 	-2.0778904e-05 	-9.6267476e-07 	 -1.8060607 	-2.7771726e-05 	2.3952063e-06 		0.015 1.1713323e-07 -1.4675558e-07 100000 1
0.01625 90279.366 	3.1185386 	0.11444463 	 183349.11 	1.4384429 	-0.1426991 	 3.4756629e-08 	-0.0025015384 	0.029290337 	 1.6015734e-08 	-0.0029222718 	-0.003667217 	 0.042944473 	-985.95738 	-382.28267 	 -0.24501053 	-2.0970261e-05 	-1.0676071e-06 	 -1.7023206 	-2.7962107e-05 	1.398954e-06 		0.01625 9.1906613e-08 -1.8035442e-07 100000 1
0.0175 86661.21 	3.193325 	0.097867292 	 180414.58 	1.5738093 	-0.13465357 	 3.4816767e-08 	-0.0027316043 	0.029340042 	 1.6704184e-08 	-0.0027952017 	-0.0035910357 	 0.043972908 	-947.39085 	-371.80267 	 -0.22123602 	-2.173254e-05 	-9.0235723e-07 	 -1.5984025 	-2.9229889e-05 	1.3243566e-06 		0.0175 6.6406804e-08 -2.1487694e-07 100000 1
0.01875 83304.099 	3.1219241 	0.097555378 	 177379.38 	1.4754478 	-0.19025962 	 3.4130865e-08 	-0.0021246214 	0.029380036 	 1.655404e-08 	-0.002650179 	-0.0035383977 	 0.043095379 	-909.9323 	-324.88254 	 -0.19797105 	-2.1024434e-05 	-9.0041826e-07 	 -1.4950162 	-2.8183072e-05 	1.8861549e-06 		0.01875 4.080526e-08 -2.4914395e-07 100000 1
0.02 79965.267 	3.1450861 	0.08969035 	 174491.35 	1.5446708 	-0.1567144 	 3.3201823e-08 	-0.0021712079 	0.029401019 	 1.6089429e-08 	-0.0025188874 	-0.0035078538 	 0.04341351 	-869.47819 	-307.64805 	 -0.17533243 	-2.1278787e-05 	-8.2317147e-07 	 -1.3929566 	-2.878466e-05 	1.5578896e-06 		0.02 1.5208028e-08 -2.8364158e-07 100000 1
0.02125 76690.685 	3.1328607 	0.08047354 	 171760.5 	1.5760059 	-0.13050172 	 3.2897491e-08 	-0.0021700667 	0.029438794 	 1.6289862e-08 	-0.0024157068 	-0.0034612774 	 0.043325204 	-831.5993 	-291.81085 	 -0.15334662 	-2.1186375e-05 	-7.3144395e-07 	 -1.2923764 	-2.8998652e-05 	1.3038763e-06 		0.02125 -1.0271388e-08 -3.184696e-07 100000 1
0.0225 73643.659 	3.0631211 	0.079052323 	 169141.26 	1.4773445 	-0.16180453 	 3.2450161e-08 	-0.0017301971 	0.029476634 	 1.6351621e-08 	-0.0023148612 	-0.003418923 	 0.042497285 	-796.26094 	-260.40587 	 -0.13214163 	-2.0515899e-05 	-7.1798887e-07 	 -1.1938644 	-2.791807e-05 	1.6248057e-06 		0.0225 -3.553276e-08 -3.5279105e-07 100000 1
0.02375 70670.659 	3.079911 	0.072640832 	 166796.96 	1.5533405 	-0.10818393 	 3.1722083e-08 	-0.0019456697 	0.029502915 	 1.6079816e-08 	-0.002220199 	-0.0033940415 	 0.042741822 	-759.43644 	-254.71101 	 -0.11179929 	-2.0726894e-05 	-6.5456272e-07 	 -1.0979635 	-2.8572726e-05 	1.0970928e-06 		0.02375 -6.0460119e-08 -3.8708295e-07 100000 1
0.025 67817.44 	3.0091233 	0.075100156 	 164708.93 	1.5103244 	-0.080802311 	 3.1022161e-08 	-0.0017284493 	0.029537903 	 1.5857995e-08 	-0.0021343851 	-0.0033676201 	 0.041884655 	-724.26559 	-235.31459 	 -0.092266737 	-2.0063347e-05 	-6.7867099e-07 	 -1.0046099 	-2.8028393e-05 	8.3183859e-07 		0.025 -8.5075338e-08 -4.2130728e-07 100000 1
0.02625 65153.782 	2.9459106 	0.075692567 	 162889.89 	1.4149189 	-0.095482279 	 3.0773879e-08 	-0.0014654992 	0.029579833 	 1.6102905e-08 	-0.0020717099 	-0.0033277024 	 0.04116903 	-692.61051 	-217.07247 	 -0.073655981 	-1.9478566e-05 	-6.8434141e-07 	 -0.9143854 	-2.6963597e-05 	9.869341e-07 		0.02625 -1.0924675e-07 -4.5475924e-07 100000 1
0.0275 62601.472 	2.9504328 	0.068436245 	 161437.92 	1.4871905 	-0.054667354 	 3.0219088e-08 	-0.0017965222 	0.029616016 	 1.5939921e-08 	-0.0020080359 	-0.0033022619 	 0.041236701 	-660.45152 	-218.92189 	 -0.056013864 	-1.9584951e-05 	-6.115639e-07 	 -0.82766776 	-2.7553633e-05 	5.8719881e-07 		0.0275 -1.3280799e-07 -4.8785015e-07 100000 1
0.02875 60197.526 	2.8416957 	0.076761943 	 160308.27 	1.391081 	-0.051538192 	 2.9180961e-08 	-0.0013799083 	0.02965411 	 1.5307128e-08 	-0.0019348822 	-0.003289605 	 0.03985402 	-628.88222 	-197.33883 	 -0.039219857 	-1.8554739e-05 	-6.9356241e-07 	 -0.74414128 	-2.6469895e-05 	5.6392049e-07 		0.02875 -1.5596836e-07 -5.2064619e-07 100000 1
0.03 57931.562 	2.7971477 	0.074381855 	 159579.19 	1.340846 	-0.07725847 	 2.917309e-08 	-0.0013718639 	0.029703625 	 1.5707058e-08 	-0.0019054003 	-0.0032464549 	 0.039340586 	-601.3663 	-192.18989 	 -0.023403286 	-1.8177376e-05 	-6.6863233e-07 	 -0.6645077 	-2.583195e-05 	8.289475e-07 		0.03 -1.7849396e-07 -5.5253811e-07 100000 1
0.03125 55826.266 	2.7584966 	0.070812957 	 159249.02 	1.3539531 	-0.050639331 	 2.8525325e-08 	-0.0015302595 	0.029751241 	 1.5395749e-08 	-0.0018626801 	-0.0032207512 	 0.038856638 	-574.00236 	-191.50098 	 -0.0085370845 	-1.7864997e-05 	-6.3194994e-07 	 -0.588853 	-2.5823075e-05 	5.7024498e-07 		0.03125 -2.003055e-07 -5.8391088e-07 100000 1
0.0325 53854.549 	2.6540379 	0.078884581 	 159309.83 	1.2583699 	-0.058954462 	 2.7465387e-08 	-0.0011495757 	0.029798004 	 1.4702464e-08 	-0.0018060897 	-0.0032114765 	 0.037517063 	-546.56995 	-175.32115 	 0.005495959 	-1.6891176e-05 	-7.1077369e-07 	 -0.51683993 	-2.47279e-05 	6.6048113e-07 		0.0325 -2.2160942e-07 -6.1485117e-07 100000 1
0.03375 51986.981 	2.6149513 	0.073533136 	 159863.28 	1.2322074 	-0.069215744 	 2.7525642e-08 	-0.0013223324 	0.029857376 	 1.5154156e-08 	-0.001801773 	-0.0031632575 	 0.037070448 	-523.25803 	-178.68602 	 0.018570884 	-1.6585632e-05 	-6.5525965e-07 	 -0.4492337 	-2.4311792e-05 	7.6996432e-07 		0.03375 -2.4214659e-07 -6.4481731e-07 100000 1
0.035 50310.903 	2.5446308 	0.07691888 	 160842.35 	1.2029821 	-0.041263519 	 2.6722226e-08 	-0.0012734494 	0.029917098 	 1.46552e-08 	-0.0017767718 	-0.0031357715 	 0.036185301 	-500.39766 	-175.27744 	 0.030751892 	-1.5967786e-05 	-6.8730186e-07 	 -0.38594138 	-2.3873349e-05 	4.9674604e-07 		0.035 -2.6197142e-07 -6.7413758e-07 100000 1
0.03625 48738.464 	2.4557833 	0.082337445 	 162273.07 	1.1346061 	-0.045775007 	 2.5788078e-08 	-0.0010291601 	0.02997607 	 1.4091125e-08 	-0.0017381108 	-0.0031227277 	 0.035039307 	-477.12767 	-166.42388 	 0.042152917 	-1.5164e-05 	-7.389454e-07 	 -0.32660956 	-2.3038269e-05 	5.4788998e-07 		0.03625 -2.8116185e-07 -7.030505e-07 100000 1
0.0375 47250.73 	2.4138549 	0.074527602 	 164263.18 	1.1177332 	-0.041214972 	 2.5791635e-08 	-0.001303841 	0.030046909 	 1.4499715e-08 	-0.0017518285 	-0.0030691378 	 0.034555227 	-457.79449 	-174.88634 	 0.052658034 	-1.4844453e-05 	-6.5814969e-07 	 -0.27206216 	-2.2702129e-05 	5.0803093e-07 		0.0375 -2.9956616e-07 -7.3103423e-07 100000 1
0.03875 45971.533 	2.3261749 	0.083587232 	 166709.5 	1.0689925 	-0.012596865 	 2.4853378e-08 	-0.001066072 	0.030119511 	 1.3856707e-08 	-0.0017431215 	-0.0030372367 	 0.033437283 	-439.15434 	-170.05377 	 0.062338659 	-1.4062125e-05 	-7.4633968e-07 	 -0.22212148 	-2.2059144e-05 	2.2702529e-07 		0.03875 -3.1728279e-07 -7.5831303e-07 100000 1
0.04 44764.91 	2.2516715 	0.08314698 	 169678.1 	1.0249209 	-0.016218584 	 2.4118314e-08 	-0.0010101064 	0.030193257 	 1.3514514e-08 	-0.0017234313 	-0.0030145381 	 0.032473827 	-420.05435 	-169.02913 	 0.071289685 	-1.34147e-05 	-7.391011e-07 	 -0.17653125 	-2.1456007e-05 	2.6821318e-07 		0.04 -3.3423469e-07 -7.8527176e-07 100000 1
0.04125 43628.691 	2.196238 	0.075982512 	 173240.61 	0.99630768 	-0.010940412 	 2.3907382e-08 	-0.0012448897 	0.030276972 	 1.3679636e-08 	-0.0017467354 	-0.0029578872 	 0.031804026 	-404.25189 	-178.59391 	 0.079447952 	-1.2970231e-05 	-6.6454398e-07 	 -0.13590624 	-2.0993783e-05 	2.2004414e-07 		0.04125 -3.504396e-07 -8.1126443e-07 100000 1
0.0425 42697.651 	2.1034547 	0.08971968 	 177309.61 	0.94678485 	0.014149282 	 2.2914209e-08 	-0.00090251658 	0.030363665 	 1.2981381e-08 	-0.0017553692 	-0.0029163852 	 0.030603073 	-389.67883 	-175.06192 	 0.08684965 	-1.2145895e-05 	-7.9935347e-07 	 -0.10021125 	-2.0335721e-05 	-2.6653097e-08 		0.0425 -3.6595727e-07 -8.3654738e-07 100000 1
0.04375 41815.707 	2.0373267 	0.084134936 	 181980.94 	0.91585788 	0.0062213435 	 2.2372654e-08 	-0.0010376883 	0.030454084 	 1.2850149e-08 	-0.0017541399 	-0.0028798794 	 0.029747717 	-374.7027 	-181.43719 	 0.093561518 	-1.1593561e-05 	-7.4084395e-07 	 -0.069387148 	-1.9854545e-05 	5.6572786e-08 		0.04375 -3.8056794e-07 -8.6152826e-07 100000 1
0.045 41008.143 	1.9673054 	0.081862897 	 187267.13 	0.87220163 	0.0093320608 	 2.1851546e-08 	-0.0010896537 	0.030552615 	 1.2638778e-08 	-0.0017790166 	-0.0028227576 	 0.028867716 	-362.14029 	-189.01028 	 0.099577013 	-1.1009273e-05 	-7.1544972e-07 	 -0.043702156 	-1.9238726e-05 	2.9059169e-08 		0.045 -3.9452823e-07 -8.8553051e-07 100000 1
0.04625 40360.264 	1.8844526 	0.092317788 	 193136.82 	0.84561359 	0.026153844 	 2.0989284e-08 	-0.0008592072 	0.030655454 	 1.2087208e-08 	-0.001807794 	-0.0027634818 	 0.027775701 	-351.77285 	-192.02114 	 0.10490993 	-1.0294199e-05 	-8.1762953e-07 	 -0.02327621 	-1.8800372e-05 	-1.3587199e-07 		0.04625 -4.0776065e-07 -9.0895817e-07 100000 1
0.0475 39758.718 	1.8193022 	0.083749118 	 199677.77 	0.81950622 	0.015845858 	 2.0538693e-08 	-0.0010749598 	0.030764177 	 1.2050236e-08 	-0.0018238495 	-0.00271001 	 0.026926245 	-341.03911 	-203.53689 	 0.1095926 	-9.7604016e-06 	-7.2964188e-07 	 -0.0082707668 	-1.8360468e-05 	-2.9708994e-08 		0.0475 -4.2006451e-07 -9.3206646e-07 100000 1
0.04875 39233.575 	1.7432179 	0.086992422 	 206868.97 	0.77025249 	0.021594805 	 1.9788093e-08 	-0.00096799766 	0.030880901 	 1.1565557e-08 	-0.0018484618 	-0.0026490954 	 0.025951773 	-331.7723 	-210.24612 	 0.11365303 	-9.1201837e-06 	-7.5975031e-07 	 0.0013246686 	-1.7686759e-05 	-8.4494417e-08 		0.04875 -4.3181227e-07 -9.5427952e-07 100000 1
0.05 38818.275 	1.6664343 	0.094004119 	 214735.04 	0.7585032 	0.034145777 	 1.9031882e-08 	-0.00085399109 	0.031001675 	 1.1174455e-08 	-0.0018956367 	-0.0025673299 	 0.024925997 	-326.08217 	-220.17554 	 0.11708867 	-8.4740548e-06 	-8.2778713e-07 	 0.0052092533 	-1.7389547e-05 	-2.0753856e-07 		0.05 -4.4277325e-07 -9.7599568e-07 100000 1
0.05125 38448.964 	1.5987085 	0.083552893 	 223338.3 	0.73190825 	0.025976804 	 1.8621784e-08 	-0.0011167001 	0.031130536 	 1.1195906e-08 	-0.0019273423 	-0.0024925993 	 0.024034545 	-320.18008 	-236.72062 	 0.11991339 	-7.9212626e-06 	-7.2134623e-07 	 0.0031291684 	-1.6940626e-05 	-1.2353964e-07 		0.05125 -4.5279308e-07 -9.9734259e-07 100000 1
0.0525 38156.143 	1.519746 	0.092643266 	 232641 	0.68182268 	0.039007699 	 1.7724775e-08 	-0.00087759762 	0.031269254 	 1.0532133e-08 	-0.0019491683 	-0.0024239862 	 0.023008543 	-314.59924 	-243.51851 	 0.12217123 	-7.2557779e-06 	-8.1026417e-07 	 -0.0047161462 	-1.6257761e-05 	-2.5190833e-07 		0.0525 -4.623305e-07 -1.0178991e-06 100000 1
0.05375 37906.444 	1.4464212 	0.092660323 	 242740.77 	0.67786257 	0.046959084 	 1.7112047e-08 	-0.0009210932 	0.031411209 	 1.0341673e-08 	-0.0020126437 	-0.0023139299 	 0.022016753 	-314.5319 	-261.7658 	 0.12383703 	-6.6515483e-06 	-8.086919e-07 	 -0.018940358 	-1.6032694e-05 	-3.2966715e-07 		0.05375 -4.7096949e-07 -1.0379639e-06 100000 1
0.055 37729.963 	1.3738961 	0.087713487 	 253614.1 	0.63986718 	0.044075086 	 1.6582644e-08 	-0.0010369569 	0.031561457 	 1.0221984e-08 	-0.0020526608 	-0.0022160304 	 0.021054341 	-314.49324 	-279.87563 	 0.12493477 	-6.0539243e-06 	-7.5767292e-07 	 -0.039532485 	-1.5469831e-05 	-2.9920079e-07 		0.055 -4.7876762e-07 -1.0575867e-06 100000 1
0.05625 37595.943 	1.2972559 	0.095715177 	 265267.22 	0.59243352 	0.059577232 	 1.572376e-08 	-0.00085284496 	0.031726641 	 9.5776687e-09 	-0.0020766432 	-0.0021276872 	 0.020047726 	-314.21688 	-291.51488 	 0.12550251 	-5.4159108e-06 	-8.3620318e-07 	 -0.066358295 	-1.4812055e-05 	-4.5290398e-07 		0.05625 -4.8602088e-07 -1.0764391e-06 100000 1
0.0575 37452.933 	1.2249669 	0.090210727 	 277830.89 	0.58300323 	0.057675824 	 1.5182656e-08 	-0.00098616938 	0.031892929 	 9.4709075e-09 	-0.0021484428 	-0.001986414 	 0.019054204 	-321.35974 	-316.91971 	 0.12549786 	-4.8266572e-06 	-7.7994485e-07 	 -0.10025774 	-1.4529505e-05 	-4.3271877e-07 		0.0575 -4.9234952e-07 -1.0947071e-06 100000 1
0.05875 37405.223 	1.1509312 	0.091278098 	 291219.31 	0.5390461 	0.056866916 	 1.4535186e-08 	-0.00096914257 	0.032067131 	 9.2016605e-09 	-0.0021901407 	-0.0018572727 	 0.018052754 	-329.43317 	-337.04694 	 0.1249511 	-4.2155387e-06 	-7.895822e-07 	 -0.14097969 	-1.3908576e-05 	-4.2360195e-07 		0.05875 -4.9794419e-07 -1.1124421e-06 100000 1
0.06 37349.291 	1.0760071 	0.096398143 	 305484.5 	0.49824105 	0.068400339 	 1.3762914e-08 	-0.00087198418 	0.032263403 	 8.6348128e-09 	-0.0022156376 	-0.0017397002 	 0.017039053 	-336.84784 	-354.78523 	 0.1238918 	-3.5977479e-06 	-8.3994955e-07 	 -0.18849306 	-1.3317399e-05 	-5.3816668e-07 		0.06 -5.0290314e-07 -1.1294478e-06 100000 1
0.06125 37238.772 	1.0035858 	0.08673809 	 320757.02 	0.48569931 	0.058391391 	 1.3263856e-08 	-0.0010437654 	0.032458399 	 8.5631098e-09 	-0.0022856041 	-0.0015625736 	 0.016012443 	-353.8609 	-385.96474 	 0.12227183 	-3.0092842e-06 	-7.4279134e-07 	 -0.24368308 	-1.3004652e-05 	-4.3744654e-07 		0.06125 -5.0694855e-07 -1.1458562e-06 100000 1
0.0625 37239.398 	0.92926855 	0.094053861 	 336918.3 	0.44310117 	0.062606096 	 1.251775e-08 	-0.00093181216 	0.032659592 	 8.1700907e-09 	-0.00231723 	-0.0013907793 	 0.014978538 	-373.96652 	-407.70312 	 0.12011888 	-2.3954761e-06 	-8.154879e-07 	 -0.30617856 	-1.2400208e-05 	-4.7901503e-07 		0.0625 -5.1034733e-07 -1.1617255e-06 100000 1
0.06375 37165.508 	0.85466211 	0.094127579 	 354078.44 	0.40975231 	0.069382665 	 1.1861476e-08 	-0.00093797321 	0.032891398 	 7.7262626e-09 	-0.0023404004 	-0.0012307035 	 0.013924585 	-393.51323 	-431.85151 	 0.11744288 	-1.7823265e-06 	-8.1610526e-07 	 -0.37619401 	-1.1885531e-05 	-5.4642676e-07 		0.06375 -5.1296641e-07 -1.1768946e-06 100000 1
0.065 37007.626 	0.78123786 	0.085821991 	 372298.44 	0.39270086 	0.05914951 	 1.1359755e-08 	-0.0010519519 	0.033120916 	 7.6103106e-09 	-0.0023881273 	-0.001015407 	 0.012847551 	-424.0226 	-463.96134 	 0.11422246 	-1.1829972e-06 	-7.33153e-07 	 -0.45415807 	-1.1531463e-05 	-4.4386817e-07 		0.065 -5.1477722e-07 -1.1915285e-06 100000 1
0.06625 36934.009 	0.7053204 	0.0964327 	 391491.62 	0.35092636 	0.067877818 	 1.0587279e-08 	-0.00093171303 	0.033353325 	 7.1798047e-09 	-0.0023919492 	-0.00078407857 	 0.011748567 	-462.56336 	-485.38053 	 0.11046297 	-5.5283429e-07 	-8.3944518e-07 	 -0.53991233 	-1.0939039e-05 	-5.3097519e-07 		0.06625 -5.1594307e-07 -1.2055922e-06 100000 1
0.0675 36718.433 	0.62865717 	0.090596465 	 411810.93 	0.32071409 	0.069987664 	 1.0049737e-08 	-0.0010069109 	0.033625997 	 6.8667505e-09 	-0.0023978122 	-0.00056767484 	 0.010603194 	-500.85552 	-512.22911 	 0.10614961 	8.1082606e-08 	-7.8173398e-07 	 -0.63395578 	-1.0459279e-05 	-5.5203363e-07 		0.0675 -5.1615857e-07 -1.2189282e-06 100000 1
0.06875 36410.741 	0.55227839 	0.087125278 	 433225.07 	0.29884211 	0.065017964 	 9.549275e-09 	-0.0010345741 	0.033896367 	 6.7087468e-09 	-0.0023937853 	-0.00030376215 	 0.009433024 	-551.56405 	-537.28073 	 0.10129791 	7.1302858e-07 	-7.4785479e-07 	 -0.73608746 	-1.006442e-05 	-5.0233585e-07 		0.06875 -5.1568947e-07 -1.2318055e-06 100000 1
0.07 36089.249 	0.47077847 	0.092012977 	 455714.25 	0.25353471 	0.070452485 	 8.8774611e-09 	-0.00099077415 	0.034167711 	 6.3876652e-09 	-0.0023362302 	5.4285647e-06 	 0.0081693924 	-617.93398 	-550.1964 	 0.095892417 	1.3995308e-06 	-7.9777393e-07 	 -0.84644865 	-9.4411865e-06 	-5.5670929e-07 		0.07 -5.1444432e-07 -1.2440121e-06 100000 1
0.07125 35572.334 	0.38570688 	0.078587412 	 479415.62 	0.21677004 	0.064109052 	 8.450763e-09 	-0.0010637517 	0.034491545 	 6.2079933e-09 	-0.0022839034 	0.00030993277 	 0.0067948005 	-688.56691 	-566.20202 	 0.089913203 	2.119645e-06 	-6.6506846e-07 	 -0.96555255 	-8.9020552e-06 	-4.9327564e-07 		0.07125 -5.1213355e-07 -1.2554679e-06 100000 1
0.0725 34936.963 	0.28989667 	0.070205039 	 504278.35 	0.16459263 	0.038136875 	 8.0847906e-09 	-0.0010561075 	0.034818574 	 6.1533227e-09 	-0.0021786628 	0.00065477832 	 0.0051767968 	-773.68835 	-567.61284 	 0.083394975 	2.9497485e-06 	-5.8299596e-07 	 -1.0930348 	-8.2128712e-06 	-2.3354224e-07 		0.0725 -5.0907709e-07 -1.2661824e-06 100000 1
0.07375 34140.668 	0.16301989 	0.041661685 	 530339.81 	0.093493795 	0.0050689907 	 7.7696113e-09 	-0.0010474885 	0.035134137 	 6.1908552e-09 	-0.0019606924 	0.0010756793 	 0.0029378818 	-885.30335 	-537.68242 	 0.076315948 	4.091751e-06 	-2.9960722e-07 	 -1.2292973 	-7.3383999e-06 	9.7071187e-08 		0.07375 -5.0480101e-07 -1.2760747e-06 100000 1
0.075 32751.385 	0.057052455 	0.029906091 	 552189.54 	0.0335464 	0.012671051 	 7.50508e-09 	-0.0010844583 	0.035338929 	 6.093295e-09 	-0.0018133116 	0.0013697243 	 0.0010585738 	-956.85026 	-518.45202 	 0.071562237 	5.020425e-06 	-1.8442621e-07 	 -1.3198971 	-6.57415e-06 	2.0706994e-08 		0.075 -4.9868317e-07 -1.2843766e-06 100000 1
