# y jRe_x jRe_y jRe_z jIm_x jIm_y jIm_z BRe_x BRe_y BRe_z BIm_x BIm_y BIm_z F_x F_y F_z VReGrad_x VReGrad_y VReGrad_z VImGrad_x VImGrad_y VImGrad_z s VRe VIm sigma mur
-0.075 -359776.99 	-27364.324 	-11449.01 	 -1485648.4 	-122101.98 	-107346.9 	 -0.0031839655 	0.0019557661 	0.029235239 	 0.00011849871 	-0.0002893566 	0.0031977559 	 -599.53471 	7647.9782 	-174.09083 	 -0.33256006 	-0.4367929 	0.0016900974 	 -1.1229932 	-2.2612824 	0.090635825 		-0.075 -0.00030731493 -0.0021791042 1200000 1
-0.07375 -392475.05 	-105536.72 	-11645.613 	 -1313321.9 	-227270.97 	-94543.021 	 -0.0031812038 	0.0018966497 	0.02900385 	 0.00019541785 	-0.00030573347 	0.0024052932 	 -1756.8118 	7324.3565 	-314.43052 	 -0.33413185 	-0.41485189 	0.0011047726 	 -1.1716432 	-2.1604874 	0.080092247 		-0.07375 -0.00085330606 -0.0050057071 1200000 1
-0.0725 -408672.18 	-209977.6 	-10208.727 	 -1106342.5 	-438111.83 	-70716.333 	 -0.0031858056 	0.0017923119 	0.028656668 	 0.00031128562 	-0.00032739605 	0.001278415 	 -3265.4412 	6568.8975 	-450.85527 	 -0.33671245 	-0.37374503 	3.8286588e-05 	 -1.2545874 	-1.9690047 	0.060259865 		-0.0725 -0.0013497557 -0.0076054142 1200000 1
-0.07125 -410418.21 	-310745.17 	-8441.7405 	 -950395.29 	-617287.37 	-52761.673 	 -0.0031920595 	0.0016957011 	0.02826278 	 0.00039425561 	-0.00033190034 	0.00044560443 	 -4404.2219 	6056.375 	-556.98028 	 -0.33858099 	-0.33755309 	-0.00067005548 	 -1.3030021 	-1.8006424 	0.045217118 		-0.07125 -0.0017749025 -0.0098675347 1200000 1
-0.07 -412164.24 	-411512.74 	-6674.7536 	 -794448.09 	-796462.92 	-34807.014 	 -0.0031983134 	0.0015990903 	0.027868891 	 0.0004772256 	-0.00033640464 	-0.00038720613 	 -5543.0026 	5543.8525 	-663.10529 	 -0.34044953 	-0.30136115 	-0.0013783975 	 -1.3514168 	-1.6322801 	0.030174371 		-0.07 -0.0022000493 -0.012129655 1200000 1
-0.06875 -401927.99 	-508507.22 	-4996.8976 	 -687936.86 	-940404.9 	-23691.695 	 -0.0031973549 	0.0015088023 	0.027415601 	 0.00054244668 	-0.00033019121 	-0.0011011474 	 -6402.951 	5087.691 	-745.33007 	 -0.34072476 	-0.26879666 	-0.0016928817 	 -1.3687404 	-1.4897829 	0.020747191 		-0.06875 -0.0025341855 -0.013975819 1200000 1
-0.0675 -391691.75 	-605501.71 	-3319.0416 	 -581425.63 	-1084346.9 	-12576.375 	 -0.0031963964 	0.0014185143 	0.026962311 	 0.00060766775 	-0.00032397779 	-0.0018150887 	 -7262.8994 	4631.5296 	-827.55484 	 -0.34099999 	-0.23623216 	-0.0020073658 	 -1.3860639 	-1.3472856 	0.01132001 		-0.0675 -0.0028683218 -0.015821983 1200000 1
-0.06625 -375700.2 	-695675.92 	-1905.3931 	 -505993.85 	-1196920.8 	-5705.2255 	 -0.0031977614 	0.0013458248 	0.026641628 	 0.00064133795 	-0.00031176988 	-0.0021487834 	 -8065.8738 	4348.0727 	-908.49883 	 -0.33843321 	-0.2066929 	-0.0020861631 	 -1.3866564 	-1.2294987 	0.0053904702 		-0.06625 -0.0031247659 -0.017344033 1200000 1
-0.065 -359708.65 	-785850.13 	-491.74456 	 -430562.08 	-1309494.8 	1165.9243 	 -0.0031991264 	0.0012731353 	0.026320946 	 0.00067500815 	-0.00029956197 	-0.002482478 	 -8868.8483 	4064.6159 	-989.44282 	 -0.33586644 	-0.17715364 	-0.0021649603 	 -1.387249 	-1.1117119 	-0.00053906939 		-0.065 -0.0033812101 -0.018866083 1200000 1
-0.06375 -341113.41 	-867604.32 	579.92488 	 -375603.4 	-1395701.4 	5211.6743 	 -0.003202321 	0.0012097428 	0.026057308 	 0.0006947319 	-0.00028590875 	-0.0026570848 	 -9608.0249 	3819.3913 	-1068.0143 	 -0.33067631 	-0.15071541 	-0.0020862884 	 -1.3789286 	-1.0157339 	-0.0041196558 		-0.06375 -0.00356765 -0.020123313 1200000 1
-0.0625 -322518.17 	-949358.52 	1651.5943 	 -320644.73 	-1481908 	9257.4242 	 -0.0032055156 	0.0011463502 	0.025793671 	 0.00071445565 	-0.00027225554 	-0.0028316916 	 -10347.202 	3574.1668 	-1146.5857 	 -0.32548617 	-0.12427719 	-0.0020076164 	 -1.3706082 	-0.91975588 	-0.0077002421 		-0.0625 -0.0037540899 -0.021380543 1200000 1
-0.06125 -303126.73 	-1022021.4 	2400.6062 	 -279866.88 	-1547314.4 	11481.446 	 -0.0032099548 	0.0010906131 	0.025580894 	 0.00072588515 	-0.00025893609 	-0.0029060593 	 -11033.119 	3348.3669 	-1222.2712 	 -0.31805337 	-0.1009656 	-0.0018309971 	 -1.3576009 	-0.84193891 	-0.0097485067 		-0.06125 -0.003878343 -0.022422703 1200000 1
-0.06 -283735.29 	-1094684.3 	3149.6181 	 -239089.04 	-1612720.9 	13705.468 	 -0.0032143939 	0.001034876 	0.025368118 	 0.00073731465 	-0.00024561664 	-0.0029804269 	 -11719.036 	3122.5671 	-1297.9568 	 -0.31062056 	-0.077654008 	-0.0016543777 	 -1.3445936 	-0.76412195 	-0.011796771 		-0.06 -0.004002596 -0.023464863 1200000 1
-0.05875 -264571.43 	-1158152.9 	3630.9656 	 -208487.85 	-1662013.5 	14781.484 	 -0.0032195515 	0.0009855065 	0.025198311 	 0.00074388274 	-0.00023335108 	-0.0029928615 	 -12349.05 	2910.3235 	-1369.1582 	 -0.30135737 	-0.057441317 	-0.0014231084 	 -1.3292812 	-0.70131872 	-0.012864351 		-0.05875 -0.004072478 -0.024333008 1200000 1
-0.0575 -245407.56 	-1221621.5 	4112.3131 	 -177886.67 	-1711306.2 	15857.5 	 -0.003224709 	0.00093613699 	0.025028504 	 0.00075045082 	-0.00022108552 	-0.0030052961 	 -12979.064 	2698.0798 	-1440.3596 	 -0.29209417 	-0.037228626 	-0.0011918391 	 -1.3139688 	-0.63851549 	-0.013931931 		-0.0575 -0.00414236 -0.025201153 1200000 1
-0.05625 -227023 	-1276129.9 	4387.3087 	 -154764.37 	-1748185.8 	16225.568 	 -0.0032301702 	0.00089212455 	0.024893747 	 0.0007542246 	-0.00021007553 	-0.002980987 	 -13546.965 	2497.8799 	-1505.4919 	 -0.28138687 	-0.020039245 	-0.00093578447 	 -1.2977313 	-0.58820982 	-0.014382274 		-0.05625 -0.0041655496 -0.025929296 1200000 1
-0.055 -208638.44 	-1330638.4 	4662.3043 	 -131642.07 	-1785065.4 	16593.636 	 -0.0032356314 	0.00084811212 	0.02475899 	 0.00075799839 	-0.00019906555 	-0.0029566779 	 -14114.866 	2297.6801 	-1570.6242 	 -0.27067957 	-0.0028498642 	-0.00067972979 	 -1.2814939 	-0.53790415 	-0.014832617 		-0.055 -0.0041887392 -0.02665744 1200000 1
-0.05375 -191293.03 	-1376603.8 	4786.2264 	 -114097.04 	-1812400 	16536.584 	 -0.0032410957 	0.00080865608 	0.024652031 	 0.0007602117 	-0.00018927745 	-0.0029123037 	 -14614.713 	2109.1686 	-1628.4679 	 -0.25886698 	0.011424743 	-0.00041818663 	 -1.2651413 	-0.49812263 	-0.014902104 		-0.05375 -0.0041726742 -0.027274056 1200000 1
-0.0525 -173947.62 	-1422569.2 	4910.1485 	 -96552.011 	-1839734.5 	16479.531 	 -0.0032465601 	0.00076920005 	0.024545072 	 0.00076242501 	-0.00017948935 	-0.0028679295 	 -15114.561 	1920.6572 	-1686.3116 	 -0.24705439 	0.02569935 	-0.00015664347 	 -1.2487888 	-0.45834111 	-0.014971592 		-0.0525 -0.0041566093 -0.027890673 1200000 1
-0.05125 -157717.73 	-1460488.9 	4928.2756 	 -83195.304 	-1859730.4 	16177.091 	 -0.003251825 	0.00073365702 	0.0244596 	 0.00076380609 	-0.00017079491 	-0.0028145582 	 -15541.917 	1743.4866 	-1736.0546 	 -0.23442307 	0.037184125 	9.9038814e-05 	 -1.2327945 	-0.42754393 	-0.014812887 		-0.05125 -0.0041084258 -0.028419909 1200000 1
-0.05 -141487.83 	-1498408.6 	4946.4027 	 -69838.597 	-1879726.3 	15874.651 	 -0.00325709 	0.000698114 	0.024374128 	 0.00076518717 	-0.00016210047 	-0.0027611869 	 -15969.272 	1566.3161 	-1785.7976 	 -0.22179174 	0.0486689 	0.0003547211 	 -1.2168003 	-0.39674675 	-0.014654182 		-0.05 -0.0040602424 -0.028949145 1200000 1
-0.04875 -126333.5 	-1528792.1 	4893.8861 	 -59625.516 	-1894070.2 	15440.005 	 -0.003262029 	0.00066595911 	0.02430484 	 0.00076615933 	-0.00015434368 	-0.0027061406 	 -16321.332 	1399.79 	-1826.9651 	 -0.2085789 	0.057490691 	0.00059893596 	 -1.2014341 	-0.37373729 	-0.014365553 		-0.04875 -0.0039867536 -0.029411776 1200000 1
-0.0475 -111179.17 	-1559175.5 	4841.3694 	 -49412.435 	-1908414.2 	15005.36 	 -0.003266968 	0.00063380423 	0.024235552 	 0.00076713148 	-0.00014658689 	-0.0026510944 	 -16673.393 	1233.2639 	-1868.1326 	 -0.19536606 	0.066312483 	0.00084315081 	 -1.186068 	-0.35072784 	-0.014076924 		-0.0475 -0.0039132648 -0.029874407 1200000 1
-0.04625 -96986.647 	-1582499.2 	4744.6659 	 -41536.144 	-1918382.9 	14509.284 	 -0.0032715109 	0.00060460322 	0.024178128 	 0.00076793534 	-0.00013961312 	-0.0025991697 	 -16948.727 	1076.2828 	-1900.4905 	 -0.18176586 	0.072588602 	0.0010742774 	 -1.1714744 	-0.33458431 	-0.013721682 		-0.04625 -0.0038209724 -0.030288596 1200000 1
-0.045 -82794.128 	-1605823 	4647.9624 	 -33659.854 	-1928351.5 	14013.209 	 -0.0032760539 	0.00057540222 	0.024120703 	 0.0007687392 	-0.00013263934 	-0.002547245 	 -17224.06 	919.30176 	-1932.8484 	 -0.16816565 	0.078864722 	0.0013054039 	 -1.1568808 	-0.31844079 	-0.01336644 		-0.045 -0.00372868 -0.030702785 1200000 1
-0.04375 -69403.225 	-1622501.5 	4526.7356 	 -27479.979 	-1934892.6 	13499.904 	 -0.003280171 	0.00054879151 	0.024071744 	 0.00076950674 	-0.00012630589 	-0.002501519 	 -17422.231 	770.41664 	-1956.3126 	 -0.15433664 	0.082694403 	0.0015244619 	 -1.1431275 	-0.30846636 	-0.012985765 		-0.04375 -0.0036238106 -0.031084698 1200000 1
-0.0425 -56012.322 	-1639180.1 	4405.5087 	 -21300.105 	-1941433.8 	12986.599 	 -0.0032842881 	0.00052218081 	0.024022784 	 0.00077027428 	-0.00011997244 	-0.002455793 	 -17620.402 	621.53152 	-1979.7768 	 -0.14050763 	0.086524085 	0.0017435199 	 -1.1293742 	-0.29849193 	-0.01260509 		-0.0425 -0.0035189412 -0.031466611 1200000 1
-0.04125 -43234.151 	-1649547.3 	4274.5231 	 -16291.713 	-1945225.8 	12484.15 	 -0.0032879777 	0.00049785328 	0.023979742 	 0.00077107277 	-0.00011415011 	-0.0024181561 	 -17741.619 	479.02758 	-1994.3399 	 -0.12658056 	0.087982338 	0.0019531637 	 -1.1164826 	-0.29417915 	-0.012226571 		-0.04125 -0.0034075003 -0.031830928 1200000 1
-0.04 -30455.98 	-1659914.5 	4143.5375 	 -11283.321 	-1949017.7 	11981.701 	 -0.0032916674 	0.00047352575 	0.0239367 	 0.00077187127 	-0.00010832778 	-0.0023805191 	 -17862.836 	336.52365 	-2008.9031 	 -0.11265348 	0.08944059 	0.0021628075 	 -1.1035911 	-0.28986636 	-0.011848053 		-0.04 -0.0032960595 -0.032195244 1200000 1
-0.03875 -18084.668 	-1664211.7 	4014.3838 	 -6998.0435 	-1950511 	11509.172 	 -0.0032949488 	0.00045122043 	0.023897821 	 0.00077272829 	-0.0001028982 	-0.0023520191 	 -17907.672 	198.50465 	-2014.5811 	 -0.098738896 	0.088573928 	0.0023665733 	 -1.0915571 	-0.29087255 	-0.011491546 		-0.03875 -0.0031838989 -0.032555594 1200000 1
-0.0375 -5713.3556 	-1668508.9 	3885.23 	 -2712.7656 	-1952004.4 	11036.643 	 -0.0032982301 	0.00042891511 	0.023858942 	 0.00077358531 	-9.746862e-05 	-0.002323519 	 -17952.508 	60.485655 	-2020.2592 	 -0.084824309 	0.087707266 	0.0025703392 	 -1.0795231 	-0.29187874 	-0.011135039 		-0.0375 -0.0030717382 -0.032915943 1200000 1
-0.03625 6465.9877 	-1666878.3 	3767.8696 	 1252.936 	-1951448.5 	10609.199 	 -0.0033011387 	0.00040840965 	0.023823216 	 0.00077450113 	-9.2319574e-05 	-0.0023045683 	 -17921.707 	-75.049774 	-2017.056 	 -0.071019922 	0.084530912 	0.0027720567 	 -1.0683311 	-0.2980102 	-0.010816949 		-0.03625 -0.0029646307 -0.03328529 1200000 1
-0.035 18645.331 	-1665247.7 	3650.5091 	 5218.6375 	-1950892.7 	10181.754 	 -0.0033040473 	0.00038790419 	0.023787491 	 0.00077541695 	-8.7170527e-05 	-0.0022856176 	 -17890.906 	-210.5852 	-2013.8529 	 -0.057215535 	0.081354558 	0.0029737741 	 -1.0571392 	-0.30414166 	-0.010498858 		-0.035 -0.0028575232 -0.033654638 1200000 1
-0.03375 30850.674 	-1657729.2 	3554.6903 	 9251.5021 	-1948350.4 	9814.836 	 -0.0033066343 	0.00036900913 	0.023754633 	 0.00077636766 	-8.2190325e-05 	-0.002276092 	 -17785.284 	-345.67501 	-2001.7427 	 -0.043613355 	0.075850833 	0.0031770599 	 -1.046774 	-0.31534539 	-0.010235649 		-0.03375 -0.0027612443 -0.034045644 1200000 1
-0.0325 43056.018 	-1650210.7 	3458.8716 	 13284.367 	-1945808 	9447.9176 	 -0.0033092213 	0.00035011407 	0.023721774 	 0.00077731838 	-7.7210123e-05 	-0.0022665664 	 -17679.663 	-480.76482 	-1989.6325 	 -0.030011174 	0.070347108 	0.0033803456 	 -1.0364089 	-0.32654911 	-0.0099724411 		-0.0325 -0.0026649654 -0.034436651 1200000 1
-0.03125 55503.14 	-1636741.5 	3395.4951 	 17781.43 	-1941156.7 	9161.3108 	 -0.0033115557 	0.00033266823 	0.023692217 	 0.00077825068 	-7.228147e-05 	-0.0022658084 	 -17500.103 	-617.41929 	-1968.5583 	 -0.016704442 	0.062464835 	0.0035881008 	 -1.026866 	-0.34291142 	-0.0097840637 		-0.03125 -0.0025853766 -0.034862017 1200000 1
-0.03 67950.263 	-1623272.3 	3332.1186 	 22278.493 	-1936505.5 	8874.704 	 -0.0033138901 	0.00031522239 	0.023662659 	 0.00077918297 	-6.7352817e-05 	-0.0022650503 	 -17320.544 	-754.07377 	-1947.4842 	 -0.0033977107 	0.054582562 	0.0037958561 	 -1.0173232 	-0.35927373 	-0.0095956863 		-0.03 -0.0025057877 -0.035287383 1200000 1
-0.02875 80846.892 	-1603689.2 	3314.621 	 27675.874 	-1929427.5 	8697.3104 	 -0.0033160644 	0.00029908879 	0.023637577 	 0.00077999953 	-6.2346419e-05 	-0.0022717754 	 -17068.079 	-894.21114 	-1917.3742 	 0.0095122229 	0.044237417 	0.0040096901 	 -1.0086213 	-0.38102594 	-0.0095095324 		-0.02875 -0.0024489202 -0.035760201 1200000 1
-0.0275 93743.52 	-1584106.2 	3297.1234 	 33073.256 	-1922349.6 	8519.9168 	 -0.0033182387 	0.00028295519 	0.023612494 	 0.0007808161 	-5.7340021e-05 	-0.0022785004 	 -16815.614 	-1034.3485 	-1887.2642 	 0.022422157 	0.033892272 	0.004223524 	 -0.99991929 	-0.40277814 	-0.0094233785 		-0.0275 -0.0023920526 -0.03623302 1200000 1
-0.02625 107281.42 	-1558151.8 	3342.9181 	 39879.754 	-1912308.6 	8496.1611 	 -0.003320378 	0.00026801675 	0.023593847 	 0.00078134836 	-5.2108411e-05 	-0.002290591 	 -16491.608 	-1179.7264 	-1848.067 	 0.034818996 	0.020968125 	0.0044430242 	 -0.9921157 	-0.43030989 	-0.0094795296 		-0.02625 -0.0023641895 -0.036767147 1200000 1
-0.025 120819.32 	-1532197.4 	3388.7128 	 46686.253 	-1902267.6 	8472.4053 	 -0.0033225174 	0.0002530783 	0.023575199 	 0.00078188062 	-4.68768e-05 	-0.0023026815 	 -16167.603 	-1325.1043 	-1808.8699 	 0.047215835 	0.0080439788 	0.0046625245 	 -0.98431212 	-0.45784165 	-0.0095356808 		-0.025 -0.0023363263 -0.037301274 1200000 1
-0.02375 135162.43 	-1499529.4 	3520.6515 	 55526.074 	-1888469.9 	8671.5061 	 -0.0033247929 	0.0002392325 	0.023565791 	 0.0007818422 	-4.1249436e-05 	-0.0023168332 	 -15774.024 	-1477.2457 	-1760.6124 	 0.058961624 	-0.0076046782 	0.0048842924 	 -0.97752701 	-0.4917233 	-0.0097944051 		-0.02375 -0.0023440795 -0.037911751 1200000 1
-0.0225 149505.53 	-1466861.3 	3652.5902 	 64365.895 	-1874672.2 	8870.6069 	 -0.0033270684 	0.0002253867 	0.023556383 	 0.00078180378 	-3.5622071e-05 	-0.0023309849 	 -15380.446 	-1629.3871 	-1712.3549 	 0.070707413 	-0.023253335 	0.0051060603 	 -0.9707419 	-0.52560495 	-0.010053129 		-0.0225 -0.0023518327 -0.038522228 1200000 1
-0.02125 164771.26 	-1427069.2 	3900.2543 	 76037.057 	-1856010.2 	9400.4419 	 -0.0033297145 	0.00021253814 	0.023559938 	 0.00078071353 	-2.9404241e-05 	-0.0023421459 	 -14920.212 	-1789.5067 	-1655.2256 	 0.081636314 	-0.041797907 	0.0053224274 	 -0.96519469 	-0.56662096 	-0.010605997 		-0.02125 -0.0024022129 -0.039225763 1200000 1
-0.02 180036.98 	-1387277.2 	4147.9184 	 87708.22 	-1837348.3 	9930.2769 	 -0.0033323606 	0.00019968957 	0.023563492 	 0.00077962327 	-2.3186411e-05 	-0.0023533068 	 -14459.978 	-1949.6263 	-1598.0963 	 0.092565215 	-0.060342479 	0.0055387944 	 -0.95964749 	-0.60763696 	-0.011158864 		-0.02 -0.002452593 -0.039929299 1200000 1
-0.01875 196266.15 	-1339907.2 	4548.2374 	 103267.83 	-1812321.7 	10958.297 	 -0.0033356968 	0.00018773863 	0.023584713 	 0.0007766791 	-1.6167187e-05 	-0.0023538061 	 -13937.332 	-2118.5843 	-1532.5547 	 0.10247864 	-0.081976155 	0.0057361474 	 -0.95571641 	-0.65683325 	-0.012145423 		-0.01875 -0.0025530691 -0.040744856 1200000 1
-0.0175 212495.32 	-1292537.3 	4948.5564 	 118827.43 	-1787295.2 	11986.317 	 -0.0033390331 	0.00017578768 	0.023605934 	 0.00077373493 	-9.1479638e-06 	-0.0023543054 	 -13414.686 	-2287.5424 	-1467.0131 	 0.11239207 	-0.10360983 	0.0059335004 	 -0.95178533 	-0.70602953 	-0.013131981 		-0.0175 -0.0026535451 -0.041560413 1200000 1
-0.01625 229603.19 	-1237129.5 	5544.6582 	 139724.99 	-1753905.7 	13770.912 	 -0.003343488 	0.00016461337 	0.023650524 	 0.00076760684 	-1.12791e-06 	-0.0023324996 	 -12835.469 	-2465.906 	-1393.9142 	 0.12105707 	-0.12854431 	0.0060901629 	 -0.95010805 	-0.76477748 	-0.014764691 		-0.01625 -0.0028120936 -0.04250993 1200000 1
-0.015 246711.05 	-1181721.7 	6140.76 	 160622.54 	-1720516.2 	15555.507 	 -0.003347943 	0.00015343905 	0.023695114 	 0.00076147875 	6.8921437e-06 	-0.0023106939 	 -12256.251 	-2644.2695 	-1320.8152 	 0.12972207 	-0.15347879 	0.0062468254 	 -0.94843078 	-0.82352543 	-0.0163974 		-0.015 -0.0029706421 -0.043459447 1200000 1
-0.01375 264405.58 	-1117863.1 	6976.8354 	 188923.35 	-1676139.2 	18492.017 	 -0.0033540749 	0.00014287335 	0.023769667 	 0.00074996878 	1.6033136e-05 	-0.0022488383 	 -11627.732 	-2832.6967 	-1241.5101 	 0.13687718 	-0.18194578 	0.0063304734 	 -0.95008261 	-0.89359878 	-0.018998143 		-0.01375 -0.0031957906 -0.044568743 1200000 1
-0.0125 282100.1 	-1054004.5 	7812.9108 	 217224.15 	-1631762.2 	21428.526 	 -0.0033602069 	0.00013230766 	0.023844221 	 0.00073845881 	2.5174129e-05 	-0.0021869828 	 -10999.213 	-3021.1239 	-1162.205 	 0.14403229 	-0.21041277 	0.0064141215 	 -0.95173444 	-0.96367214 	-0.021598886 		-0.0125 -0.0034209391 -0.04567804 1200000 1
-0.01125 299741.69 	-981402.9 	8920.7721 	 256009.2 	-1573034.2 	26113.43 	 -0.0033687096 	0.00012209945 	0.023955823 	 0.00071794156 	3.5332504e-05 	-0.0020578223 	 -10328.737 	-3221.6652 	-1078.5043 	 0.1494098 	-0.24267911 	0.0063787563 	 -0.95855922 	-1.0473036 	-0.025649834 		-0.01125 -0.0037218225 -0.046977924 1200000 1
-0.01 317383.28 	-908801.3 	10028.633 	 294794.25 	-1514306.2 	30798.334 	 -0.0033772123 	0.00011189123 	0.024067425 	 0.0006974243 	4.5490879e-05 	-0.0019286618 	 -9658.2607 	-3422.2064 	-994.80371 	 0.1547873 	-0.27494545 	0.0063433912 	 -0.965384 	-1.130935 	-0.029700782 		-0.01 -0.004022706 -0.048277807 1200000 1
-0.00875 333734.12 	-827385.45 	11397.964 	 348924.98 	-1437215.7 	38108.739 	 -0.0033888783 	0.00010166079 	0.02422248 	 0.00066193157 	5.6065909e-05 	-0.0016899287 	 -8949.0794 	-3642.1711 	-908.51917 	 0.1581717 	-0.31135753 	0.0061258188 	 -0.9806409 	-1.2306946 	-0.035907144 		-0.00875 -0.0044091862 -0.049805261 1200000 1
-0.0075 350084.96 	-745969.6 	12767.295 	 403055.7 	-1360125.2 	45419.145 	 -0.0034005443 	9.1430352e-05 	0.024377534 	 0.00062643883 	6.6640939e-05 	-0.0014511956 	 -8239.8982 	-3862.1357 	-822.23464 	 0.1615561 	-0.34776961 	0.0059082463 	 -0.99589781 	-1.3304542 	-0.042113507 		-0.0075 -0.0047956663 -0.051332715 1200000 1
-0.00625 362845.04 	-656044 	14285.966 	 480749.92 	-1261157.4 	56581.091 	 -0.0034175281 	7.9844845e-05 	0.024626648 	 0.00055590448 	7.5872886e-05 	-0.00095106361 	 -7536.7326 	-4165.3617 	-739.62648 	 0.16291735 	-0.38883015 	0.0054234321 	 -1.0256107 	-1.4482409 	-0.0514564 		-0.00625 -0.0052786102 -0.053131396 1200000 1
-0.005 375605.12 	-566118.39 	15804.638 	 558444.14 	-1162189.6 	67743.037 	 -0.003434512 	6.8259337e-05 	0.024875763 	 0.00048537014 	8.5104832e-05 	-0.00045093158 	 -6833.5669 	-4468.5876 	-657.01833 	 0.16427861 	-0.42989068 	0.0049386179 	 -1.0553235 	-1.5660276 	-0.060799294 		-0.005 -0.0057615541 -0.054930078 1200000 1
-0.00375 379100.29 	-469288.28 	17336.994 	 673578.1 	-1038166.7 	85211.662 	 -0.0034439321 	5.5636219e-05 	0.025068339 	 0.00039810969 	8.3721133e-05 	7.0417873e-05 	 -5914.4247 	-4757.3291 	-559.57646 	 0.16560094 	-0.47705775 	0.0039825113 	 -1.110455 	-1.7025027 	-0.075279727 		-0.00375 -0.0063613376 -0.057068453 1200000 1
-0.0025 382595.47 	-372458.16 	18869.35 	 788712.05 	-914143.8 	102680.29 	 -0.0034533523 	4.3013101e-05 	0.025260915 	 0.00031084923 	8.2337434e-05 	0.00059176733 	 -4995.2825 	-5046.0706 	-462.13458 	 0.16692327 	-0.52422482 	0.0030264048 	 -1.1655865 	-1.8389777 	-0.089760161 		-0.0025 -0.0069611211 -0.059206827 1200000 1
-0.00125 375133.84 	-266503.27 	19951.723 	 942623.29 	-767716.83 	125333.23 	 -0.0034650655 	2.972042e-05 	0.025437725 	 0.0001897892 	7.5526096e-05 	0.0013377594 	 -3886.7571 	-5432.5551 	-345.6801 	 0.16863047 	-0.57964944 	0.0016530013 	 -1.2482169 	-1.9920215 	-0.10841786 		-0.00125 -0.0076552262 -0.061616866 1200000 1
5.2475385e-17 199098.53 	-179858.47 	10888.066 	 557370.12 	-646643.42 	74342.531 	 -0.0034835781 	1.5327736e-05 	0.02560868 	 6.2815474e-05 	7.0877683e-05 	0.0022060058 	 -3015.0539 	-3099.2877 	-270.10871 	 0.16938615 	0.06489826 	0.00082210431 	 -1.2782078 	0.6427787 	-0.11802742 		5.2475385e-17 -0.0079761024 -0.062459692 650000 1
0.00125 28086.854 	-145030.46 	1357.3411 	 81704.798 	-596437.36 	10454.865 	 -0.003488746 	6.278325e-07 	0.025540253 	 1.9632291e-05 	6.3505298e-05 	0.0024363594 	 -2580.9281 	-459.88995 	-244.8831 	 0.16945717 	0.7100194 	0.0012871022 	 -1.1804048 	3.2768965 	-0.10776027 		0.00125 -0.0074929805 -0.060009919 100000 1
0.0025 26534.541 	-136934.59 	1091.455 	 71567.994 	-583249.29 	8558.2862 	 -0.0034953904 	-1.2550049e-05 	0.025399226 	 2.1364401e-05 	5.6352366e-05 	0.0023670309 	 -2433.1701 	-421.56526 	-231.76689 	 0.16877213 	0.65643614 	0.0022974364 	 -1.0295064 	3.1210385 	-0.08845344 		0.0025 -0.0066355192 -0.055994118 100000 1
0.00375 25047.932 	-130128.74 	896.43261 	 64078.867 	-571063.38 	7073.5407 	 -0.0035027469 	-2.5888511e-05 	0.025272807 	 2.3365047e-05 	4.942432e-05 	0.002288167 	 -2305.0743 	-388.73987 	-220.66526 	 0.16936845 	0.61242413 	0.0029258206 	 -0.90621569 	2.9785528 	-0.073332922 		0.00375 -0.0058675093 -0.052258239 100000 1
0.005 23561.322 	-123322.89 	701.41022 	 56589.74 	-558877.48 	5588.7952 	 -0.0035101034 	-3.9226973e-05 	0.025146389 	 2.5365694e-05 	4.2496274e-05 	0.0022093031 	 -2176.9785 	-355.91448 	-209.56364 	 0.16996477 	0.56841213 	0.0035542048 	 -0.78292501 	2.836067 	-0.058212405 		0.005 -0.0050994994 -0.048522359 100000 1
0.00625 22148.619 	-117678.18 	581.13178 	 51645.628 	-547806.88 	4611.3181 	 -0.0035093918 	-5.3389507e-05 	0.025012123 	 2.8688131e-05 	3.592296e-05 	0.0020772037 	 -2050.2233 	-328.0812 	-199.15274 	 0.17222545 	0.53156938 	0.0037861887 	 -0.68648681 	2.7087547 	-0.048236095 		0.00625 -0.0044386859 -0.045145826 100000 1
0.0075 20735.917 	-112033.48 	460.85334 	 46701.517 	-536736.29 	3633.8411 	 -0.0035086801 	-6.7552042e-05 	0.024877858 	 3.2010567e-05 	2.9349646e-05 	0.0019451043 	 -1923.4682 	-300.24792 	-188.74185 	 0.17448613 	0.49472664 	0.0040181726 	 -0.59004862 	2.5814424 	-0.038259784 		0.0075 -0.0037778723 -0.041769293 100000 1
0.00875 19519.927 	-107166.38 	381.1012 	 43272.938 	-526854.2 	2966.7323 	 -0.003507407 	-8.0749954e-05 	0.024781825 	 3.4174839e-05 	2.4939115e-05 	0.0018409646 	 -1821.0929 	-278.89324 	-179.89509 	 0.17650574 	0.463097 	0.0040611184 	 -0.50977419 	2.4688808 	-0.031431407 		0.00875 -0.0032018693 -0.03869222 100000 1
0.01 18303.936 	-102299.29 	301.34907 	 39844.36 	-516972.12 	2299.6235 	 -0.003506134 	-9.3947866e-05 	0.024685792 	 3.6339111e-05 	2.0528584e-05 	0.0017368249 	 -1718.7177 	-257.53856 	-171.04833 	 0.17852535 	0.43146736 	0.0041040641 	 -0.42949976 	2.3563193 	-0.024603031 		0.01 -0.0026258662 -0.035615147 100000 1
0.01125 17262.788 	-98047.24 	248.31699 	 37354.149 	-508180.84 	1845.647 	 -0.0035048102 	-0.00010716856 	0.024610488 	 3.8188256e-05 	1.7486914e-05 	0.0016481614 	 -1632.6435 	-240.46595 	-163.32597 	 0.18020876 	0.40399448 	0.0040368609 	 -0.35939464 	2.2570323 	-0.019938103 		0.01125 -0.0021232009 -0.032801422 100000 1
0.0125 16221.639 	-93795.191 	195.28491 	 34863.939 	-499389.57 	1391.6706 	 -0.0035034864 	-0.00012038925 	0.024535183 	 4.00374e-05 	1.4445244e-05 	0.001559498 	 -1546.5694 	-223.39335 	-155.60362 	 0.18189217 	0.3765216 	0.0039696576 	 -0.28928952 	2.1577453 	-0.015273175 		0.0125 -0.0016205355 -0.029987697 100000 1
0.01375 15331.075 	-90042.543 	159.94345 	 33000.05 	-491495.81 	1080.531 	 -0.0035020785 	-0.00013381027 	0.024476725 	 4.1668657e-05 	1.2378646e-05 	0.0014836642 	 -1473.3057 	-209.51554 	-148.79269 	 0.18324069 	0.35246907 	0.0038427364 	 -0.22603723 	2.0694277 	-0.012060665 		0.01375 -0.0011818969 -0.027407059 100000 1
0.015 14440.511 	-86289.895 	124.602 	 31136.161 	-483602.04 	769.39134 	 -0.0035006706 	-0.00014723128 	0.024418266 	 4.3299914e-05 	1.0312048e-05 	0.0014078305 	 -1400.042 	-195.63772 	-141.98177 	 0.18458921 	0.32841654 	0.0037158152 	 -0.16278493 	1.9811101 	-0.0088481558 		0.015 -0.00074325825 -0.024826421 100000 1
0.01625 13678.503 	-82951.826 	100.9873 	 29719.356 	-476424.89 	552.72968 	 -0.0034991553 	-0.00016100467 	0.024373691 	 4.4746507e-05 	8.9364177e-06 	0.0013422427 	 -1336.9061 	-184.21854 	-135.93304 	 0.18563812 	0.30725204 	0.0035609623 	 -0.10441794 	1.9016711 	-0.0065988643 		0.01625 -0.00036085551 -0.022454283 100000 1
0.0175 12916.496 	-79613.756 	77.372595 	 28302.552 	-469247.74 	336.06801 	 -0.00349764 	-0.00017477806 	0.024329116 	 4.61931e-05 	7.5607872e-06 	0.001276655 	 -1273.7702 	-172.79936 	-129.8843 	 0.18668704 	0.28608754 	0.0034061094 	 -0.046050949 	1.8222321 	-0.0043495729 		0.0175 2.1547219e-05 -0.020082146 100000 1
0.01875 12264.444 	-76624.783 	61.523274 	 27224.829 	-462634.01 	181.36813 	 -0.0034959968 	-0.00018904212 	0.024296224 	 4.7469636e-05 	6.6787758e-06 	0.0012191769 	 -1218.7381 	-163.32423 	-124.48351 	 0.18747956 	0.26740021 	0.0032428755 	 0.0086699059 	1.7499233 	-0.0027342973 		0.01875 0.00035436333 -0.017898703 100000 1
0.02 11612.393 	-73635.809 	45.673954 	 26147.106 	-456020.29 	26.668256 	 -0.0034943536 	-0.00020330618 	0.024263332 	 4.8746171e-05 	5.7967644e-06 	0.0011616989 	 -1163.706 	-153.84909 	-119.08272 	 0.18827209 	0.24871288 	0.0030796416 	 0.063390761 	1.6776145 	-0.0011190217 		0.02 0.00068717944 -0.01571526 100000 1
0.02125 11054.994 	-70943.039 	34.952291 	 25341.004 	-449840.96 	-87.719756 	 -0.0034925623 	-0.00021819409 	0.024240498 	 4.9864536e-05 	5.2715505e-06 	0.0011106508 	 -1115.2331 	-145.9475 	-114.23672 	 0.18884958 	0.23216749 	0.0029196132 	 0.11528731 	1.6109768 	8.1728458e-05 		0.02125 0.00097614554 -0.013704666 100000 1
0.0225 10497.595 	-68250.27 	24.230627 	 24534.901 	-443661.63 	-202.10777 	 -0.003490771 	-0.000233082 	0.024217665 	 5.09829e-05 	4.7463366e-06 	0.0010596027 	 -1066.7603 	-138.04592 	-109.39072 	 0.18942708 	0.2156221 	0.0027595849 	 0.16718386 	1.544339 	0.0012824786 		0.0225 0.0012651116 -0.011694073 100000 1
0.02375 10022.342 	-65809.49 	16.879925 	 23957.434 	-437805.59 	-290.55474 	 -0.0034888103 	-0.00024872804 	0.024203699 	 5.1956299e-05 	4.4825841e-06 	0.0010136855 	 -1023.6458 	-131.44395 	-105.02065 	 0.18982566 	0.20093439 	0.0026092371 	 0.21682463 	1.4821281 	0.0022146732 		0.02375 0.0015152008 -0.009843819 100000 1
0.025 9547.0893 	-63368.71 	9.5292233 	 23379.966 	-431949.55 	-379.00172 	 -0.0034868496 	-0.00026437408 	0.024189734 	 5.2929699e-05 	4.2188316e-06 	0.00096776817 	 -980.53126 	-124.84198 	-100.65058 	 0.19022424 	0.18624667 	0.0024588893 	 0.26646539 	1.4199172 	0.0031468679 		0.025 0.00176529 -0.007993565 100000 1
0.02625 9143.7425 	-61142.046 	4.3810344 	 23003.831 	-426318.15 	-451.04379 	 -0.0034846972 	-0.00028091833 	0.024183768 	 5.3772756e-05 	4.1498307e-06 	0.00092598148 	 -941.8229 	-119.33235 	-96.688297 	 0.19047384 	0.17316975 	0.0023214865 	 0.31425631 	1.3610413 	0.0039076069 		0.02625 0.0019808175 -0.006294026 100000 1
0.0275 8740.3958 	-58915.383 	-0.7671545 	 22627.696 	-420686.76 	-523.08587 	 -0.0034825448 	-0.00029746258 	0.024177803 	 5.4615812e-05 	4.0808297e-06 	0.00088419479 	 -903.11453 	-113.82271 	-92.726016 	 0.19072343 	0.16009284 	0.0021840838 	 0.36204723 	1.3021655 	0.0046683459 		0.0275 0.002196345 -0.004594487 100000 1
0.02875 8400.5203 	-56869.825 	-4.4872295 	 22436.252 	-415189.54 	-585.04951 	 -0.0034801765 	-0.00031505489 	0.02417922 	 5.5343682e-05 	4.1599142e-06 	0.00084576951 	 -868.04359 	-109.24524 	-89.112035 	 0.19084777 	0.14840918 	0.002060928 	 0.40828417 	1.2456363 	0.0053222475 		0.02875 0.0023810496 -0.0030386123 100000 1
0.03 8060.6448 	-54824.268 	-8.2073045 	 22244.809 	-409692.32 	-647.01315 	 -0.0034778083 	-0.00033264721 	0.024180638 	 5.6071552e-05 	4.2389987e-06 	0.00080734423 	 -832.97265 	-104.66777 	-85.498054 	 0.19097211 	0.13672552 	0.0019377721 	 0.4545211 	1.1891072 	0.0059761492 		0.03 0.0025657541 -0.0014827376 100000 1
0.03125 7777.2249 	-52930.678 	-11.008432 	 22229.142 	-404243.61 	-703.07711 	 -0.0034751983 	-0.00035145096 	0.024189018 	 5.6699036e-05 	4.4337774e-06 	0.00077169149 	 -800.90885 	-100.89628 	-82.180138 	 0.19098911 	0.12624171 	0.0018290105 	 0.49942114 	1.1340021 	0.0065660657 		0.03125 0.0027228633 -6.5844309e-05 100000 1
0.0325 7493.8051 	-51037.088 	-13.80956 	 22213.475 	-398794.91 	-759.14106 	 -0.0034725884 	-0.00037025472 	0.024197398 	 5.732652e-05 	4.6285561e-06 	0.00073603874 	 -768.84504 	-97.124778 	-78.862222 	 0.19100611 	0.11575791 	0.0017202488 	 0.54432119 	1.0788971 	0.0071559822 		0.0325 0.0028799726 0.001351049 100000 1
0.03375 7260.9337 	-49269.496 	-16.021068 	 22370.699 	-393311.13 	-812.01216 	 -0.0034697085 	-0.00039045053 	0.024212478 	 5.7867393e-05 	4.9170104e-06 	0.00070271416 	 -739.265 	-94.057983 	-75.794382 	 0.19092824 	0.10630095 	0.0016253903 	 0.5880413 	1.0243287 	0.0077098262 		0.03375 0.0030122581 0.0026313984 100000 1
0.035 7028.0624 	-47501.904 	-18.232576 	 22527.924 	-387827.35 	-864.88325 	 -0.0034668286 	-0.00041064634 	0.024227558 	 5.8408265e-05 	5.2054648e-06 	0.00066938958 	 -709.68497 	-90.991188 	-72.726543 	 0.19085038 	0.096843997 	0.0015305318 	 0.63176142 	0.9697603 	0.0082636702 		0.035 0.0031445437 0.0039117478 100000 1
0.03625 6840.693 	-45836.998 	-20.060049 	 22860.295 	-382224.6 	-916.20655 	 -0.0034636479 	-0.00043243607 	0.024249209 	 5.8874792e-05 	5.573319e-06 	0.00063806977 	 -682.15004 	-88.546408 	-69.868293 	 0.190685 	0.08825846 	0.0014487702 	 0.6744089 	0.91485056 	0.0087985666 		0.03625 0.0032543681 0.0050557992 100000 1
0.0375 6653.3236 	-44172.092 	-21.887522 	 23192.666 	-376621.86 	-967.52986 	 -0.0034604673 	-0.0004542258 	0.024270859 	 5.934132e-05 	5.9411733e-06 	0.00060674996 	 -654.61512 	-86.101629 	-67.010043 	 0.19051963 	0.079672924 	0.0013670085 	 0.71705638 	0.85994083 	0.009333463 		0.0375 0.0033641926 0.0061998505 100000 1
0.03875 6507.0646 	-42588.84 	-23.448522 	 23707.227 	-370813.86 	-1018.103 	 -0.0034569521 	-0.000477837 	0.024299066 	 5.9743824e-05 	6.3801079e-06 	0.00057721902 	 -628.75568 	-84.210182 	-64.325854 	 0.1902692 	0.071818788 	0.001297413 	 0.75869378 	0.80379798 	0.0098579283 		0.03875 0.0034535504 0.0072056512 100000 1
0.04 6360.8055 	-41005.587 	-25.009522 	 24221.789 	-365005.85 	-1068.6761 	 -0.0034534369 	-0.00050144819 	0.024327272 	 6.0146327e-05 	6.8190425e-06 	0.00054768808 	 -602.89625 	-82.318735 	-61.641664 	 0.19001877 	0.063964652 	0.0012278175 	 0.80033118 	0.74765514 	0.010382394 		0.04 0.0035429083 0.008211452 100000 1
0.04125 6251.7375 	-39484.968 	-26.355139 	 24930.471 	-358901.7 	-1118.5048 	 -0.0034495499 	-0.00052713922 	0.024362124 	 6.0492654e-05 	7.3255038e-06 	0.00051983298 	 -578.40066 	-80.92253 	-59.100614 	 0.18968103 	0.056715623 	0.0011694351 	 0.84097672 	0.68935106 	0.010896921 		0.04125 0.003613462 0.0090747891 100000 1
0.0425 6142.6695 	-37964.348 	-27.700756 	 25639.153 	-352797.56 	-1168.3336 	 -0.0034456629 	-0.00055283026 	0.024396976 	 6.083898e-05 	7.8319651e-06 	0.00049197788 	 -553.90506 	-79.526324 	-56.559563 	 0.1893433 	0.049466595 	0.0011110527 	 0.88162226 	0.63104698 	0.011411448 		0.0425 0.0036840158 0.0099381261 100000 1
0.04375 6067.1738 	-36489.171 	-28.826985 	 26559.306 	-346299.56 	-1216.5369 	 -0.0034413628 	-0.00058089626 	0.024438659 	 6.1133674e-05 	8.4063632e-06 	0.00046579233 	 -530.51195 	-78.575273 	-54.135151 	 0.18891146 	0.04270881 	0.0010629484 	 0.92124592 	0.56959346 	0.011907578 		0.04375 0.0037371285 0.010652407 100000 1
0.045 5991.6781 	-35013.993 	-29.953214 	 27479.458 	-339801.56 	-1264.7403 	 -0.0034370627 	-0.00060896227 	0.024480343 	 6.1428368e-05 	8.9807613e-06 	0.00043960678 	 -507.11884 	-77.624222 	-51.710739 	 0.18847963 	0.035951026 	0.0010148441 	 0.96086957 	0.50813994 	0.012403708 		0.045 0.0037902412 0.011366687 100000 1
0.04625 5946.2616 	-33568.795 	-30.804887 	 28634.888 	-332802.56 	-1309.2857 	 -0.0034323038 	-0.0006397422 	0.02452914 	 6.1671306e-05 	9.6268982e-06 	0.00041520433 	 -484.61189 	-77.074324 	-49.380877 	 0.18794252 	0.029582112 	0.00097609646 	 0.99938407 	0.44246199 	0.012861397 		0.04625 0.0038270061 0.011922756 100000 1
0.0475 5900.8452 	-32123.597 	-31.656561 	 29790.318 	-325803.57 	-1353.831 	 -0.003427545 	-0.00067052214 	0.024577936 	 6.1914245e-05 	1.0273035e-05 	0.00039080189 	 -462.10495 	-76.524426 	-47.051015 	 0.18740542 	0.023213198 	0.00093734885 	 1.0378986 	0.37678405 	0.013319086 		0.0475 0.0038637709 0.012478826 100000 1
0.04875 5881.9466 	-30694.627 	-32.125514 	 31213.018 	-318183.85 	-1391.0475 	 -0.0034222765 	-0.00070440719 	0.024634219 	 6.2098344e-05 	1.0997574e-05 	0.00036844033 	 -440.30935 	-76.336443 	-44.798196 	 0.18674769 	0.017141697 	0.00090700686 	 1.0751436 	0.30568814 	0.013701854 		0.04875 0.0038850391 0.012864717 100000 1
0.05 5863.0481 	-29265.657 	-32.594467 	 32635.718 	-310564.14 	-1428.2641 	 -0.0034170081 	-0.00073829224 	0.024690501 	 6.2282444e-05 	1.1722113e-05 	0.00034607878 	 -418.51375 	-76.148459 	-42.545377 	 0.18608996 	0.011070197 	0.00087666487 	 1.1123887 	0.23459224 	0.014084623 		0.05 0.0039063072 0.013250607 100000 1
0.05125 5866.8011 	-27840.959 	-32.513698 	 34368.607 	-302187.5 	-1452.0458 	 -0.0034111738 	-0.00077573583 	0.024754738 	 6.2389854e-05 	1.253383e-05 	0.00032619965 	 -397.29369 	-76.28729 	-40.357013 	 0.18529241 	0.0052153936 	0.00085366973 	 1.148105 	0.15672656 	0.014331598 		0.05125 0.0039127146 0.013451197 100000 1
0.0525 5870.5541 	-26416.26 	-32.432929 	 36101.497 	-293810.86 	-1475.8275 	 -0.0034053395 	-0.00081317943 	0.024818975 	 6.2497265e-05 	1.3345546e-05 	0.00030632051 	 -376.07362 	-76.426121 	-38.16865 	 0.18449487 	-0.00063940956 	0.00083067458 	 1.1838214 	0.07886089 	0.014578573 		0.0525 0.0039191219 0.013651787 100000 1
0.05375 5892.4745 	-24985.865 	-31.569096 	 38202.793 	-284519.48 	-1476.3779 	 -0.0033988764 	-0.00085470931 	0.02489173 	 6.2493137e-05 	1.42539e-05 	0.00028961021 	 -355.32962 	-76.861236 	-36.037536 	 0.18353511 	-0.0063472411 	0.000813747 	 1.2176089 	-0.0073360058 	0.014591943 		0.05375 0.003911116 0.013648349 100000 1
0.055 5914.395 	-23555.469 	-30.705263 	 40304.089 	-275228.09 	-1476.9283 	 -0.0033924133 	-0.00089623918 	0.024964486 	 6.2489009e-05 	1.5162254e-05 	0.00027289991 	 -334.58562 	-77.296351 	-33.906421 	 0.18257535 	-0.012055073 	0.00079681941 	 1.2513964 	-0.093532902 	0.014605314 		0.055 0.0039031102 0.013644911 100000 1
0.05625 5948.9372 	-22111.74 	-28.753663 	 42854.424 	-264835.75 	-1438.8255 	 -0.0033852513 	-0.00094247171 	0.02504642 	 6.2311325e-05 	1.6174439e-05 	0.0002603834 	 -314.25007 	-78.00413 	-31.831172 	 0.18142896 	-0.017673977 	0.00078431098 	 1.2826444 	-0.18990023 	0.014230994 		0.05625 0.0038809784 0.013414517 100000 1
0.0575 5983.4795 	-20668.011 	-26.802062 	 45404.759 	-254443.4 	-1400.7226 	 -0.0033780893 	-0.00098870424 	0.025128355 	 6.2133641e-05 	1.7186624e-05 	0.00024786689 	 -293.91452 	-78.711908 	-29.755923 	 0.18028257 	-0.023292882 	0.00077180255 	 1.3138924 	-0.28626756 	0.013856674 		0.0575 0.0038588466 0.013184122 100000 1
0.05875 6023.3695 	-19206.177 	-23.392178 	 48519.232 	-242726.49 	-1299.9838 	 -0.0033701494 	-0.0010403614 	0.025220222 	 6.1676686e-05 	1.8301491e-05 	0.00024105184 	 -273.94172 	-79.681828 	-27.741047 	 0.17892534 	-0.02886817 	0.00076151086 	 1.341661 	-0.39501225 	0.012854963 		0.05875 0.0038227462 0.012698848 100000 1
0.06 6063.2595 	-17744.343 	-19.982293 	 51633.706 	-231009.58 	-1199.2449 	 -0.0033622095 	-0.0010920185 	0.025312089 	 6.121973e-05 	1.9416357e-05 	0.00023423679 	 -253.96893 	-80.651747 	-25.72617 	 0.17756812 	-0.034443458 	0.00075121918 	 1.3694296 	-0.50375695 	0.011853253 		0.06 0.0037866458 0.012213574 100000 1
0.06125 6098.4372 	-16263.267 	-14.71028 	 55483.255 	-217696.12 	-998.98226 	 -0.0033534018 	-0.0011499468 	0.025414723 	 6.0307271e-05 	2.061217e-05 	0.00023533843 	 -234.31269 	-81.900865 	-23.780914 	 0.17598033 	-0.040006624 	0.00074017386 	 1.3922379 	-0.6275643 	0.009855408 		0.06125 0.0037366375 0.011439456 100000 1
0.0625 6133.6148 	-14782.192 	-9.4382667 	 59332.804 	-204382.66 	-798.71958 	 -0.0033445941 	-0.0012078752 	0.025517356 	 5.9394811e-05 	2.1807982e-05 	0.00023644006 	 -214.65645 	-83.149983 	-21.835658 	 0.17439255 	-0.045569789 	0.00072912854 	 1.4150461 	-0.75137165 	0.0078575631 		0.0625 0.0036866293 0.010665338 100000 1
0.06375 6149.4683 	-13285.438 	-1.9580584 	 64184.103 	-189142.81 	-443.01805 	 -0.0033348139 	-0.0012730664 	0.025631636 	 5.7736685e-05 	2.3018381e-05 	0.00024873717 	 -195.22137 	-84.756237 	-19.969718 	 0.17256717 	-0.051138373 	0.00071336402 	 1.4304741 	-0.89350024 	0.0043045995 		0.06375 0.003622713 0.0095610268 100000 1
0.065 6165.3218 	-11788.685 	5.52215 	 69035.402 	-173902.96 	-87.316521 	 -0.0033250338 	-0.0013382576 	0.025745916 	 5.6078559e-05 	2.4228779e-05 	0.00026103428 	 -175.7863 	-86.36249 	-18.103779 	 0.17074179 	-0.056706957 	0.0006975995 	 1.445902 	-1.0356288 	0.00075163593 		0.065 0.0035587968 0.0084567156 100000 1
0.06625 6139.5771 	-10285.873 	15.29008 	 75329.511 	-156361.07 	506.45102 	 -0.0033141566 	-0.001411865 	0.025872658 	 5.3201152e-05 	2.5297415e-05 	0.00028943286 	 -156.32714 	-88.542756 	-16.315692 	 0.16870067 	-0.062287779 	0.00067193724 	 1.4498054 	-1.1997926 	-0.0051824974 		0.06625 0.0034809456 0.0069719547 100000 1
0.0675 6113.8324 	-8783.0621 	25.05801 	 81623.619 	-138819.18 	1100.2186 	 -0.0033032794 	-0.0014854724 	0.025999399 	 5.0323746e-05 	2.636605e-05 	0.00031783144 	 -136.86799 	-90.723022 	-14.527604 	 0.16665955 	-0.067868601 	0.00064627497 	 1.4537088 	-1.3639564 	-0.011116631 		0.0675 0.0034030945 0.0054871938 100000 1
0.06875 6010.8529 	-7291.4756 	36.497478 	 90141.551 	-118680.42 	2048.1114 	 -0.0032896015 	-0.0015748275 	0.026158939 	 4.474916e-05 	2.6901793e-05 	0.00038346216 	 -117.36667 	-94.869397 	-12.822756 	 0.16448546 	-0.07346822 	0.00060412291 	 1.4385622 	-1.5530641 	-0.020592223 		0.06875 0.0033112741 0.0035620636 100000 1
0.07 5907.8734 	-5799.889 	47.936946 	 98659.484 	-98541.66 	2996.0043 	 -0.0032759235 	-0.0016641827 	0.026318479 	 3.9174574e-05 	2.7437536e-05 	0.00044909289 	 -97.865349 	-99.015771 	-11.117908 	 0.16231137 	-0.07906784 	0.00056197085 	 1.4234156 	-1.7421718 	-0.030067815 		0.07 0.0032194538 0.0016369335 100000 1
0.07125 5650.9539 	-4344.5239 	59.735151 	 110673.26 	-75590.69 	4512.2785 	 -0.0032544422 	-0.0017581508 	0.026453033 	 3.2111066e-05 	2.705009e-05 	0.00052351639 	 -75.871109 	-103.66775 	-9.2404592 	 0.16044306 	-0.084837849 	0.00049037961 	 1.3770135 	-1.9582957 	-0.04522708 		0.07125 0.0031127223 -0.00082809307 100000 1
0.0725 5394.0344 	-2889.1588 	71.533356 	 122687.04 	-52639.72 	6028.5526 	 -0.0032329608 	-0.001852119 	0.026587588 	 2.5047558e-05 	2.6662645e-05 	0.00059793989 	 -53.876868 	-108.31973 	-7.3630107 	 0.15857474 	-0.090607857 	0.00041878836 	 1.3306114 	-2.1744196 	-0.060386345 		0.0725 0.0030059908 -0.0032931196 100000 1
0.07375 4966.5485 	-1441.1488 	80.791598 	 138407.07 	-27011.926 	8029.8981 	 -0.0032118148 	-0.0019512318 	0.026710147 	 1.5216636e-05 	2.4808155e-05 	0.00069632097 	 -28.161091 	-114.92607 	-5.2084653 	 0.15712117 	-0.096849974 	0.00031975292 	 1.2499967 	-2.416482 	-0.080395897 		0.07375 0.0028882073 -0.0061868212 100000 1
0.075 4339.4288 	-339.3537 	78.109691 	 151029.94 	-12837.38 	9094.4412 	 -0.0032042021 	-0.0020066691 	0.026791113 	 8.691495e-06 	2.3404987e-05 	0.00076694812 	 -9.4940108 	-116.17673 	-3.0871855 	 0.15643111 	-0.10012787 	0.00026619187 	 1.2022256 	-2.5434544 	-0.091036881 		0.075 0.0027630475 -0.0093661391 100000 1
