# y jRe_x jRe_y jRe_z jIm_x jIm_y jIm_z BRe_x BRe_y BRe_z BIm_x BIm_y BIm_z F_x F_y F_z VReGrad_x VReGrad_y VReGrad_z VImGrad_x VImGrad_y VImGrad_z s VRe VIm sigma mur
-0.075 -508107.66 	-38559.807 	-16704.115 	 -2102559.9 	-172918.55 	-152026.84 	 -0.0044842702 	0.0027479766 	0.041336549 	 0.00017547715 	-0.00042890289 	0.0045464218 	 -1199.5233 	15308.823 	-320.10367 	 -0.4788229 	-0.62134722 	0.005738575 	 -1.5820642 	-3.1958818 	0.12557413 		-0.075 -0.00073587839 -0.0028269266 1200000 1
-0.07375 -554597.7 	-149235.1 	-16735.126 	 -1858852.7 	-321885.36 	-133387.18 	 -0.0044801699 	0.0026664726 	0.041017811 	 0.00028155437 	-0.00045442395 	0.0034256907 	 -3518.9456 	14664.91 	-600.92474 	 -0.48109405 	-0.5904305 	0.0048097755 	 -1.6508363 	-3.0530988 	0.11009129 		-0.07375 -0.0015125565 -0.006821349 1200000 1
-0.0725 -577668.1 	-296907.15 	-15004.606 	 -1566132.6 	-620419.93 	-101438.13 	 -0.0044845341 	0.0025173861 	0.040533832 	 0.0004465005 	-0.00050080353 	0.0018320403 	 -6540.2107 	13155.044 	-861.22041 	 -0.48485242 	-0.53253958 	0.0036565815 	 -1.7680542 	-2.7818532 	0.083361162 		-0.0725 -0.0022193754 -0.010494177 1200000 1
-0.07125 -580279.71 	-439358.92 	-12842.536 	 -1345632 	-873950.32 	-77682.045 	 -0.0044879662 	0.0023867635 	0.039978757 	 0.00056836354 	-0.00051075209 	0.00065497026 	 -8820.0495 	12130.449 	-1069.2429 	 -0.48763286 	-0.48163811 	0.0030899284 	 -1.8364188 	-2.5435434 	0.063286283 		-0.07125 -0.0028257671 -0.013688548 1200000 1
-0.07 -582891.32 	-581810.7 	-10680.466 	 -1125131.5 	-1127480.7 	-53925.956 	 -0.0044913982 	0.0022561409 	0.039423682 	 0.00069022657 	-0.00052070065 	-0.00052209978 	 -11099.888 	11105.854 	-1277.2653 	 -0.49041331 	-0.43073665 	0.0025232754 	 -1.9047833 	-2.3052335 	0.043211404 		-0.07 -0.0034321588 -0.016882919 1200000 1
-0.06875 -568530.11 	-719040.21 	-8087.0711 	 -974477.29 	-1331609.7 	-37171.644 	 -0.0044845177 	0.0021386602 	0.038784222 	 0.00078679366 	-0.00050707874 	-0.0015312903 	 -12823.46 	10193.426 	-1440.7116 	 -0.49096866 	-0.38491824 	0.0021278551 	 -1.9291606 	-2.1030838 	0.028813863 		-0.06875 -0.0039106127 -0.019488745 1200000 1
-0.0675 -554168.9 	-856269.72 	-5493.676 	 -823823.07 	-1535738.8 	-20417.333 	 -0.0044776373 	0.0020211794 	0.038144762 	 0.00088336075 	-0.00049345684 	-0.0025404808 	 -14547.032 	9280.9982 	-1604.1578 	 -0.49152402 	-0.33909983 	0.0017324348 	 -1.9535379 	-1.900934 	0.014416321 		-0.0675 -0.0043890665 -0.02209457 1200000 1
-0.06625 -531654.59 	-983839.82 	-3351.9671 	 -717181.68 	-1695491.6 	-10250.881 	 -0.0044752665 	0.0019243302 	0.037692915 	 0.00093311926 	-0.00047585032 	-0.0030119721 	 -16156.51 	8714.3849 	-1759.6119 	 -0.48808337 	-0.29758911 	0.0017794502 	 -1.9542299 	-1.7337903 	0.0054191467 		-0.06625 -0.0047581812 -0.024240179 1200000 1
-0.065 -509140.29 	-1111409.9 	-1210.2582 	 -610540.28 	-1855244.5 	-84.430052 	 -0.0044728958 	0.0018274809 	0.037241068 	 0.00098287777 	-0.00045824381 	-0.0034834634 	 -17765.988 	8147.7716 	-1915.066 	 -0.48464272 	-0.25607839 	0.0018264656 	 -1.9549218 	-1.5666465 	-0.0035780276 		-0.065 -0.0051272958 -0.026385788 1200000 1
-0.06375 -482919.61 	-1227137.6 	437.28915 	 -532819.15 	-1977769.2 	5931.8125 	 -0.0044729543 	0.0017434482 	0.03686948 	 0.0010129925 	-0.00043907346 	-0.0037296032 	 -19248.997 	7657.5239 	-2063.7644 	 -0.47750889 	-0.21894356 	0.0021457272 	 -1.9429713 	-1.4302297 	-0.0091613999 		-0.06375 -0.0053981806 -0.028156132 1200000 1
-0.0625 -456698.94 	-1342865.3 	2084.8365 	 -455098.02 	-2100293.9 	11948.055 	 -0.0044730128 	0.0016594154 	0.036497893 	 0.0010431072 	-0.00041990312 	-0.003975743 	 -20732.006 	7167.2762 	-2212.4628 	 -0.47037507 	-0.18180874 	0.0024649888 	 -1.9310208 	-1.2938128 	-0.014744772 		-0.0625 -0.0056690655 -0.029926475 1200000 1
-0.06125 -429357.58 	-1445689.4 	3270.9433 	 -397476.77 	-2193352.4 	15273.203 	 -0.0044757154 	0.0015864613 	0.036198706 	 0.0010595003 	-0.00040079872 	-0.0040801094 	 -22108.139 	6716.102 	-2357.3173 	 -0.46009082 	-0.14914254 	0.0029687383 	 -1.9124291 	-1.1831718 	-0.018105443 		-0.06125 -0.0058526355 -0.031390578 1200000 1
-0.06 -402016.23 	-1548513.4 	4457.0501 	 -339855.53 	-2286410.9 	18598.35 	 -0.004478418 	0.0015135073 	0.035899519 	 0.0010758933 	-0.00038169432 	-0.0041844758 	 -23484.273 	6264.9278 	-2502.1719 	 -0.44980656 	-0.11647634 	0.0034724878 	 -1.8938375 	-1.0725308 	-0.021466114 		-0.06 -0.0060362055 -0.03285468 1200000 1
-0.05875 -374973.6 	-1638389.5 	5259.5004 	 -296595.84 	-2356724.9 	20265.985 	 -0.0044818015 	0.0014487852 	0.035660827 	 0.0010864318 	-0.00036504693 	-0.0042008535 	 -24749.942 	5840.5806 	-2635.9532 	 -0.43694529 	-0.088195241 	0.0041073597 	 -1.8719429 	-0.98301312 	-0.023458276 		-0.05875 -0.0061437536 -0.034071821 1200000 1
-0.0575 -347930.98 	-1728265.6 	6061.9508 	 -253336.15 	-2427038.9 	21933.619 	 -0.0044851851 	0.001384063 	0.035422135 	 0.0010969704 	-0.00034839953 	-0.0042172311 	 -26015.61 	5416.2335 	-2769.7345 	 -0.42408401 	-0.059914143 	0.0047422317 	 -1.8500484 	-0.89349547 	-0.025450438 		-0.0575 -0.0062513017 -0.035288962 1200000 1
-0.05625 -322003.08 	-1805414.3 	6592.5554 	 -220684.39 	-2479763.2 	22573.941 	 -0.0044901659 	0.0013269577 	0.035233476 	 0.0011017817 	-0.00033331535 	-0.0041816802 	 -27156.633 	5016.1902 	-2894.4794 	 -0.40920743 	-0.035965723 	0.0054526182 	 -1.8268389 	-0.82172999 	-0.026601207 		-0.05625 -0.0062936526 -0.036305978 1200000 1
-0.055 -296075.19 	-1882563 	7123.16 	 -188032.62 	-2532487.5 	23214.264 	 -0.0044951467 	0.0012698523 	0.035044817 	 0.001106593 	-0.00031823116 	-0.0041461292 	 -28297.656 	4616.1468 	-3019.2243 	 -0.39433086 	-0.012017302 	0.0061630048 	 -1.8036295 	-0.74996451 	-0.027751976 		-0.055 -0.0063360035 -0.037322995 1200000 1
-0.05375 -271591.8 	-1947677 	7442.6931 	 -163242.09 	-2571756.2 	23257.578 	 -0.0044993867 	0.0012184206 	0.034895326 	 0.0011109642 	-0.00030555987 	-0.0040817674 	 -29303.939 	4239.0933 	-3126.4367 	 -0.37790056 	0.0077934638 	0.0069490975 	 -1.78021 	-0.69296629 	-0.028431621 		-0.05375 -0.0063238384 -0.038181268 1200000 1
-0.0525 -247108.41 	-2012791 	7762.2261 	 -138451.55 	-2611024.9 	23300.892 	 -0.0045036266 	0.001166989 	0.034745834 	 0.0011153355 	-0.00029288858 	-0.0040174057 	 -30310.222 	3862.0397 	-3233.6491 	 -0.36147026 	0.027604229 	0.0077351903 	 -1.7567905 	-0.63596808 	-0.029111267 		-0.0525 -0.0063116733 -0.039039542 1200000 1
-0.05125 -224217.24 	-2066490.1 	7990.5098 	 -119602.78 	-2639923.1 	23018.198 	 -0.0045089217 	0.0011211246 	0.034627254 	 0.0011168025 	-0.00028144474 	-0.0039402944 	 -31171.517 	3507.8411 	-3328.4949 	 -0.34391698 	0.043416195 	0.0085475426 	 -1.7338735 	-0.59170738 	-0.029560701 		-0.05125 -0.0062551802 -0.039772016 1200000 1
-0.05 -201326.06 	-2120189.1 	8218.7934 	 -100754 	-2668821.3 	22735.504 	 -0.0045142168 	0.0010752602 	0.034508674 	 0.0011182694 	-0.00027000091 	-0.0038631831 	 -32032.813 	3153.6424 	-3423.3407 	 -0.3263637 	0.059228161 	0.0093598949 	 -1.7109565 	-0.54744668 	-0.030010136 		-0.05 -0.0061986871 -0.04050449 1200000 1
-0.04875 -179929.62 	-2163276.3 	8380.5407 	 -86327.373 	-2689785.7 	22311.428 	 -0.0045179051 	0.0010336357 	0.034412953 	 0.001121436 	-0.00026016734 	-0.0037831989 	 -32744.983 	2820.2289 	-3497.054 	 -0.30799652 	0.07124823 	0.010230624 	 -1.6888776 	-0.51406167 	-0.030404632 		-0.04875 -0.0061075435 -0.04114146 1200000 1
-0.0475 -158533.18 	-2206363.5 	8542.288 	 -71900.746 	-2710750.2 	21887.353 	 -0.0045215933 	0.00099201123 	0.034317233 	 0.0011246025 	-0.00025033378 	-0.0037032147 	 -33457.153 	2486.8153 	-3570.7672 	 -0.28962935 	0.083268299 	0.011101352 	 -1.6667987 	-0.48067665 	-0.030799128 		-0.0475 -0.0060163998 -0.041778431 1200000 1
-0.04625 -138512.56 	-2239471.7 	8757.6084 	 -60786.523 	-2725591.5 	21440.144 	 -0.0045262576 	0.00095468471 	0.034238943 	 0.0011257079 	-0.00024111477 	-0.0036274585 	 -34016.81 	2172.5582 	-3631.4051 	 -0.27075731 	0.091648973 	0.011979585 	 -1.6458075 	-0.4569655 	-0.031259965 		-0.04625 -0.0059000181 -0.042344379 1200000 1
-0.045 -118491.94 	-2272579.8 	8972.9289 	 -49672.301 	-2740432.8 	20992.935 	 -0.0045309218 	0.0009173582 	0.034160654 	 0.0011268133 	-0.00023189575 	-0.0035517023 	 -34576.467 	1858.3012 	-3692.043 	 -0.25188528 	0.10002965 	0.012857817 	 -1.6248162 	-0.43325434 	-0.031720802 		-0.045 -0.0057836364 -0.042910327 1200000 1
-0.04375 -99579.734 	-2296347.2 	9263.7847 	 -40933.061 	-2750522 	20652.203 	 -0.0045336084 	0.00088349226 	0.034094433 	 0.0011304367 	-0.00022342113 	-0.0034840734 	 -34983.598 	1559.5699 	-3730.2332 	 -0.232698 	0.10491971 	0.013779061 	 -1.6049616 	-0.41808884 	-0.032385102 		-0.04375 -0.005650737 -0.043428819 1200000 1
-0.0425 -80667.527 	-2320114.6 	9554.6405 	 -32193.82 	-2760611.1 	20311.471 	 -0.0045362951 	0.00084962631 	0.034028211 	 0.0011340601 	-0.00021494651 	-0.0034164445 	 -35390.728 	1260.8386 	-3768.4233 	 -0.21351072 	0.10980978 	0.014700304 	 -1.585107 	-0.40292334 	-0.033049402 		-0.0425 -0.0055178376 -0.043947312 1200000 1
-0.04125 -62640.748 	-2335021.2 	10046.657 	 -25106.466 	-2766937.7 	20121.364 	 -0.0045402818 	0.00081925809 	0.033971219 	 0.0011356323 	-0.00020644253 	-0.0033597998 	 -35646.338 	974.77626 	-3794.4183 	 -0.19423506 	0.11132774 	0.0156121 	 -1.5664657 	-0.39564505 	-0.033983523 		-0.04125 -0.0053772113 -0.044437791 1200000 1
-0.04 -44613.969 	-2349927.8 	10538.674 	 -18019.111 	-2773264.4 	19931.258 	 -0.0045442685 	0.00078888988 	0.033914227 	 0.0011372046 	-0.00019793854 	-0.0033031552 	 -35901.949 	688.71394 	-3820.4132 	 -0.1749594 	0.1128457 	0.016523896 	 -1.5478245 	-0.38836675 	-0.034917645 		-0.04 -0.0052365849 -0.04492827 1200000 1
-0.03875 -27142.147 	-2356340.5 	11308.928 	 -11921.583 	-2776500.1 	20101.175 	 -0.0045464624 	0.00076161896 	0.033863374 	 0.0011413876 	-0.00018927704 	-0.0032585395 	 -36007.403 	410.69285 	-3824.2442 	 -0.15570995 	0.1110507 	0.017425988 	 -1.5303471 	-0.38836044 	-0.036334256 		-0.03875 -0.0050963132 -0.045410533 1200000 1
-0.0375 -9670.3245 	-2362753.2 	12079.182 	 -5824.0554 	-2779735.8 	20271.092 	 -0.0045486563 	0.00073434804 	0.033812521 	 0.0011455706 	-0.00018061553 	-0.0032139238 	 -36112.857 	132.67177 	-3828.0752 	 -0.1364605 	0.10925571 	0.01832808 	 -1.5128698 	-0.38835412 	-0.037750867 		-0.0375 -0.0049560416 -0.045892796 1200000 1
-0.03625 7501.5729 	-2360931 	13270.779 	 -155.01825 	-2780264.5 	20811.895 	 -0.0045530274 	0.00071006072 	0.033767276 	 0.0011470625 	-0.00017118439 	-0.0031819185 	 -36071.478 	-140.69995 	-3821.8156 	 -0.11742291 	0.10420298 	0.019165536 	 -1.4965819 	-0.39537327 	-0.039695888 		-0.03625 -0.004824586 -0.046383572 1200000 1
-0.035 24673.47 	-2359108.8 	14462.377 	 5514.0189 	-2780793.3 	21352.698 	 -0.0045573985 	0.00068577341 	0.033722031 	 0.0011485545 	-0.00016175326 	-0.0031499132 	 -36030.099 	-414.07167 	-3815.5561 	 -0.098385322 	0.099150254 	0.020002993 	 -1.4802941 	-0.40239242 	-0.041640909 		-0.035 -0.0046931304 -0.046874348 1200000 1
-0.03375 41890.54 	-2349130.5 	16291.899 	 11334.341 	-2778787.2 	22707.589 	 -0.0045610588 	0.00066444517 	0.033681304 	 0.0011518234 	-0.00015111793 	-0.003129851 	 -35843.451 	-687.94529 	-3789.3778 	 -0.079642022 	0.090809519 	0.020681428 	 -1.465139 	-0.41620884 	-0.044532128 		-0.03375 -0.004578382 -0.047391907 1200000 1
-0.0325 59107.61 	-2339152.2 	18121.42 	 17154.663 	-2776781.1 	24062.479 	 -0.0045647191 	0.00064311692 	0.033640577 	 0.0011550924 	-0.00014048259 	-0.0031097888 	 -35656.803 	-961.8189 	-3763.1995 	 -0.060898722 	0.082468784 	0.021359864 	 -1.449984 	-0.43002526 	-0.047423347 		-0.0325 -0.0044636336 -0.047909466 1200000 1
-0.03125 76615.151 	-2321041 	20776.304 	 23687.905 	-2772078.5 	26279.049 	 -0.0045724997 	0.00062430661 	0.033606032 	 0.0011537662 	-0.00012818198 	-0.0031004528 	 -35329.906 	-1239.492 	-3731.2226 	 -0.042631526 	0.070816218 	0.02180844 	 -1.4360073 	-0.45076315 	-0.051342048 		-0.03125 -0.0043740354 -0.048469577 1200000 1
-0.03 94122.693 	-2302929.8 	23431.187 	 30221.146 	-2767375.9 	28495.619 	 -0.0045802804 	0.0006054963 	0.033571488 	 0.0011524401 	-0.00011588136 	-0.0030911168 	 -35003.01 	-1517.165 	-3699.2457 	 -0.024364331 	0.059163652 	0.022257016 	 -1.4220306 	-0.47150103 	-0.055260749 		-0.03 -0.0042844372 -0.049029688 1200000 1
-0.02875 112246.3 	-2276532.7 	27386.489 	 38135.816 	-2759756.4 	32497.313 	 -0.0045901197 	0.00058936303 	0.033544001 	 0.0011499543 	-0.00010123469 	-0.0030899852 	 -34538.56 	-1804.0855 	-3653.5342 	 -0.0066637609 	0.044114937 	0.022196811 	 -1.4092415 	-0.49923066 	-0.061030226 		-0.02875 -0.0042281443 -0.049650994 1200000 1
-0.0275 130369.9 	-2250135.6 	31341.792 	 46050.486 	-2752136.9 	36499.007 	 -0.004599959 	0.00057322975 	0.033516514 	 0.0011474685 	-8.6588016e-05 	-0.0030888536 	 -34074.111 	-2091.006 	-3607.8227 	 0.011036809 	0.029066221 	0.022136607 	 -1.3964524 	-0.52696028 	-0.066799703 		-0.0275 -0.0041718513 -0.0502723 1200000 1
-0.02625 149297.6 	-2215294.5 	36875.564 	 56075.631 	-2740884.6 	42548.527 	 -0.004617978 	0.0005586046 	0.033500012 	 0.0011352974 	-6.9586868e-05 	-0.0030921774 	 -33480.201 	-2389.8664 	-3565.6736 	 0.027958951 	0.010532711 	0.021439637 	 -1.3849952 	-0.5621548 	-0.074670613 		-0.02625 -0.0041574741 -0.050970994 1200000 1
-0.025 168225.3 	-2180453.4 	42409.337 	 66100.777 	-2729632.3 	48598.047 	 -0.0046359969 	0.00054397945 	0.03348351 	 0.0011231262 	-5.258572e-05 	-0.0030955013 	 -32886.29 	-2688.7269 	-3523.5245 	 0.044881092 	-0.0080007992 	0.020742667 	 -1.373538 	-0.59734931 	-0.082541523 		-0.025 -0.0041430968 -0.051669688 1200000 1
-0.02375 188207.14 	-2136960.4 	50391.747 	 79204.021 	-2714264 	58520.033 	 -0.004661913 	0.00053063481 	0.033480926 	 0.0011017535 	-3.2924612e-05 	-0.0030974841 	 -32170.281 	-3005.5159 	-3481.9776 	 0.060888737 	-0.030054924 	0.018815725 	 -1.3635956 	-0.64022859 	-0.094068441 		-0.02375 -0.0041793115 -0.052466358 1200000 1
-0.0225 208188.98 	-2093467.5 	58374.156 	 92307.265 	-2698895.8 	68442.019 	 -0.004687829 	0.00051729017 	0.033478342 	 0.0010803809 	-1.3263504e-05 	-0.003099467 	 -31454.272 	-3322.3049 	-3440.4306 	 0.076896382 	-0.052109049 	0.016888783 	 -1.3536532 	-0.68310787 	-0.10559536 		-0.0225 -0.0042155262 -0.053263027 1200000 1
-0.02125 229261.79 	-2041208.5 	69197.053 	 109611.66 	-2678292.6 	83077.561 	 -0.0047297375 	0.00050240386 	0.033495826 	 0.0010366159 	7.2303388e-06 	-0.0030917437 	 -30631.24 	-3659.3297 	-3422.2058 	 0.091721901 	-0.077723838 	0.013474223 	 -1.3456057 	-0.73430236 	-0.12145465 		-0.02125 -0.0043108645 -0.054175015 1200000 1
-0.02 250334.6 	-1988949.6 	80019.95 	 126916.06 	-2657689.4 	97713.104 	 -0.004771646 	0.00048751755 	0.033513309 	 0.00099285099 	2.7724182e-05 	-0.0030840204 	 -29808.209 	-3996.3546 	-3403.9811 	 0.10654742 	-0.10333863 	0.010059663 	 -1.3375583 	-0.78549686 	-0.13731394 		-0.02 -0.0044062028 -0.055087003 1200000 1
-0.01875 272538.63 	-1928083.4 	94967.172 	 149987.11 	-2631586 	120350.62 	 -0.0048321212 	0.00046919144 	0.033555487 	 0.00092043754 	4.6604975e-05 	-0.0030547769 	 -28895.977 	-4362.4477 	-3415.5696 	 0.11998701 	-0.13224425 	0.004128214 	 -1.3319554 	-0.84489843 	-0.16018795 		-0.01875 -0.0045694393 -0.056137299 1200000 1
-0.0175 294742.66 	-1867217.3 	109914.39 	 173058.15 	-2605482.6 	142988.13 	 -0.0048925964 	0.00045086532 	0.033597665 	 0.00084802409 	6.5485768e-05 	-0.0030255334 	 -27983.744 	-4728.5408 	-3427.1582 	 0.13342661 	-0.16114988 	-0.0018032347 	 -1.3263526 	-0.90430001 	-0.18306196 		-0.0175 -0.0047326758 -0.057187596 1200000 1
-0.01625 317746.44 	-1798243 	129277.18 	 203708.13 	-2573248.7 	175423.2 	 -0.004982185 	0.00042302163 	0.033671703 	 0.00072436621 	7.5072466e-05 	-0.0029588159 	 -27008.83 	-5129.635 	-3500.0809 	 0.14517032 	-0.19298018 	-0.010661929 	 -1.324034 	-0.97187278 	-0.21425788 		-0.01625 -0.0049708882 -0.058393248 1200000 1
-0.015 340750.23 	-1729268.7 	148639.97 	 234358.1 	-2541014.7 	207858.27 	 -0.0050717736 	0.00039517793 	0.033745741 	 0.00060070833 	8.4659164e-05 	-0.0028920985 	 -26033.917 	-5530.7293 	-3573.0036 	 0.15691403 	-0.22481048 	-0.019520622 	 -1.3217154 	-1.0394456 	-0.24545379 		-0.015 -0.0052091005 -0.059598901 1200000 1
-0.01375 364058.74 	-1653407.5 	173568.66 	 275078.61 	-2503947 	254832.94 	 -0.0051961354 	0.00035253115 	0.03385545 	 0.00040677385 	7.3981077e-05 	-0.0027675411 	 -25026.023 	-5988.6053 	-3729.7357 	 0.16674558 	-0.25850633 	-0.032644823 	 -1.3238609 	-1.1135681 	-0.28862633 		-0.01375 -0.0055291054 -0.060982244 1200000 1
-0.0125 387367.24 	-1577546.3 	198497.36 	 315799.12 	-2466879.4 	301807.6 	 -0.0053204972 	0.00030988436 	0.033965159 	 0.00021283938 	6.3302991e-05 	-0.0026429838 	 -24018.129 	-6446.4813 	-3886.4678 	 0.17657712 	-0.29220219 	-0.045769023 	 -1.3260064 	-1.1876907 	-0.33179888 		-0.0125 -0.0058491104 -0.062365586 1200000 1
-0.01125 409807.33 	-1496592.7 	228219.69 	 369297.62 	-2426754.8 	365282.95 	 -0.0054914157 	0.00024223584 	0.034114091 	 -8.9990368e-05 	1.1579774e-05 	-0.0024362138 	 -23007.872 	-6986.6822 	-4174.7487 	 0.18430061 	-0.32643774 	-0.063392933 	 -1.3341517 	-1.2660599 	-0.38806307 		-0.01125 -0.0062531041 -0.063936883 1200000 1
-0.01 432247.42 	-1415639.1 	257942.03 	 422796.12 	-2386630.2 	428758.29 	 -0.0056623342 	0.00017458732 	0.034263024 	 -0.00039282012 	-4.0143443e-05 	-0.0022294437 	 -21997.614 	-7526.883 	-4463.0296 	 0.1920241 	-0.3606733 	-0.081016842 	 -1.3422971 	-1.3444292 	-0.44432725 		-0.01 -0.0066570979 -0.065508181 1200000 1
-0.00875 452149.18 	-1331843.1 	291712.24 	 492747.58 	-2347313.2 	512097.02 	 -0.0058854467 	7.415263e-05 	0.034447073 	 -0.00084217179 	-0.00015977838 	-0.0019130652 	 -21002.83 	-8211.2136 	-4936.0841 	 0.19767169 	-0.39345542 	-0.10392087 	 -1.3585877 	-1.4231538 	-0.51579393 		-0.00875 -0.0071457965 -0.067280229 1200000 1
-0.0075 472050.94 	-1248047 	325482.45 	 562699.03 	-2307996.2 	595435.74 	 -0.0061085591 	-2.6282057e-05 	0.034631123 	 -0.0012915235 	-0.00027941331 	-0.0015966866 	 -20008.046 	-8895.5441 	-5409.1387 	 0.20331929 	-0.42623755 	-0.1268249 	 -1.3748784 	-1.5018783 	-0.58726061 		-0.0075 -0.0076344951 -0.069052277 1200000 1
-0.00625 486706.43 	-1162169.1 	358569.62 	 653356.46 	-2269665.7 	693053.15 	 -0.0064630947 	-0.00022597318 	0.03488965 	 -0.0021428167 	-0.00060333878 	-0.001067381 	 -19049.798 	-9941.9957 	-6450.2579 	 0.20716378 	-0.45678409 	-0.15320545 	 -1.4023506 	-1.5799371 	-0.66839176 		-0.00625 -0.0082011196 -0.071018573 1200000 1
-0.005 501361.92 	-1076291.3 	391656.79 	 744013.89 	-2231335.1 	790670.56 	 -0.0068176303 	-0.0004256643 	0.035148177 	 -0.00299411 	-0.00092726425 	-0.00053807532 	 -18091.551 	-10988.447 	-7491.3771 	 0.21100827 	-0.48733062 	-0.17958599 	 -1.4298228 	-1.6579959 	-0.74952291 		-0.005 -0.0087677442 -0.07298487 1200000 1
-0.00375 506242.48 	-996343.44 	428283.93 	 864723.52 	-2208913.1 	917411.17 	 -0.0070941955 	-0.00063765382 	0.035286863 	 -0.003836714 	-0.0013637896 	-0.00014162255 	 -16727.233 	-12125.298 	-8566.8881 	 0.21489715 	-0.51030812 	-0.21522361 	 -1.4758644 	-1.721325 	-0.8520159 		-0.00375 -0.0094142257 -0.075166404 1200000 1
-0.0025 511123.03 	-916395.57 	464911.06 	 985433.15 	-2186491 	1044151.8 	 -0.0073707607 	-0.00084964333 	0.035425549 	 -0.0046793179 	-0.001800315 	0.00025483022 	 -15362.915 	-13262.15 	-9642.399 	 0.21878603 	-0.53328561 	-0.25086122 	 -1.521906 	-1.7846541 	-0.95450888 		-0.0025 -0.010060707 -0.077347937 1200000 1
-0.00125 506218.24 	-812197 	474697.7 	 1130314.6 	-2100367.3 	1109829.2 	 -0.0075955893 	-0.0009945925 	0.035523535 	 -0.0054485696 	-0.002188929 	0.00077043026 	 -13725.351 	-14224.535 	-10282.725 	 0.22276207 	-0.57225229 	-0.27110636 	 -1.5832289 	-1.9004681 	-1.0032181 		-0.00125 -0.010754504 -0.079661834 1200000 1
5.2475385e-17 271703.76 	-467678.95 	217056.65 	 656382.98 	-1338444.1 	459875.32 	 -0.0077781917 	-0.0011281484 	0.035681003 	 -0.0061370105 	-0.0025267276 	0.0015807357 	 -8650.2745 	-7464.1833 	-6826.4107 	 0.22645384 	0.087343855 	0.040689939 	 -1.5900614 	0.46038057 	0.3363518 		5.2475385e-17 -0.0113409 -0.08139757 650000.01 1
0.00125 39782.422 	-176842.84 	-42424.083 	 98844.886 	-626021.06 	-220584.05 	 -0.0075509349 	-0.0010919087 	0.035650842 	 -0.0057770616 	-0.002449418 	0.0019748315 	 -4068.2236 	-16.729306 	-2627.1583 	 0.22776605 	0.62410709 	0.51032345 	 -1.5021867 	2.5234902 	2.1449521 		0.00125 -0.011282607 -0.080670637 100000 1
0.0025 38650.636 	-158071.35 	-57470.952 	 92718.591 	-598679.92 	-258631.37 	 -0.0072628541 	-0.0010028695 	0.035571583 	 -0.0050739205 	-0.002226421 	0.0021769947 	 -3792.942 	81.230996 	-2211.7829 	 0.22658232 	0.48451633 	0.64309108 	 -1.3757268 	2.2118468 	2.5335233 		0.0025 -0.010675938 -0.077958682 100000 1
0.00375 37360.938 	-156219.3 	-54722.152 	 87556.748 	-617117.71 	-243865.64 	 -0.0069681026 	-0.00090799272 	0.035482793 	 -0.0043378236 	-0.0020118045 	0.002298474 	 -3768.3481 	-30.252445 	-1975.459 	 0.22661466 	0.50729606 	0.6017555 	 -1.2588942 	2.3631973 	2.3924544 		0.00375 -0.010029141 -0.0749565 100000 1
0.005 36071.239 	-154367.25 	-51973.351 	 82394.906 	-635555.51 	-229099.91 	 -0.0066733512 	-0.00081311593 	0.035394004 	 -0.0036017267 	-0.0017971881 	0.0024199533 	 -3743.7542 	-141.73588 	-1739.135 	 0.22664699 	0.5300758 	0.56041992 	 -1.1420616 	2.5145479 	2.2513856 		0.005 -0.0093823441 -0.071954318 100000 1
0.00625 34645.054 	-152863.57 	-48412.944 	 78482.253 	-650840.8 	-211282.31 	 -0.0064210711 	-0.00072730349 	0.035274967 	 -0.0030171621 	-0.0016110972 	0.0024083292 	 -3684.5331 	-216.13825 	-1535.9554 	 0.22839678 	0.54740046 	0.51560255 	 -1.0384404 	2.6409319 	2.0779608 		0.00625 -0.0086907141 -0.06861231 100000 1
0.0075 33218.869 	-151359.88 	-44852.536 	 74569.601 	-666126.09 	-193464.7 	 -0.006168791 	-0.00064149104 	0.035155931 	 -0.0024325975 	-0.0014250063 	0.002396705 	 -3625.312 	-290.54061 	-1332.7759 	 0.23014657 	0.56472512 	0.47078517 	 -0.93481923 	2.7673159 	1.904536 		0.0075 -0.0079990841 -0.065270302 100000 1
0.00875 31753.958 	-149322.24 	-40721.398 	 70957.488 	-675797.59 	-174267.89 	 -0.0060067833 	-0.00058867442 	0.035049909 	 -0.0020564464 	-0.0012891711 	0.0023462436 	 -3549.2784 	-325.45602 	-1189.9831 	 0.23270378 	0.5716664 	0.42364711 	 -0.83458141 	2.8421344 	1.716014 		0.00875 -0.007279808 -0.061691613 100000 1
0.01 30289.047 	-147284.6 	-36590.26 	 67345.376 	-685469.1 	-155071.09 	 -0.0058447757 	-0.0005358578 	0.034943887 	 -0.0016802953 	-0.001153336 	0.0022957821 	 -3473.2448 	-360.37142 	-1047.1903 	 0.23526098 	0.57860767 	0.37650904 	 -0.73434358 	2.9169528 	1.527492 		0.01 -0.0065605319 -0.058112924 100000 1
0.01125 28860.045 	-144422.29 	-32502.628 	 64000.713 	-688981.74 	-136851.22 	 -0.0057277664 	-0.00049787302 	0.034853109 	 -0.0014136347 	-0.0010398421 	0.0022303106 	 -3379.0871 	-373.24968 	-935.98274 	 0.23823989 	0.57361729 	0.3322821 	 -0.63743985 	2.9339479 	1.3477416 		0.01125 -0.0058447162 -0.054447971 100000 1
0.0125 27431.042 	-141559.97 	-28414.996 	 60656.051 	-692494.39 	-118631.36 	 -0.0056107572 	-0.00045988823 	0.034762331 	 -0.0011469741 	-0.00092634831 	0.0021648392 	 -3284.9294 	-386.12794 	-824.77522 	 0.2412188 	0.56862691 	0.28805516 	 -0.54053612 	2.950943 	1.1679911 		0.0125 -0.0051289004 -0.050783018 100000 1
0.01375 26089.79 	-137937.51 	-24848.303 	 57669.964 	-690722.22 	-103211.41 	 -0.0055269392 	-0.00043411132 	0.034686342 	 -0.00095936719 	-0.00083293191 	0.0020925647 	 -3177.4572 	-385.02639 	-739.71668 	 0.2442366 	0.55344158 	0.25066746 	 -0.44760991 	2.918202 	1.0155323 		0.01375 -0.0044406439 -0.04714798 100000 1
0.015 24748.538 	-134315.05 	-21281.61 	 54683.877 	-688950.05 	-87791.47 	 -0.0054431213 	-0.00040833441 	0.034610352 	 -0.00077176027 	-0.0007395155 	0.0020202902 	 -3069.9849 	-383.92484 	-654.65813 	 0.24725441 	0.53825625 	0.21327976 	 -0.35468369 	2.8854609 	0.86307337 		0.015 -0.0037523874 -0.043512942 100000 1
0.01625 23535.585 	-130294.42 	-18386.065 	 52159.682 	-683751.01 	-75593.981 	 -0.0053822369 	-0.00039324385 	0.034549617 	 -0.00064264413 	-0.00066478688 	0.0019467452 	 -2958.5029 	-375.43456 	-591.49828 	 0.24999637 	0.51708901 	0.18360139 	 -0.26687922 	2.8210834 	0.74234462 		0.01625 -0.0031115946 -0.04000981 100000 1
0.0175 22322.632 	-126273.79 	-15490.521 	 49635.487 	-678551.96 	-63396.492 	 -0.0053213524 	-0.0003781533 	0.034488882 	 -0.00051352798 	-0.00059005826 	0.0018732001 	 -2847.0209 	-366.94427 	-528.33843 	 0.25273832 	0.49592178 	0.15392302 	 -0.17907475 	2.7567058 	0.62161586 		0.0175 -0.0024708019 -0.036506678 100000 1
0.01875 21244.16 	-122116.8 	-13257.318 	 47573.531 	-671373.45 	-54191.472 	 -0.005277322 	-0.00037151963 	0.034441669 	 -0.00042389291 	-0.0005304041 	0.0018013371 	 -2737.1897 	-355.25148 	-481.23762 	 0.2550995 	0.47188343 	0.13141952 	 -0.096045488 	2.6748261 	0.53048189 		0.01875 -0.0018854565 -0.033180613 100000 1
0.02 20165.689 	-117959.82 	-11024.116 	 45511.576 	-664194.97 	-44986.456 	 -0.0052332919 	-0.00036488599 	0.034394456 	 -0.00033425789 	-0.00047074998 	0.0017294744 	 -2627.3586 	-343.55869 	-434.13685 	 0.25746068 	0.4478451 	0.10891603 	 -0.013016216 	2.5929464 	0.43934794 		0.02 -0.0013001112 -0.029854549 100000 1
0.02125 19222.36 	-113883.6 	-9383.893 	 43891.385 	-656067.87 	-38380.34 	 -0.0052002021 	-0.00036549447 	0.034360658 	 -0.00027351521 	-0.0004240363 	0.0016611355 	 -2523.3884 	-331.01034 	-399.32008 	 0.25940766 	0.42334816 	0.092613142 	 0.065401056 	2.5035767 	0.37398 		0.02125 -0.00077539392 -0.026743625 100000 1
0.0225 18279.032 	-109807.38 	-7743.6705 	 42271.196 	-647940.79 	-31774.226 	 -0.0051671125 	-0.00036610297 	0.034326861 	 -0.0002127726 	-0.00037732266 	0.0015927968 	 -2419.4184 	-318.46199 	-364.50335 	 0.26135464 	0.39885123 	0.076310259 	 0.14381833 	2.414207 	0.30861208 		0.0225 -0.00025067673 -0.023632702 100000 1
0.02375 17457.019 	-105920.47 	-6548.6593 	 41034.167 	-639507.42 	-27037.273 	 -0.0051424287 	-0.00037251363 	0.034304654 	 -0.00017031855 	-0.00034034148 	0.0015284732 	 -2322.836 	-306.29119 	-337.96154 	 0.26293508 	0.37525304 	0.064567848 	 0.21857246 	2.3236003 	0.26178735 		0.02375 0.00021554256 -0.020738207 100000 1
0.025 16635.007 	-102033.56 	-5353.648 	 39797.138 	-631074.04 	-22300.32 	 -0.0051177449 	-0.00037892429 	0.034282447 	 -0.00012786451 	-0.0003033603 	0.0014641496 	 -2226.2536 	-294.12038 	-311.41972 	 0.26451552 	0.35165485 	0.052825437 	 0.29332659 	2.2329935 	0.21496262 		0.025 0.00068176185 -0.017843711 100000 1
0.02625 15925.6 	-98383.077 	-4521.8029 	 38907.059 	-622559.85 	-19084.247 	 -0.0050979896 	-0.000390426 	0.034271838 	 -9.9265785e-05 	-0.00027448761 	0.0014040813 	 -2137.4381 	-282.9019 	-291.1535 	 0.26576307 	0.32956089 	0.044733591 	 0.364765 	2.1431945 	0.18324356 		0.02625 0.0010910657 -0.015174993 100000 1
0.0275 15216.194 	-94732.596 	-3689.9577 	 38016.979 	-614045.67 	-15868.174 	 -0.0050782344 	-0.00040192771 	0.034261228 	 -7.0667059e-05 	-0.00024561492 	0.001344013 	 -2048.6227 	-271.68343 	-270.88727 	 0.26701061 	0.30746693 	0.036641745 	 0.43620341 	2.0533955 	0.1515245 		0.0275 0.0015003696 -0.012506275 100000 1
0.02875 14605.785 	-91327.992 	-3097.5917 	 37434.016 	-605607.6 	-13597.003 	 -0.0050627445 	-0.00041778398 	0.03426067 	 -5.0121347e-05 	-0.00022256985 	0.0012877864 	 -1967.1233 	-261.66227 	-254.63942 	 0.26797568 	0.28716972 	0.0309236 	 0.50507782 	1.9658998 	0.12918225 		0.02875 0.0018578234 -0.010052692 100000 1
0.03 13995.377 	-87923.388 	-2505.2257 	 36851.053 	-597169.54 	-11325.831 	 -0.0050472546 	-0.00043364025 	0.034260113 	 -2.9575636e-05 	-0.00019952479 	0.0012315598 	 -1885.6239 	-251.64112 	-238.39157 	 0.26894075 	0.2668725 	0.025205456 	 0.57395223 	1.878404 	0.10683999 		0.03 0.0022152771 -0.0075991093 100000 1
0.03125 13476.155 	-84747.798 	-2106.3929 	 36558.693 	-588738.27 	-9847.3414 	 -0.0050337534 	-0.00045352059 	0.034269936 	 -1.5756758e-05 	-0.00018137271 	0.0011789688 	 -1810.7004 	-242.89542 	-225.35758 	 0.26964929 	0.24830255 	0.021383753 	 0.64043051 	1.7923529 	0.092370593 		0.03125 0.0025241585 -0.0053633865 100000 1
0.0325 12956.934 	-81572.209 	-1707.5601 	 36266.332 	-580306.99 	-8368.8517 	 -0.0050202523 	-0.00047340094 	0.034279759 	 -1.9378806e-06 	-0.00016322064 	0.0011263777 	 -1735.7768 	-234.14972 	-212.32359 	 0.27035784 	0.2297326 	0.017562051 	 0.7069088 	1.7063017 	0.077901196 		0.0325 0.0028330398 -0.0031276638 100000 1
0.03375 12518.664 	-78602.478 	-1425.129 	 36250.05 	-571860.39 	-7319.4573 	 -0.0050089843 	-0.00049707028 	0.034298774 	 8.4975829e-06 	-0.00014845354 	0.0010768715 	 -1666.5379 	-226.66663 	-201.25434 	 0.27083991 	0.21282058 	0.01486438 	 0.77147886 	1.6214624 	0.067681893 		0.03375 0.0030982469 -0.0011011262 100000 1
0.035 12080.394 	-75632.748 	-1142.698 	 36233.769 	-563413.79 	-6270.063 	 -0.0049977163 	-0.00052073963 	0.034317788 	 1.8933046e-05 	-0.00013368643 	0.0010273653 	 -1597.299 	-219.18354 	-190.18509 	 0.27132199 	0.19590856 	0.01216671 	 0.83604893 	1.536623 	0.057462591 		0.035 0.0033634539 0.00092541135 100000 1
0.03625 11716.821 	-72839.861 	-957.73403 	 36493.824 	-554818.04 	-5621.8763 	 -0.0049869686 	-0.00054810673 	0.034346653 	 2.5927602e-05 	-0.00012187282 	0.00098077424 	 -1532.9671 	-212.91463 	-180.84962 	 0.2715909 	0.18044445 	0.010406286 	 0.89873153 	1.4515193 	0.05122225 		0.03625 0.0035881175 0.0027385012 100000 1
0.0375 11353.248 	-70046.973 	-772.77011 	 36753.879 	-546222.29 	-4973.6897 	 -0.0049762209 	-0.00057547384 	0.034375518 	 3.2922158e-05 	-0.0001100592 	0.00093418317 	 -1468.6352 	-206.64573 	-171.51415 	 0.27185981 	0.16498034 	0.0086458619 	 0.96141414 	1.3664156 	0.044981908 		0.0375 0.003812781 0.004551591 100000 1
0.03875 11056.677 	-67401.153 	-641.44412 	 37295.104 	-537384.31 	-4505.8296 	 -0.0049666546 	-0.00060665998 	0.034413366 	 3.8596952e-05 	-0.00010019005 	0.00089009884 	 -1408.3637 	-201.52009 	-163.17346 	 0.27192812 	0.15080362 	0.0073919236 	 1.0224976 	1.2801504 	0.040517929 		0.03875 0.0040007912 0.0061535894 100000 1
0.04 10760.105 	-64755.333 	-510.11812 	 37836.33 	-528546.34 	-4037.9696 	 -0.0049570882 	-0.00063784613 	0.034451214 	 4.4271745e-05 	-9.0320907e-05 	0.00084601451 	 -1348.0921 	-196.39446 	-154.83276 	 0.27199642 	0.1366269 	0.0061379852 	 1.083581 	1.1938852 	0.036053951 		0.04 0.0041888013 0.0077555877 100000 1
0.04125 10525.179 	-62230.281 	-426.68664 	 38672.747 	-519325.81 	-3774.6144 	 -0.0049472582 	-0.0006729213 	0.034498999 	 4.8032068e-05 	-8.2268364e-05 	0.00080446814 	 -1291.3069 	-192.33458 	-147.49124 	 0.27186602 	0.12354022 	0.0053393207 	 1.142976 	1.1049368 	0.03361188 		0.04125 0.0043426684 0.0091379835 100000 1
0.0425 10290.252 	-59705.228 	-343.25517 	 39509.164 	-510105.28 	-3511.2592 	 -0.0049374283 	-0.00070799646 	0.034546784 	 5.1792391e-05 	-7.4215821e-05 	0.00076292178 	 -1234.5217 	-188.2747 	-140.14971 	 0.27173563 	0.11045354 	0.0045406562 	 1.202371 	1.0159884 	0.031169809 		0.0425 0.0044965354 0.010520379 100000 1
0.04375 10110.758 	-57272.121 	-283.65051 	 40663.559 	-500361.89 	-3315.2189 	 -0.0049281727 	-0.0007473666 	0.034603921 	 5.5122145e-05 	-6.7262832e-05 	0.00072375523 	 -1180.5203 	-185.20263 	-133.33197 	 0.27140375 	0.098285194 	0.0039642658 	 1.2601861 	0.92302239 	0.029381216 		0.04375 0.004619071 0.01167772 100000 1
0.045 9931.2631 	-54839.013 	-224.04585 	 41817.954 	-490618.5 	-3119.1786 	 -0.0049189172 	-0.00078673674 	0.034661058 	 5.8451898e-05 	-6.0309842e-05 	0.00068458868 	 -1126.519 	-182.13055 	-126.51424 	 0.27107188 	0.086116846 	0.0033878754 	 1.3180012 	0.83005634 	0.027592622 		0.045 0.0047416065 0.012835061 100000 1
0.04625 9802.0443 	-52476.936 	-187.48137 	 43320.72 	-480205.51 	-3025.9574 	 -0.0049089263 	-0.00083061137 	0.034728776 	 6.060077e-05 	-5.4500648e-05 	0.00064812823 	 -1074.9359 	-179.96693 	-120.30753 	 0.27052902 	0.074709695 	0.0030316769 	 1.3740196 	0.73150284 	0.026814728 		0.04625 0.004834652 0.013753118 100000 1
0.0475 7282.1786 	-50783.944 	-51.396383 	 33567.997 	-503370.75 	-3156.6856 	 -0.0048719409 	-0.00081460107 	0.035761256 	 -0.00022402716 	-0.00014653954 	0.0012151404 	 -1214.3096 	-150.09216 	-185.58023 	 0.28196564 	0.066514085 	0.0018226168 	 1.516673 	0.72522366 	0.028119653 		0.0475 0.0052379703 0.016167331 100000 1
0.04875 9588.0673 	-47798.362 	-124.4604 	 46720.346 	-458519.43 	-2853.2802 	 -0.0048891059 	-0.00092353891 	0.034874468 	 6.482134e-05 	-4.3473273e-05 	0.00057812384 	 -973.64371 	-176.47481 	-108.18317 	 0.26921541 	0.05249787 	0.002416555 	 1.4841448 	0.5270003 	0.025381351 		0.04875 0.0049931176 0.015335498 100000 1
0.05 9503.3091 	-45481.864 	-98.003909 	 48617.204 	-447246.34 	-2773.8243 	 -0.0048792763 	-0.00097259182 	0.034952442 	 6.689304e-05 	-3.8255092e-05 	0.0005445799 	 -923.9346 	-175.14631 	-102.26551 	 0.26844466 	0.041693197 	0.0021576317 	 1.5382516 	0.42105125 	0.024725867 		0.05 0.0050585378 0.015999822 100000 1
0.05125 9457.1258 	-43195.638 	-81.995853 	 50965.127 	-434940.85 	-2733.9311 	 -0.0048683737 	-0.001027191 	0.035042182 	 6.8136885e-05 	-3.3770362e-05 	0.00051473332 	 -875.90954 	-174.58158 	-96.745641 	 0.26742546 	0.031373134 	0.0020044151 	 1.5900103 	0.30589641 	0.024452243 		0.05125 0.0050975727 0.016388723 100000 1
0.0525 9410.9426 	-40909.411 	-65.987796 	 53313.051 	-422635.37 	-2694.0379 	 -0.0048574712 	-0.0010817902 	0.035131923 	 6.9380731e-05 	-2.9285632e-05 	0.00048488674 	 -827.88449 	-174.01685 	-91.22577 	 0.26640625 	0.021053072 	0.0018511985 	 1.641769 	0.19074157 	0.024178619 		0.0525 0.0051366077 0.016777624 100000 1
0.05375 9396.4301 	-38633.126 	-53.696177 	 56196.381 	-409040.42 	-2630.2695 	 -0.0048463916 	-0.0011429023 	0.03523336 	 7.0617273e-05 	-2.5074434e-05 	0.00045956599 	 -781.15814 	-174.15269 	-85.88829 	 0.26510991 	0.011083434 	0.0017418712 	 1.6906907 	0.063931047 	0.023654093 		0.05375 0.0051503533 0.016865815 100000 1
0.055 9381.9176 	-36356.842 	-41.404558 	 59079.712 	-395445.47 	-2566.5012 	 -0.004835312 	-0.0012040145 	0.035334797 	 7.1853815e-05 	-2.0863236e-05 	0.00043424524 	 -734.4318 	-174.28854 	-80.55081 	 0.26381357 	0.0011137965 	0.0016325439 	 1.7396125 	-0.062879476 	0.023129566 		0.055 0.0051640989 0.016954007 100000 1
0.05625 9390.7274 	-34081.58 	-32.79235 	 62608.45 	-380329.6 	-2480.5017 	 -0.0048228674 	-0.0012722172 	0.035449743 	 7.2366663e-05 	-1.713175e-05 	0.00041504603 	 -688.94973 	-175.07614 	-75.50603 	 0.26221206 	-0.0085862991 	0.0015713457 	 1.7847885 	-0.20373212 	0.022371684 		0.05625 0.0051533025 0.016709554 100000 1
0.0575 9399.5372 	-31806.319 	-24.180141 	 66137.188 	-365213.73 	-2394.5021 	 -0.0048104228 	-0.0013404198 	0.035564689 	 7.287951e-05 	-1.3400264e-05 	0.00039584682 	 -643.46766 	-175.86374 	-70.461249 	 0.26061054 	-0.018286395 	0.0015101475 	 1.8299645 	-0.34458477 	0.021613802 		0.0575 0.0051425061 0.016465101 100000 1
0.05875 9420.8975 	-29519.594 	-15.925378 	 70477.245 	-348219.7 	-2227.7246 	 -0.0047974789 	-0.0014170349 	0.03569331 	 7.3202032e-05 	-9.7546165e-06 	0.00038478438 	 -598.97267 	-177.27653 	-65.57996 	 0.25867146 	-0.027816096 	0.0014685266 	 1.8701089 	-0.50291054 	0.020038347 		0.05875 0.005107694 0.01584866 100000 1
0.06 9442.2578 	-27232.87 	-7.670615 	 74817.302 	-331225.68 	-2060.9471 	 -0.0047845349 	-0.0014936499 	0.035821932 	 7.3524554e-05 	-6.1089687e-06 	0.00037372193 	 -554.47768 	-178.68932 	-60.698671 	 0.25673237 	-0.037345797 	0.0014269056 	 1.9102533 	-0.66123632 	0.018462892 		0.06 0.0050728819 0.01523222 100000 1
0.06125 9461.3915 	-24934.814 	0.96296355 	 80206.331 	-312007.59 	-1772.6205 	 -0.004769933 	-0.0015795386 	0.035966333 	 7.2903057e-05 	-2.8239767e-06 	0.00037405807 	 -510.94036 	-180.76457 	-56.086561 	 0.25443433 	-0.046747337 	0.0014007731 	 1.9432518 	-0.84054969 	0.015663076 		0.06125 0.0050144528 0.01419684 100000 1
0.0625 9480.5252 	-22636.758 	9.5965421 	 85595.36 	-292789.51 	-1484.2938 	 -0.004755331 	-0.0016654273 	0.036110734 	 7.228156e-05 	4.6101532e-07 	0.0003743942 	 -467.40304 	-182.83982 	-51.474451 	 0.2521363 	-0.056148878 	0.0013746406 	 1.9762503 	-1.0198631 	0.01286326 		0.0625 0.0049560236 0.01316146 100000 1
0.06375 9476.194 	-20327.687 	19.925403 	 92414.498 	-270838.67 	-991.12928 	 -0.0047398968 	-0.0017623493 	0.036271204 	 7.0828283e-05 	3.6754232e-06 	0.00039068962 	 -424.49264 	-185.72822 	-47.063486 	 0.24947111 	-0.065477339 	0.0013518772 	 1.9986885 	-1.2250932 	0.0080072619 		0.06375 0.0048741638 0.0116481 100000 1
0.065 9471.8627 	-18018.616 	30.254263 	 99233.637 	-248887.84 	-497.96475 	 -0.0047244625 	-0.0018592712 	0.036431674 	 6.9375006e-05 	6.8898312e-06 	0.00040698504 	 -381.58224 	-188.61661 	-42.65252 	 0.24680593 	-0.0748058 	0.0013291138 	 2.0211266 	-1.4303233 	0.0031512641 		0.065 0.0047923039 0.010134739 100000 1
0.06625 9411.9063 	-15713.421 	42.869998 	 108102.82 	-223712.38 	311.11037 	 -0.004707068 	-0.0019684134 	0.03661035 	 6.60361e-05 	9.6022693e-06 	0.00044628091 	 -338.83732 	-192.76474 	-38.504462 	 0.24381187 	-0.084069933 	0.0012991995 	 2.0271505 	-1.6664304 	-0.0048707303 		0.06625 0.004687238 0.00807367 100000 1
0.0675 9351.9498 	-13408.225 	55.485734 	 116972.01 	-198536.92 	1120.1855 	 -0.0046896734 	-0.0020775555 	0.036789026 	 6.2697194e-05 	1.2314707e-05 	0.00048557677 	 -296.0924 	-196.91287 	-34.356404 	 0.24081781 	-0.093334067 	0.0012692851 	 2.0331745 	-1.9025375 	-0.012892725 		0.0675 0.004582172 0.0060126006 100000 1
0.06875 9185.0405 	-11128.233 	68.585457 	 129000.41 	-169680.93 	2367.9706 	 -0.0046685744 	-0.0022113484 	0.037013804 	 5.592011e-05 	1.3715584e-05 	0.00057778605 	 -253.38545 	-205.13782 	-30.489708 	 0.23761604 	-0.1025638 	0.0012342628 	 2.01211 	-2.173923 	-0.025307626 		0.06875 0.0044539658 0.0033182926 100000 1
0.07 9018.1311 	-8848.2414 	81.685181 	 141028.82 	-140824.94 	3615.7557 	 -0.0046474753 	-0.0023451413 	0.037238581 	 4.9143027e-05 	1.511646e-05 	0.00066999532 	 -210.6785 	-213.36277 	-26.623011 	 0.23441428 	-0.11179354 	0.0011992406 	 1.9910455 	-2.4453085 	-0.037722527 		0.07 0.0043257595 0.0006239847 100000 1
0.07125 8630.8779 	-6628.1536 	103.24264 	 158003.72 	-108014.41 	5951.1233 	 -0.0046153995 	-0.0024841965 	0.037428327 	 4.0127415e-05 	1.5881363e-05 	0.0007747765 	 -163.00329 	-222.64756 	-22.449996 	 0.23167658 	-0.12122166 	0.0010470791 	 1.9257564 	-2.754701 	-0.061018372 		0.07125 0.0041731145 -0.0028438439 100000 1
0.0725 8243.6247 	-4408.0658 	124.8001 	 174978.62 	-75203.886 	8286.491 	 -0.0045833236 	-0.0026232518 	0.037618073 	 3.1111802e-05 	1.6646267e-05 	0.00087955767 	 -115.32808 	-231.93236 	-18.276981 	 0.22893889 	-0.13064979 	0.00089491756 	 1.8604674 	-3.0640935 	-0.084314217 		0.0725 0.0040204695 -0.0063116725 100000 1
0.07375 7612.8235 	-2199.2757 	141.12444 	 197201.86 	-38590.081 	11308.101 	 -0.0045532893 	-0.0027677665 	0.037796386 	 1.7530086e-05 	1.657134e-05 	0.0010185054 	 -60.076737 	-245.2018 	-13.510488 	 0.22680952 	-0.14076316 	0.00072327195 	 1.7467094 	-3.4102683 	-0.11447535 		0.07375 0.0038497981 -0.010393306 100000 1
0.075 6696.3749 	-545.26587 	133.53877 	 215068.75 	-18361.367 	12748.322 	 -0.0045415261 	-0.0028487056 	0.037918285 	 8.0304462e-06 	1.5171335e-05 	0.0011184289 	 -20.508266 	-247.56933 	-9.1011686 	 0.22578875 	-0.1460519 	0.000684956 	 1.6792268 	-3.5918969 	-0.12882363 		0.075 0.0036672278 -0.014883883 100000 1
