# z jRe_x jRe_y jRe_z jIm_x jIm_y jIm_z BRe_x BRe_y BRe_z BIm_x BIm_y BIm_z F_x F_y F_z VReGrad_x VReGrad_y VReGrad_z VImGrad_x VImGrad_y VImGrad_z s VRe VIm sigma mur
0.02 -2093.586 	-1940315.8 	-605.64976 	 -14338.321 	-4458572.3 	3753.744 	 -0.010805887 	-0.0010450343 	0.040838017 	 -0.013389215 	0.00020490209 	0.0045190479 	 -49787.51 	52.003074 	-40287.906 	 -0.12233311 	0.2160504 	0.02413394 	 -1.5127053 	-0.37313318 	-0.020022814 		0.02 -0.0052155803 -0.052316115 1200000 1
0.01875 -1686.9426 	-2024113.1 	34.123504 	 -9510.4888 	-4423842.3 	9795.6481 	 -0.0099412744 	0.00068339385 	0.041567547 	 -0.011045941 	0.00020353571 	0.0055464455 	 -54400.04 	5.8173087 	-34472.422 	 -0.12644505 	0.18519806 	0.0243686 	 -1.516731 	-0.31843015 	-0.025497538 		0.01875 -0.0052843108 -0.052222486 1200000 1
0.0175 -575.14635 	-2116890 	1940.9883 	 -3996.1341 	-4333059.8 	15995.073 	 -0.0094460744 	0.00048673093 	0.042208345 	 -0.0086837837 	0.00016803587 	0.0065090817 	 -58839.104 	-53.501104 	-28804.694 	 -0.12843876 	0.184841 	0.023612894 	 -1.5173612 	-0.31727046 	-0.031179477 		0.0175 -0.0053146423 -0.052186794 1200000 1
0.01625 -2499.3025 	-2189208 	3867.4713 	 -4408.5659 	-4246653 	20214.455 	 -0.0089373224 	0.00045688546 	0.042690042 	 -0.006706108 	0.00013357529 	0.0071446866 	 -61968.543 	-17.135941 	-24021.028 	 -0.12749868 	0.18466777 	0.022759792 	 -1.5137697 	-0.31694359 	-0.035182959 		0.01625 -0.0053448207 -0.05214952 1200000 1
0.015 -901.95475 	-2243711.6 	6013.9846 	 -1686.5942 	-4164346.2 	23918.14 	 -0.0082419726 	0.00048172885 	0.042960363 	 -0.0047026581 	9.8968418e-05 	0.0075551374 	 -63991.471 	-55.205964 	-19038.507 	 -0.12923886 	0.18449511 	0.021606064 	 -1.5127661 	-0.3167222 	-0.038700684 		0.015 -0.0053718476 -0.052099807 1200000 1
0.01375 -4729.0588 	-2282416.4 	8079.1507 	 -5602.3036 	-4087765.8 	27000.288 	 -0.0076565749 	0.00051288864 	0.04304947 	 -0.0030965165 	6.3313922e-05 	0.007809225 	 -65152.268 	48.721167 	-15063.3 	 -0.12611271 	0.18423454 	0.020391592 	 -1.5060575 	-0.31654158 	-0.041634042 		0.01375 -0.0053982124 -0.052049521 1200000 1
0.0125 -1241.6359 	-2306617.2 	9701.6413 	 -1189.7469 	-4017369.6 	29826.829 	 -0.0069317856 	0.00055708641 	0.042880829 	 -0.0014342341 	3.0822746e-05 	0.0078308509 	 -65251.334 	-24.017015 	-10882.636 	 -0.1287974 	0.18380914 	0.019393816 	 -1.5059609 	-0.3158554 	-0.044267427 		0.0125 -0.0054221746 -0.051995024 1200000 1
0.01125 -4322.9634 	-2316483.2 	11266.899 	 -4068.8439 	-3953285.3 	31454.761 	 -0.0064048471 	0.00058899422 	0.042647699 	 -0.0002278651 	-8.1672864e-06 	0.0078885501 	 -65058.902 	66.492624 	-7880.2503 	 -0.1256303 	0.18321661 	0.018282126 	 -1.4996288 	-0.31535502 	-0.045807442 		0.01125 -0.005446493 -0.051941432 1200000 1
0.01 -1877.82 	-2311610.5 	12416.65 	 -885.18739 	-3896217.2 	32522.289 	 -0.0058102418 	0.00063143096 	0.042284596 	 0.0010056468 	-4.1583253e-05 	0.0079022209 	 -64407.189 	22.494998 	-4762.525 	 -0.12688689 	0.18239164 	0.017330437 	 -1.4980794 	-0.31453651 	-0.04676575 		0.01 -0.0054687854 -0.051881084 1200000 1
0.00875 736.13248 	-2298758.5 	13123.881 	 2318.7426 	-3842912.7 	32691.908 	 -0.0051650009 	0.00066901221 	0.041709561 	 0.0022426822 	-8.1239202e-05 	0.0076702785 	 -62738.412 	-20.499168 	-1624.6584 	 -0.12789093 	0.18127699 	0.016612492 	 -1.4960941 	-0.3134923 	-0.046881364 		0.00875 -0.0054898175 -0.051824064 1200000 1
0.0075 -2477.5458 	-2271765.3 	13326.433 	 -890.75112 	-3797481.9 	31967.987 	 -0.0045696893 	0.0007164687 	0.04103293 	 0.0033280043 	-0.00011043333 	0.0074202174 	 -60759.118 	76.281249 	1131.9902 	 -0.12383045 	0.17995566 	0.016129752 	 -1.4885017 	-0.312287 	-0.04613402 		0.0075 -0.0055105125 -0.051765085 1200000 1
0.00625 1187.9079 	-2231112.5 	12765.014 	 3497.8044 	-3760106.1 	30653.749 	 -0.0037498214 	0.00075759174 	0.040190391 	 0.0048040781 	-0.0001464476 	0.0071863049 	 -58409.382 	14.511288 	4840.6587 	 -0.12533012 	0.17823741 	0.016117848 	 -1.4868067 	-0.31090803 	-0.044782115 		0.00625 -0.0055300392 -0.051709144 1200000 1
0.005 698.20226 	-2176718.9 	11743.86 	 3092.4161 	-3736144.9 	28167.867 	 -0.0029811107 	0.00081035665 	0.039201867 	 0.0062300119 	-0.00017265453 	0.0068810708 	 -55599.912 	46.876326 	8384.7813 	 -0.12302885 	0.176853 	0.01633097 	 -1.4807538 	-0.30891705 	-0.042346864 		0.005 -0.0055542329 -0.051690243 1200000 1
0.00375 -2049.3664 	-2113061.5 	10073.04 	 910.3683 	-3704145.5 	23865.619 	 -0.0021887394 	0.00087049243 	0.037937393 	 0.0076900675 	-0.00020175067 	0.0062494193 	 -51706.05 	116.17525 	11926.561 	 -0.11887569 	0.17435778 	0.016983381 	 -1.4729113 	-0.30810032 	-0.038330381 		0.00375 -0.0055722328 -0.051603849 1200000 1
0.0025 1653.2883 	-2032686.5 	7658.0214 	 6662.2545 	-3687736.3 	17904.849 	 -0.0013331348 	0.00097384269 	0.036572968 	 0.0093713348 	-0.00021987319 	0.0055088458 	 -47383.257 	30.957434 	15909.183 	 -0.11994799 	0.17229789 	0.018128724 	 -1.4708046 	-0.30670096 	-0.032841749 		0.0025 -0.0055930232 -0.051558193 1200000 1
0.00125 2165.6283 	-1936499.3 	4017.9177 	 10590.161 	-3679220.3 	8850.2106 	 -0.00050682142 	0.0011937932 	0.03519594 	 0.011124879 	-0.00023661395 	0.004622644 	 -42639.411 	-13.723663 	19949.114 	 -0.11819488 	0.17030803 	0.020232269 	 -1.4661748 	-0.30517076 	-0.0247265 		0.00125 -0.0056185926 -0.051524393 1200000 1
0 4714.4153 	-1840580.3 	1338.1566 	 18471.028 	-3642221.4 	2516.3123 	 0.00011693834 	-1.9315044e-05 	0.033884286 	 0.012928207 	-0.00025105034 	0.0036257255 	 -37821.919 	-95.771605 	23630.923 	 -0.12006736 	0.18602873 	0.021432436 	 -1.4668087 	-0.33433555 	-0.018786546 		0 -0.0056704066 -0.051448526 1200000 1
