# y jRe_x jRe_y jRe_z jIm_x jIm_y jIm_z BRe_x BRe_y BRe_z BIm_x BIm_y BIm_z F_x F_y F_z VReGrad_x VReGrad_y VReGrad_z VImGrad_x VImGrad_y VImGrad_z s VRe VIm sigma mur
-0.075 -1814260.3 	-220.26408 	83.765611 	 -4458239.7 	-176.84871 	254.59606 	 3.2588978e-06 	0.0088154549 	0.038744815 	 5.926564e-07 	0.011600848 	0.0055602145 	 -6.5988313 	47540.914 	-33856.086 	 0.16124062 	2.26797e-05 	-5.8910078e-05 	 0.37244864 	3.59724e-05 	-0.00021485741 		-0.075 -7.2607364e-06 -2.8142165e-05 1200000 1
-0.07375 -1904774.5 	-0.018068299 	-0.061628331 	 -4119330.7 	0.14806441 	-0.010045948 	 4.0843609e-09 	0.0090751033 	0.037961923 	 2.1597738e-09 	0.011497416 	0.003895563 	 0.00038727082 	44294.48 	-32289.295 	 0.14430673 	2.5580602e-06 	-1.1105393e-07 	 0.30357705 	-4.2417505e-06 	-1.2397947e-08 		-0.07375 1.4263776e-07 7.2125825e-07 1200000 1
-0.0725 -1931569.5 	0.077134109 	-0.13531482 	 -3777712.7 	0.26081432 	-0.2385653 	 4.3915492e-09 	0.0099155698 	0.035973197 	 2.1776806e-09 	0.0124797 	0.00055192589 	 0.0036524252 	35879.407 	-33130.848 	 0.11569075 	2.5366727e-06 	-5.6843758e-08 	 0.18747489 	-4.4516319e-06 	1.7937076e-07 		-0.0725 1.4597612e-07 7.1579831e-07 1200000 1
-0.07125 -1933743.1 	0.30701833 	-0.059164747 	 -3459149.6 	0.17392943 	-0.40295017 	 4.6459177e-09 	0.010421647 	0.034074574 	 2.2139894e-09 	0.012819445 	-0.00215395 	 0.007899299 	29310.852 	-32260.052 	 0.08878359 	2.3975561e-06 	-1.272286e-07 	 0.07637358 	-4.4977619e-06 	3.1750833e-07 		-0.07125 1.4896552e-07 7.101587e-07 1200000 1
-0.07 -1917409.8 	0.27607772 	-0.040146293 	 -3162448.9 	0.32481751 	-0.42102648 	 4.948739e-09 	0.010737839 	0.03224515 	 2.2401659e-09 	0.012805603 	-0.0044663848 	 0.0065658447 	23931.868 	-30575.141 	 0.063626537 	2.4739481e-06 	-1.4959318e-07 	 -0.029659676 	-4.7435894e-06 	3.3423784e-07 		-0.07 1.5198629e-07 7.0451143e-07 1200000 1
-0.06875 -1885898.8 	0.12829707 	-0.17092342 	 -2885841.1 	0.33294604 	-0.66107298 	 5.3119838e-09 	0.010898196 	0.030492124 	 2.1780483e-09 	0.012581043 	-0.0064519221 	 0.0060296436 	19508.687 	-28479.117 	 0.040150165 	2.6463466e-06 	-4.7285573e-08 	 -0.1310341 	-4.8729031e-06 	5.3672997e-07 		-0.06875 1.551427e-07 6.9833724e-07 1200000 1
-0.0675 -1841357.1 	0.35547353 	-0.13537111 	 -2628648.1 	0.22602013 	-0.5346517 	 5.7665598e-09 	0.010926658 	0.028802676 	 2.2717779e-09 	0.012142791 	-0.0081697104 	 0.0081161713 	15827.866 	-26074.414 	 0.018334848 	2.5056205e-06 	-8.2285018e-08 	 -0.22789252 	-4.9099504e-06 	4.3385822e-07 		-0.0675 1.5853603e-07 6.9235714e-07 1200000 1
-0.06625 -1785888.4 	0.57259613 	-0.012331323 	 -2389390.9 	0.41055117 	-0.52040128 	 6.1046002e-09 	0.010812104 	0.027156778 	 2.2467683e-09 	0.011476423 	-0.0096756872 	 0.0087647923 	12740.864 	-23420.544 	 -0.0018853853 	2.368595e-06 	-1.8991435e-07 	 -0.32057821 	-5.1915411e-06 	4.2450871e-07 		-0.06625 1.6142924e-07 6.8595622e-07 1200000 1
-0.065 -1724139.8 	0.3985664 	-0.10118374 	 -2170441.5 	0.54950283 	-0.64543571 	 6.5317328e-09 	0.010648781 	0.025633632 	 2.1210478e-09 	0.01095002 	-0.010920144 	 0.0061728018 	10279.747 	-21102.367 	 -0.020312579 	2.5552061e-06 	-1.2163518e-07 	 -0.40773119 	-5.4348127e-06 	5.3207974e-07 		-0.065 1.6441064e-07 6.7930804e-07 1200000 1
-0.06375 -1657825.1 	0.4027461 	-0.1749019 	 -1968150.6 	0.30741888 	-0.59095851 	 7.0856725e-09 	0.010393625 	0.02423416 	 2.0648033e-09 	0.010439074 	-0.011935364 	 0.0070471729 	8369.0322 	-18919.014 	 -0.037125769 	2.5930412e-06 	-6.563744e-08 	 -0.49009349 	-5.3639301e-06 	4.9045948e-07 		-0.06375 1.6778422e-07 6.727675e-07 1200000 1
-0.0625 -1584158.8 	0.68706779 	-0.049938888 	 -1781645.7 	0.2681259 	-0.57953214 	 7.5187105e-09 	0.010081417 	0.022866898 	 2.0244392e-09 	0.0097999212 	-0.012850037 	 0.0091961651 	6693.5607 	-16753.549 	 -0.052559763 	2.3932869e-06 	-1.7467556e-07 	 -0.56877392 	-5.4639832e-06 	4.8463274e-07 		-0.0625 1.707799e-07 6.6609101e-07 1200000 1
-0.06125 -1507123.4 	0.65625333 	-0.023190819 	 -1610190 	0.48944843 	-0.49641369 	 7.9178154e-09 	0.0096923118 	0.021581633 	 1.8355632e-09 	0.0091301416 	-0.013619079 	 0.0060756755 	5329.0347 	-14698.704 	 -0.066597214 	2.4538751e-06 	-2.0197578e-07 	 -0.64330379 	-5.7804995e-06 	4.1953273e-07 		-0.06125 1.7372332e-07 6.5925691e-07 1200000 1
-0.06 -1427430.4 	0.46084872 	-0.18444127 	 -1452688.6 	0.46922614 	-0.68342786 	 8.2695507e-09 	0.0092740727 	0.02038634 	 1.4635201e-09 	0.0084895987 	-0.014269132 	 0.0051604086 	4214.0211 	-12831.379 	 -0.079335864 	2.6492764e-06 	-7.3385008e-08 	 -0.71396508 	-5.8959482e-06 	5.802278e-07 		-0.06 1.7681822e-07 6.5186452e-07 1200000 1
-0.05875 -1345941 	0.65059014 	-0.14267003 	 -1308125.9 	0.1769453 	-0.49942276 	 8.6816823e-09 	0.0087942772 	0.019268008 	 1.3198967e-09 	0.0078315752 	-0.01482223 	 0.0075528129 	3294.9542 	-11083.741 	 -0.090848447 	2.5237404e-06 	-1.1334799e-07 	 -0.7809503 	-5.7878286e-06 	4.3173145e-07 		-0.05875 1.801979e-07 6.4485433e-07 1200000 1
-0.0575 -1262494.6 	0.88023754 	0.0095396978 	 -1173789.4 	0.30853601 	-0.49317938 	 8.9523304e-09 	0.0083280925 	0.018168193 	 1.100171e-09 	0.0071245921 	-0.015320427 	 0.0073382857 	2500.0047 	-9484.2471 	 -0.10132767 	2.3601018e-06 	-2.4580701e-07 	 -0.84519348 	-6.0332894e-06 	4.3153402e-07 		-0.0575 1.8306192e-07 6.3746995e-07 1200000 1
-0.05625 -1179255 	0.69961713 	-0.095836412 	 -1052514.5 	0.51192425 	-0.5716924 	 9.2422279e-09 	0.0078118137 	0.017173235 	 6.6362174e-10 	0.0064840828 	-0.015719188 	 0.0041799423 	1867.2981 	-8058.5548 	 -0.11061552 	2.5362011e-06 	-1.6460434e-07 	 -0.90547956 	-6.3356653e-06 	5.0264963e-07 		-0.05625 1.8599896e-07 6.2978739e-07 1200000 1
-0.055 -1099226.7 	0.6359661 	-0.19295198 	 -943346.99 	0.21260525 	-0.48727311 	 9.6726271e-09 	0.0072227678 	0.016381617 	 4.2331381e-10 	0.0059925955 	-0.015953677 	 0.005712661 	1488.293 	-6829.0197 	 -0.11866461 	2.6165434e-06 	-9.0838178e-08 	 -0.9612287 	-6.2209197e-06 	4.3825518e-07 		-0.055 1.8926825e-07 6.2231392e-07 1200000 1
-0.05375 -1017761.5 	0.89502276 	-0.044827038 	 -843066.2 	0.06553018 	-0.47669767 	 1.0026429e-08 	0.0066642059 	0.015588602 	 2.7744446e-10 	0.0054651885 	-0.016189464 	 0.0079494246 	1117.9677 	-5727.3872 	 -0.12589933 	2.4241219e-06 	-2.2183556e-07 	 -1.0147673 	-6.2356017e-06 	4.3560227e-07 		-0.05375 1.9225198e-07 6.1488503e-07 1200000 1
-0.0525 -936883.25 	0.87337893 	-0.0032521341 	 -751195.26 	0.31517652 	-0.40370025 	 1.0361875e-08 	0.0060916721 	0.014847236 	 -2.2390514e-11 	0.0049357162 	-0.016375004 	 0.0048990867 	817.25482 	-4741.399 	 -0.13232029 	2.4639444e-06 	-2.648662e-07 	 -1.065749 	-6.5788442e-06 	3.8154113e-07 		-0.0525 1.9514548e-07 6.0727753e-07 1200000 1
-0.05125 -857053.44 	0.65144452 	-0.19847819 	 -667403.79 	0.40359518 	-0.58693256 	 1.0647606e-08 	0.0055219228 	0.014178862 	 -5.8773301e-10 	0.004449006 	-0.016519564 	 0.003193596 	576.46577 	-3883.6313 	 -0.1379761 	2.6697895e-06 	-1.1187812e-07 	 -1.1141928 	-6.787063e-06 	5.4168168e-07 		-0.05125 1.9815475e-07 5.9906983e-07 1200000 1
-0.05 -778375.68 	0.77124187 	-0.15502987 	 -590674.9 	0.024168351 	-0.36097139 	 1.0982076e-08 	0.004923584 	0.013566722 	 -8.3426109e-10 	0.0039758151 	-0.016638569 	 0.0061758072 	378.74088 	-3120.052 	 -0.14295185 	2.5919297e-06 	-1.5770305e-07 	 -1.1604077 	-6.6079139e-06 	3.6094812e-07 		-0.05 2.0151028e-07 5.9118729e-07 1200000 1
-0.04875 -700367.6 	1.0146544 	0.028972353 	 -519002.24 	0.074089459 	-0.38243938 	 1.1278016e-08 	0.0043933099 	0.012975707 	 -1.0994599e-09 	0.0035068397 	-0.016743414 	 0.0065788171 	211.6003 	-2479.0049 	 -0.14739499 	2.4077626e-06 	-3.2193647e-07 	 -1.2051167 	-6.7862579e-06 	3.8694343e-07 		-0.04875 2.0438496e-07 5.8310564e-07 1200000 1
-0.0475 -622823.16 	0.85709459 	-0.078955444 	 -452634.24 	0.31245409 	-0.47859695 	 1.1531924e-08 	0.0038817845 	0.012388605 	 -1.7007727e-09 	0.0030343343 	-0.016851783 	 0.0035486986 	52.530612 	-1927.2441 	 -0.15136384 	2.5566052e-06 	-2.4410885e-07 	 -1.2484155 	-7.1190641e-06 	4.758676e-07 		-0.0475 2.0733636e-07 5.7456927e-07 1200000 1
-0.04625 -550413.17 	0.71474083 	-0.21138373 	 -395061.82 	0.12115741 	-0.38560415 	 1.1987999e-08 	0.0032049749 	0.012050784 	 -2.0469883e-09 	0.0026886512 	-0.016833522 	 0.0042114742 	-3.0730072 	-1442.0183 	 -0.15458446 	2.6964231e-06 	-1.4638217e-07 	 -1.287934 	-7.0948565e-06 	4.0715486e-07 		-0.04625 2.1051511e-07 5.6633605e-07 1200000 1
-0.045 -478386.26 	0.94901501 	-0.049583942 	 -341599.28 	-0.081866601 	-0.34717674 	 1.244649e-08 	0.0025688346 	0.011716329 	 -2.1918309e-09 	0.0023462774 	-0.016835086 	 0.0067965567 	-68.769114 	-1041.579 	 -0.15748963 	2.5215121e-06 	-2.9453124e-07 	 -1.3264633 	-7.0623336e-06 	3.8420967e-07 		-0.045 2.1352812e-07 5.5827722e-07 1200000 1
-0.04375 -406596.79 	0.94566867 	0.018627632 	 -291213.08 	0.083546488 	-0.3314649 	 1.2877438e-08 	0.0019890805 	0.011386956 	 -2.4842424e-09 	0.0019886068 	-0.016835745 	 0.0050096091 	-130.11542 	-720.43517 	 -0.1601829 	2.5447959e-06 	-3.658508e-07 	 -1.364358 	-7.3356554e-06 	3.8089789e-07 		-0.04375 2.164109e-07 5.4996204e-07 1200000 1
-0.0425 -336062.28 	0.73473773 	-0.20206698 	 -244428.24 	0.35272596 	-0.5566581 	 1.3210187e-08 	0.001408706 	0.011114035 	 -3.0402537e-09 	0.0016566875 	-0.016825465 	 0.001770276 	-181.45465 	-463.84119 	 -0.16265397 	2.7419183e-06 	-1.973817e-07 	 -1.4011602 	-7.6936813e-06 	5.7868446e-07 		-0.0425 2.1939342e-07 5.411988e-07 1200000 1
-0.04125 -266458.26 	0.8280571 	-0.16840227 	 -200398.45 	0.077476095 	-0.26060653 	 1.3468255e-08 	0.00081548405 	0.010879053 	 -3.1956366e-09 	0.0013345597 	-0.016817498 	 0.0041269565 	-227.36126 	-264.17703 	 -0.16499713 	2.6884977e-06 	-2.4026136e-07 	 -1.4372395 	-7.5993962e-06 	3.420091e-07 		-0.04125 2.2271366e-07 5.3243844e-07 1200000 1
-0.04 -197471.99 	1.0891369 	0.038079536 	 -158180.98 	0.054779629 	-0.3100353 	 1.3777906e-08 	0.00027632093 	0.010678815 	 -3.3220558e-09 	0.0010227321 	-0.016806557 	 0.0055053924 	-265.87979 	-128.62733 	 -0.16731771 	2.4946464e-06 	-4.2823623e-07 	 -1.4729653 	-7.7164672e-06 	3.9386812e-07 		-0.04 2.2559379e-07 5.2361677e-07 1200000 1
-0.03875 -127985.29 	0.95036244 	-0.057963413 	 -115888.39 	0.27146673 	-0.48177551 	 1.4037589e-08 	-0.00017709043 	0.010449997 	 -3.8132594e-09 	0.00069665645 	-0.016821881 	 0.0028885536 	-299.13971 	-51.494015 	 -0.16980235 	2.6355869e-06 	-3.6487563e-07 	 -1.509227 	-8.0306642e-06 	5.4819523e-07 		-0.03875 2.285504e-07 5.1432905e-07 1200000 1
-0.0375 -61338.08 	0.79431065 	-0.22146234 	 -77872.793 	0.31964438 	-0.36653628 	 1.4313791e-08 	-0.00079334926 	0.010387058 	 -4.1769282e-09 	0.0004102231 	-0.016774853 	 0.0015453428 	-329.90581 	-15.299847 	 -0.17217389 	2.7953597e-06 	-2.4466723e-07 	 -1.5437765 	-8.2045925e-06 	4.6301526e-07 		-0.0375 2.3171243e-07 5.050912e-07 1200000 1
-0.03625 3812.5006 	1.0095936 	-0.060927517 	 -42343.209 	0.19263013 	-0.2318172 	 1.4860165e-08 	-0.0014967037 	0.01040369 	 -4.2137131e-09 	0.00014336738 	-0.016712425 	 0.0037054855 	-371.0537 	-27.536009 	 -0.17461046 	2.6476214e-06 	-3.9430234e-07 	 -1.5775739 	-8.2339323e-06 	3.616253e-07 		-0.03625 2.3472391e-07 4.9622971e-07 1200000 1
-0.035 70566.832 	1.0191602 	0.041450471 	 -5406.8003 	0.27396173 	-0.29155095 	 1.5379827e-08 	-0.0020534873 	0.010394927 	 -4.4204768e-09 	-0.00014423105 	-0.016672231 	 0.0031174077 	-408.0876 	-93.249138 	 -0.17752992 	2.6730845e-06 	-4.9669585e-07 	 -1.6127349 	-8.4365556e-06 	4.2322681e-07 		-0.035 2.3761013e-07 4.8695844e-07 1200000 1
-0.03375 136989.03 	0.821682 	-0.18092079 	 31409.923 	0.70276405 	-0.52223017 	 1.5795444e-08 	-0.0026269184 	0.010439962 	 -4.9604669e-09 	-0.00042556252 	-0.01662397 	 -0.0017649138 	-449.37056 	-205.33468 	 -0.18078737 	2.8735348e-06 	-3.2865298e-07 	 -1.6481229 	-8.9257223e-06 	6.2723939e-07 		-0.03375 2.4059554e-07 4.7743575e-07 1200000 1
-0.0325 203703.6 	0.89341523 	-0.16919521 	 68840.701 	0.54254662 	-0.11718859 	 1.6170468e-08 	-0.0032048377 	0.010516958 	 -5.0991891e-09 	-0.00071082688 	-0.016584096 	 -3.9230085e-05 	-494.57189 	-366.29844 	 -0.18451258 	2.8550976e-06 	-3.545978e-07 	 -1.6841935 	-8.9254731e-06 	3.0127732e-07 		-0.0325 2.4391203e-07 4.6759968e-07 1200000 1
-0.03125 270847 	1.1594886 	0.034770068 	 107260.73 	0.43479315 	-0.15118555 	 1.6694728e-08 	-0.0037512302 	0.010635829 	 -5.1516519e-09 	-0.00099420391 	-0.016540704 	 0.0025785874 	-546.67385 	-573.81789 	 -0.188795 	2.67578e-06 	-5.4174627e-07 	 -1.7211118 	-8.969019e-06 	3.4180676e-07 		-0.03125 2.4686235e-07 4.5780095e-07 1200000 1
-0.03 339692.89 	1.0478025 	-0.034068485 	 149851.12 	0.52692964 	-0.40106602 	 1.7187632e-08 	-0.0041825808 	0.010748747 	 -5.5372183e-09 	-0.0012970613 	-0.016512078 	 0.0011075465 	-582.93559 	-820.0994 	 -0.19400288 	2.8154872e-06 	-5.0241326e-07 	 -1.7601851 	-9.1773825e-06 	5.6253226e-07 		-0.03 2.4987062e-07 4.4766575e-07 1200000 1
-0.02875 408422.51 	0.94880905 	-0.21979059 	 193109.51 	0.73351123 	-0.30559467 	 1.746037e-08 	-0.004679135 	0.01094682 	 -5.9034815e-09 	-0.0015973222 	-0.016459049 	 -0.0013590521 	-642.46993 	-1125.2654 	 -0.19982456 	2.9497251e-06 	-3.6470704e-07 	 -1.7997941 	-9.4777412e-06 	4.9485532e-07 		-0.02875 2.5312929e-07 4.372829e-07 1200000 1
-0.0275 474740.01 	1.1460057 	-0.07643183 	 234015.6 	0.83305797 	-0.033665505 	 1.8264756e-08 	-0.0054490768 	0.011277195 	 -5.7010296e-09 	-0.0019169005 	-0.016346023 	 -0.00046498984 	-762.25175 	-1532.4292 	 -0.20585648 	2.8423223e-06 	-5.0013486e-07 	 -1.8382682 	-9.6858185e-06 	2.7946106e-07 		-0.0275 2.5616382e-07 4.2751279e-07 1200000 1
-0.02625 544194.11 	1.1433637 	0.045154513 	 280509.64 	0.82353578 	-0.16893641 	 1.8958923e-08 	-0.00602236 	0.011603348 	 -5.6047229e-09 	-0.0022463353 	-0.016245312 	 2.6897512e-05 	-877.43891 	-1967.7168 	 -0.21329122 	2.9046184e-06 	-6.1888173e-07 	 -1.8798919 	-9.8029797e-06 	4.0410952e-07 		-0.02625 2.5908239e-07 4.1716854e-07 1200000 1
-0.025 614491.03 	0.98666456 	-0.17057485 	 330944.83 	1.4640351 	-0.4902061 	 1.9710617e-08 	-0.006593225 	0.011985406 	 -5.8266307e-09 	-0.002589092 	-0.016124614 	 -0.0068174753 	-1013.0253 	-2464.3813 	 -0.22181409 	3.0989248e-06 	-4.5625452e-07 	 -1.9232504 	-1.045843e-05 	6.8295611e-07 		-0.025 2.6216758e-07 4.0679179e-07 1200000 1
-0.02375 686057.42 	1.0759463 	-0.16965743 	 385580.58 	1.6938385 	0.016782151 	 2.025634e-08 	-0.0071531401 	0.012410038 	 -5.6114373e-09 	-0.0029449778 	-0.015998867 	 -0.0072649275 	-1170.9721 	-3027.1774 	 -0.23156065 	3.0927137e-06 	-4.722671e-07 	 -1.9686302 	-1.0767253e-05 	2.7084181e-07 		-0.02375 2.6551526e-07 3.9570246e-07 1200000 1
-0.0225 758864.44 	1.3051285 	0.003261246 	 444815.88 	1.6726429 	0.085214232 	 2.0850884e-08 	-0.0076824734 	0.012886813 	 -5.2284288e-09 	-0.0033056809 	-0.015851769 	 -0.0045916848 	-1362.6085 	-3651.1633 	 -0.24264828 	2.9715322e-06 	-6.3205586e-07 	 -2.0161583 	-1.0868283e-05 	2.2400726e-07 		-0.0225 2.6859719e-07 3.8448545e-07 1200000 1
-0.02125 833495.84 	1.1686035 	-0.053686651 	 511835.93 	1.6257959 	-0.27711292 	 2.1615524e-08 	-0.0081203412 	0.013416715 	 -5.0441931e-09 	-0.0036971573 	-0.015671279 	 -0.0052392334 	-1580.1128 	-4327.3176 	 -0.2555781 	3.1560392e-06 	-6.0103771e-07 	 -2.0669737 	-1.0943758e-05 	5.3527361e-07 		-0.02125 2.7173491e-07 3.7303897e-07 1200000 1
-0.02 910820.17 	1.1765104 	-0.24857783 	 588038.81 	1.7955567 	-0.31490867 	 2.2078382e-08 	-0.0084119193 	0.013996455 	 -5.2318944e-09 	-0.0040681279 	-0.015477639 	 -0.0068570945 	-1824.8141 	-5026.7366 	 -0.27074264 	3.220845e-06 	-4.5415533e-07 	 -2.1218492 	-1.1198117e-05 	5.7488638e-07 		-0.02 2.7526197e-07 3.6096702e-07 1200000 1
-0.01875 982964.47 	1.3345748 	-0.11568386 	 659799.41 	2.2373403 	0.066731801 	 2.3282709e-08 	-0.0091760671 	0.014715211 	 -4.5247956e-09 	-0.0045239197 	-0.015165363 	 -0.0073291805 	-2231.2171 	-6003.0252 	 -0.28556476 	3.1657632e-06 	-5.779015e-07 	 -2.1736791 	-1.1668746e-05 	2.6263913e-07 		-0.01875 2.7841092e-07 3.499828e-07 1200000 1
-0.0175 1057751.5 	1.2672413 	0.011500547 	 741490.97 	2.3708029 	-0.035165215 	 2.4355745e-08 	-0.0097548689 	0.01548427 	 -3.7302056e-09 	-0.0049705155 	-0.014806107 	 -0.0075269595 	-2705.1625 	-7003.3656 	 -0.30291039 	3.2994305e-06 	-6.9783697e-07 	 -2.2298427 	-1.1880266e-05 	3.5250508e-07 		-0.0175 2.8143982e-07 3.3833097e-07 1200000 1
-0.01625 1133661.9 	1.1331703 	-0.19670527 	 834296.96 	2.780047 	-0.497112 	 2.5542492e-08 	-0.010240068 	0.016341849 	 -3.3863878e-09 	-0.0054307071 	-0.014374678 	 -0.012660801 	-3276.1337 	-8065.9262 	 -0.32287677 	3.4862608e-06 	-5.3808991e-07 	 -2.2900679 	-1.2316818e-05 	7.4028046e-07 		-0.01625 2.8473921e-07 3.2660319e-07 1200000 1
-0.015 1209898.7 	1.2129821 	-0.22733253 	 936741.45 	3.2359293 	-0.22094353 	 2.6561661e-08 	-0.010670253 	0.017284339 	 -2.4881886e-09 	-0.005883613 	-0.013873363 	 -0.013626527 	-3972.3817 	-9201.0089 	 -0.34530937 	3.4948733e-06 	-5.2447191e-07 	 -2.353736 	-1.2783881e-05 	5.1049663e-07 		-0.015 2.8821422e-07 3.1438926e-07 1200000 1
-0.01375 1285862.1 	1.3735725 	-0.14223819 	 1049624.2 	3.2288795 	-0.21322917 	 2.7719582e-08 	-0.01105332 	0.018326009 	 -1.5775584e-09 	-0.0063326904 	-0.013272308 	 -0.010251452 	-4837.0794 	-10412.914 	 -0.37043822 	3.4314963e-06 	-6.0654977e-07 	 -2.4209876 	-1.2861584e-05 	5.021468e-07 		-0.01375 2.9154827e-07 3.0170864e-07 1200000 1
-0.0125 1360637.3 	1.2045382 	-0.15568129 	 1175520.9 	2.9367838 	-0.91150557 	 2.9028391e-08 	-0.011334736 	0.019489261 	 -1.1006122e-09 	-0.0068022732 	-0.012503654 	 -0.010119472 	-5934.5164 	-11682.778 	 -0.39873191 	3.6405654e-06 	-6.0566885e-07 	 -2.4924027 	-1.2693086e-05 	1.078729e-06 		-0.0125 2.9491064e-07 2.8925867e-07 1200000 1
-0.01125 1435982.3 	1.2351865 	-0.2174398 	 1322594.9 	3.2071322 	-1.3404094 	 2.9931278e-08 	-0.011371143 	0.020803242 	 -9.9015609e-11 	-0.0072324165 	-0.011522942 	 -0.011274987 	-7342.7435 	-12909.976 	 -0.43218271 	3.6852191e-06 	-5.6039744e-07 	 -2.5716008 	-1.2989669e-05 	1.4267528e-06 		-0.01125 2.986816e-07 2.761965e-07 1200000 1
-0.01 1502080.6 	1.0635251 	-0.069285323 	 1471100.1 	3.5130644 	-1.7768655 	 3.1422819e-08 	-0.011739968 	0.022363293 	 3.0642349e-09 	-0.0076934843 	-0.010265355 	 -0.01336377 	-9270.0142 	-14436.905 	 -0.46616356 	3.8917618e-06 	-6.8305236e-07 	 -2.6484459 	-1.330455e-05 	1.776738e-06 		-0.01 3.021259e-07 2.637827e-07 1200000 1
-0.00875 598777.27 	0.90493187 	0.014271347 	 602369.04 	1.0523283 	-0.40569661 	 3.25667e-08 	-0.011769816 	0.023749829 	 5.5484896e-09 	-0.0077943301 	-0.0091386363 	 0.004120645 	-4127.0219 	-5685.9468 	 -0.52019393 	-6.1414326e-07 	-1.0364957e-06 	 -2.7646199 	-1.2007235e-05 	-3.0268245e-06 		-0.00875 3.0691167e-07 2.3751309e-07 459078.61 1
-0.0075 135789.98 	0.84950006 	0.13060841 	 154591.6 	0.093098001 	0.28350307 	 3.3102931e-08 	-0.011152549 	0.024693407 	 6.2000511e-09 	-0.0075909875 	-0.0084538283 	 0.011969517 	-1024.9311 	-1341.4424 	 -0.55365446 	-3.6140364e-06 	-2.0142242e-06 	 -2.8442416 	-1.140587e-05 	-2.5809113e-06 		-0.0075 3.0744204e-07 2.1268889e-07 100000 1
-0.00625 136818.64 	0.88858514 	0.19189685 	 163911.12 	0.53751134 	-0.20193634 	 3.3676745e-08 	-0.010480046 	0.025428893 	 6.7055517e-09 	-0.0072674752 	-0.0079593483 	 0.0093417518 	-1089.0443 	-1310.8579 	 -0.56035314 	-3.9482421e-06 	-2.6077598e-06 	 -2.8675002 	-1.5887643e-05 	2.2457209e-06 		-0.00625 3.0389363e-07 1.9662739e-07 100000 1
-0.005 136996.13 	1.044213 	0.16597712 	 171311.84 	0.54137262 	-0.16213676 	 3.4131033e-08 	-0.010014241 	0.025931219 	 7.4301734e-09 	-0.0069678158 	-0.007524074 	 0.01163819 	-1132.8407 	-1282.3201 	 -0.56048817 	-5.4514027e-06 	-2.3294905e-06 	 -2.8734279 	-1.5957938e-05 	1.8191815e-06 		-0.005 2.9911074e-07 1.8227385e-07 100000 1
-0.00375 136628.75 	1.1937964 	0.16225394 	 177881.64 	0.52758918 	-0.13512681 	 3.4192935e-08 	-0.0095505836 	0.026354625 	 7.9744937e-09 	-0.0067204722 	-0.0070903338 	 0.014082358 	-1170.4288 	-1250.5672 	 -0.5572967 	-6.8974343e-06 	-2.2730146e-06 	 -2.8683631 	-1.5844176e-05 	1.5197882e-06 		-0.00375 2.9291894e-07 1.6748642e-07 100000 1
-0.0025 135726.53 	1.3205343 	0.14893926 	 183563.89 	0.48811021 	-0.12893451 	 3.3927092e-08 	-0.0090168824 	0.026795967 	 8.3330513e-09 	-0.0064362346 	-0.0066704994 	 0.016289931 	-1206.6316 	-1203.4467 	 -0.55063718 	-8.1174658e-06 	-2.1207789e-06 	 -2.8513709 	-1.5470176e-05 	1.4279711e-06 		-0.0025 2.8536375e-07 1.5232505e-07 100000 1
-0.00125 134347.67 	1.4445021 	0.13239787 	 188277.24 	0.53427903 	-0.14860458 	 3.3622548e-08 	-0.0085257729 	0.027180578 	 8.6178707e-09 	-0.0061726191 	-0.0062916126 	 0.018031968 	-1233.7589 	-1154.9347 	 -0.54098693 	-9.311322e-06 	-1.9368825e-06 	 -2.8236558 	-1.5950462e-05 	1.5951919e-06 		-0.00125 2.7669059e-07 1.3726834e-07 100000 1
5.2475385e-17 132543.06 	1.5885169 	0.12111801 	 192065.64 	0.61043472 	-0.12841565 	 3.3469878e-08 	-0.0080356962 	0.027519018 	 9.0568864e-09 	-0.0058939008 	-0.0059387202 	 0.020088734 	-1253.5135 	-1099.8822 	 -0.52871596 	-1.0710234e-05 	-1.8064461e-06 	 -2.7858719 	-1.6725052e-05 	1.3646054e-06 		5.2475385e-17 2.6683901e-07 1.2128911e-07 100000 1
0.00125 130375.83 	1.7330054 	0.12280218 	 195002.5 	0.66799487 	-0.11296054 	 3.3369829e-08 	-0.0075763007 	0.027813642 	 9.4405264e-09 	-0.0056236483 	-0.005614334 	 0.022290657 	-1265.736 	-1043.5801 	 -0.51420778 	-1.2117385e-05 	-1.80638e-06 	 -2.7389386 	-1.7310759e-05 	1.18251e-06 		0.00125 2.5547195e-07 1.0451068e-07 100000 1
0.0025 127880.44 	1.8500116 	0.12342495 	 197129.94 	0.66859638 	-0.097979037 	 3.296265e-08 	-0.0071557865 	0.028074453 	 9.6128712e-09 	-0.0053492672 	-0.0053247504 	 0.024328137 	-1270.2227 	-986.19025 	 -0.49773309 	-1.3252643e-05 	-1.7965389e-06 	 -2.6835199 	-1.7320508e-05 	1.0069701e-06 		0.0025 2.4276111e-07 8.7200872e-08 100000 1
0.00375 125001.75 	1.9482911 	0.11287293 	 198478.36 	0.69939792 	-0.13321607 	 3.2363779e-08 	-0.006594894 	0.028317461 	 9.5853903e-09 	-0.0050649454 	-0.0050567828 	 0.02585787 	-1267.9893 	-916.32399 	 -0.47879157 	-1.4200248e-05 	-1.6755215e-06 	 -2.6169866 	-1.7630574e-05 	1.3348364e-06 		0.00375 2.2826354e-07 6.8926717e-08 100000 1
0.005 121858.51 	2.0434277 	0.10426377 	 199062.56 	0.74705668 	-0.14636272 	 3.1672711e-08 	-0.0060313789 	0.028508278 	 9.5472811e-09 	-0.0047861938 	-0.0048286894 	 0.027269581 	-1256.2818 	-845.72896 	 -0.4582094 	-1.5120605e-05 	-1.5749606e-06 	 -2.5425411 	-1.8101519e-05 	1.4440997e-06 		0.005 2.1250827e-07 4.9675821e-08 100000 1
0.00625 118732.46 	2.1762921 	0.090406853 	 198916.31 	0.84231989 	-0.11825572 	 3.1701967e-08 	-0.0058246291 	0.028653545 	 1.0005868e-08 	-0.0045411515 	-0.0046262122 	 0.029159437 	-1240.8393 	-799.51366 	 -0.43759548 	-1.6420469e-05 	-1.4236399e-06 	 -2.467093 	-1.9048706e-05 	1.1444428e-06 		0.00625 1.9676663e-07 3.1481453e-08 100000 1
0.0075 115452.83 	2.288154 	0.089824097 	 198271.43 	0.9096623 	-0.094421261 	 3.1506839e-08 	-0.0056236134 	0.028771837 	 1.0335469e-08 	-0.0043156298 	-0.0044538367 	 0.030899613 	-1219.2134 	-754.71191 	 -0.41602465 	-1.7514268e-05 	-1.4056367e-06 	 -2.3862121 	-1.9711148e-05 	8.8961726e-07 		0.0075 1.7978967e-07 1.2271475e-08 100000 1
0.00875 111971.32 	2.3561244 	0.082335692 	 197069.66 	0.91578461 	-0.099453442 	 3.110626e-08 	-0.0052954372 	0.028898315 	 1.0431074e-08 	-0.0040756162 	-0.004290675 	 0.032098553 	-1194.9773 	-700.19824 	 -0.3929701 	-1.8172206e-05 	-1.3192624e-06 	 -2.2974441 	-1.975714e-05 	9.2541727e-07 		0.00875 1.6127023e-07 -8.1356449e-09 100000 1
0.01 108410.07 	2.4235336 	0.066434051 	 195421.54 	0.97397644 	-0.13363839 	 3.062014e-08 	-0.0049914825 	0.028994693 	 1.0449527e-08 	-0.0038574413 	-0.0041551017 	 0.033020174 	-1165.5391 	-649.52764 	 -0.36932726 	-1.8826341e-05 	-1.149501e-06 	 -2.2046499 	-2.0319258e-05 	1.2549201e-06 		0.01 1.4208874e-07 -2.8692242e-08 100000 1
0.01125 104796.48 	2.4946622 	0.058735224 	 193390.54 	1.0396834 	-0.12057467 	 3.0281001e-08 	-0.0047010572 	0.029072943 	 1.0643808e-08 	-0.0036443628 	-0.0040341367 	 0.034058694 	-1133.1916 	-600.60719 	 -0.34526157 	-1.9522186e-05 	-1.0624906e-06 	 -2.1084594 	-2.0951598e-05 	1.1140585e-06 		0.01125 1.2215861e-07 -5.0136793e-08 100000 1
0.0125 101161.34 	2.5476832 	0.059354239 	 191059.14 	1.071692 	-0.10698865 	 2.9986623e-08 	-0.0044412126 	0.029138012 	 1.0858198e-08 	-0.0034508079 	-0.0039275673 	 0.034928658 	-1098.5628 	-555.96578 	 -0.32097073 	-2.0041691e-05 	-1.0591521e-06 	 -2.0096891 	-2.1237819e-05 	9.6994229e-07 		0.0125 1.014021e-07 -7.2269068e-08 100000 1
0.01375 97527.64 	2.5703441 	0.059941787 	 188500.9 	1.0564701 	-0.094548089 	 2.9486605e-08 	-0.0042129766 	0.029200405 	 1.0914305e-08 	-0.003263196 	-0.0038369389 	 0.03546986 	-1062.2322 	-514.44417 	 -0.29663912 	-2.0262044e-05 	-1.0559142e-06 	 -1.9090993 	-2.1046384e-05 	8.3915906e-07 		0.01375 8.0155702e-08 -9.4608546e-08 100000 1
0.015 93852.298 	2.5798322 	0.048476801 	 185681.65 	1.088566 	-0.11352322 	 2.8884913e-08 	-0.0039184417 	0.029258642 	 1.0851922e-08 	-0.0030864736 	-0.0037562796 	 0.035633879 	-1024.2375 	-471.80745 	 -0.27185934 	-2.0352038e-05 	-9.3244628e-07 	 -1.8047604 	-2.1328176e-05 	1.0241886e-06 		0.015 5.8111041e-08 -1.173405e-07 100000 1
0.01625 90174.738 	2.5725017 	0.044440203 	 182717.43 	1.0989592 	-0.1006181 	 2.8079393e-08 	-0.0035673607 	0.02929926 	 1.0692914e-08 	-0.002907592 	-0.0036965166 	 0.03558968 	-983.28047 	-428.03464 	 -0.24703143 	-2.0279294e-05 	-8.8343271e-07 	 -1.6983577 	-2.1379848e-05 	8.9194137e-07 		0.01625 3.5440376e-08 -1.4139574e-07 100000 1
0.0175 86729.537 	2.5893862 	0.040837468 	 179861.56 	1.1151501 	-0.080398653 	 2.7872167e-08 	-0.003432146 	0.029336017 	 1.089963e-08 	-0.0027712915 	-0.0036326404 	 0.035894532 	-945.46456 	-399.751 	 -0.22366299 	-2.0451934e-05 	-8.3921085e-07 	 -1.5968727 	-2.1487165e-05 	6.8783144e-07 		0.0175 1.3563744e-08 -1.6444296e-07 100000 1
0.01875 83433.777 	2.6056904 	0.037652811 	 177114.84 	1.130235 	-0.080343756 	 2.7632788e-08 	-0.0034055484 	0.029367981 	 1.1053874e-08 	-0.0026544833 	-0.0035791261 	 0.03618802 	-908.16452 	-378.89699 	 -0.20128573 	-2.0622428e-05 	-7.9925851e-07 	 -1.4983281 	-2.1580829e-05 	6.8634348e-07 		0.01875 -8.0060992e-09 -1.8690334e-07 100000 1
0.02 80155.084 	2.5854556 	0.03608117 	 174346.52 	1.1217492 	-0.070943459 	 2.7195108e-08 	-0.0032720236 	0.029411448 	 1.106396e-08 	-0.002535801 	-0.003528397 	 0.036019453 	-871.15332 	-353.77117 	 -0.17884624 	-2.0431499e-05 	-7.753222e-07 	 -1.3978025 	-2.1429101e-05 	5.9222863e-07 		0.02 -3.0202344e-08 -2.10088e-07 100000 1
0.02125 76967.347 	2.5580194 	0.032070702 	 171682.08 	1.1176785 	-0.0671894 	 2.6811731e-08 	-0.0031238149 	0.02944472 	 1.1049829e-08 	-0.002425563 	-0.0034883241 	 0.035685673 	-833.69278 	-329.83533 	 -0.15696636 	-2.0171129e-05 	-7.2686764e-07 	 -1.2982886 	-2.1319753e-05 	5.5523387e-07 		0.02125 -5.2382202e-08 -2.334188e-07 100000 1
0.0225 73900.779 	2.5297845 	0.028185861 	 169192.96 	1.1092189 	-0.062547375 	 2.6405881e-08 	-0.002984848 	0.029475796 	 1.10587e-08 	-0.0023244072 	-0.0034502645 	 0.035335215 	-797.25653 	-308.14219 	 -0.13584767 	-1.9906849e-05 	-6.79697e-07 	 -1.2008055 	-2.1162641e-05 	5.0986112e-07 		0.0225 -7.433493e-08 -2.5673105e-07 100000 1
0.02375 70959.908 	2.498826 	0.025654374 	 166919.8 	1.0914604 	-0.063928456 	 2.5970167e-08 	-0.0028644228 	0.029508042 	 1.1064287e-08 	-0.002235274 	-0.003414822 	 0.034963822 	-761.94219 	-289.21744 	 -0.1155345 	-1.9619999e-05 	-6.4596566e-07 	 -1.1056929 	-2.0903473e-05 	5.2515272e-07 		0.02375 -9.6145925e-08 -2.7996581e-07 100000 1
0.025 68150.108 	2.4576113 	0.027434172 	 164907.63 	1.0654412 	-0.055822725 	 2.5402384e-08 	-0.0027614097 	0.029548623 	 1.0966639e-08 	-0.0021519098 	-0.0033830563 	 0.034488071 	-727.91426 	-272.39122 	 -0.09608137 	-1.9233884e-05 	-6.5513043e-07 	 -1.0133092 	-2.0554686e-05 	4.4589168e-07 		0.025 -1.1769173e-07 -3.0289872e-07 100000 1
0.02625 65461.975 	2.4062554 	0.027705289 	 163151.97 	1.0387582 	-0.04983832 	 2.4924422e-08 	-0.0026355637 	0.029588777 	 1.0882707e-08 	-0.0020796273 	-0.0033520998 	 0.033849771 	-695.02161 	-256.64772 	 -0.077346122 	-1.8748373e-05 	-6.4896088e-07 	 -0.92306525 	-2.0198207e-05 	3.8809318e-07 		0.02625 -1.3908877e-07 -3.2584512e-07 100000 1
0.0275 62861.148 	2.3427936 	0.027709431 	 161706.57 	1.0079491 	-0.049561504 	 2.4166159e-08 	-0.002417501 	0.029623841 	 1.0659566e-08 	-0.00199874 	-0.0033330257 	 0.033008748 	-661.60714 	-238.35986 	 -0.059206068 	-1.814646e-05 	-6.3985798e-07 	 -0.83439019 	-1.9790933e-05 	3.8751783e-07 		0.0275 -1.6043195e-07 -3.4903001e-07 100000 1
0.02875 60458.814 	2.2925271 	0.027006286 	 160652.3 	0.98829851 	-0.05016763 	 2.3676101e-08 	-0.0022945186 	0.029664058 	 1.0598534e-08 	-0.0019412378 	-0.0033049293 	 0.032349391 	-631.26513 	-226.09475 	 -0.04235528 	-1.7679539e-05 	-6.2368507e-07 	 -0.7510222 	-1.9493418e-05 	3.9580281e-07 		0.02875 -1.8096766e-07 -3.7161185e-07 100000 1
0.03 58273.701 	2.2569315 	0.026457607 	 160009.88 	0.97990177 	-0.045759641 	 2.3393312e-08 	-0.0023374243 	0.029710683 	 1.0628099e-08 	-0.0019037049 	-0.0032717288 	 0.031910421 	-603.92076 	-221.25832 	 -0.026987097 	-1.7360599e-05 	-6.0897497e-07 	 -0.67421966 	-1.930875e-05 	3.5380554e-07 		0.03 -2.0039647e-07 -3.9309492e-07 100000 1
0.03125 56199.139 	2.2053426 	0.02875991 	 159732.59 	0.95869145 	-0.035930623 	 2.3036764e-08 	-0.0023187079 	0.029765985 	 1.0604616e-08 	-0.0018700999 	-0.0032381791 	 0.031270423 	-577.78953 	-215.28562 	 -0.012255507 	-1.6884171e-05 	-6.2253082e-07 	 -0.59980617 	-1.8992558e-05 	2.5760854e-07 		0.03125 -2.1967423e-07 -4.1457489e-07 100000 1
0.0325 54228.259 	2.1463641 	0.028798586 	 159846.18 	0.93777591 	-0.030526658 	 2.2574178e-08 	-0.0022464061 	0.029815795 	 1.0506419e-08 	-0.001833583 	-0.0032109342 	 0.030496539 	-551.79526 	-208.12122 	 0.0017862783 	-1.6336459e-05 	-6.1318822e-07 	 -0.52823805 	-1.8674313e-05 	2.0562068e-07 		0.0325 -2.3868355e-07 -4.36157e-07 100000 1
0.03375 52393.259 	2.0881459 	0.029377837 	 160391.14 	0.91916012 	-0.027727492 	 2.207716e-08 	-0.0021781183 	0.029868899 	 1.0397211e-08 	-0.0018050212 	-0.0031811547 	 0.029728723 	-527.34159 	-202.37235 	 0.014941804 	-1.5799665e-05 	-6.0921979e-07 	 -0.46072823 	-1.8375103e-05 	1.7959112e-07 		0.03375 -2.5712087e-07 -4.574127e-07 100000 1
0.035 50686.736 	2.0309488 	0.029823754 	 161378.79 	0.89797277 	-0.027582624 	 2.1581933e-08 	-0.0021218142 	0.029927922 	 1.0268734e-08 	-0.0017817005 	-0.0031500604 	 0.02898069 	-504.2892 	-198.007 	 0.027242348 	-1.5276068e-05 	-6.0384713e-07 	 -0.39732413 	-1.8047237e-05 	1.8008606e-07 		0.035 -2.7507288e-07 -4.7850339e-07 100000 1
0.03625 49107.385 	1.9703088 	0.032659952 	 162839.95 	0.86895718 	-0.01995227 	 2.1002366e-08 	-0.0020719343 	0.029996601 	 1.0076009e-08 	-0.001763733 	-0.0031184365 	 0.028210413 	-482.61914 	-194.87602 	 0.038695774 	-1.4721057e-05 	-6.2225607e-07 	 -0.3381891 	-1.7632766e-05 	1.0566351e-07 		0.03625 -2.9248265e-07 -4.9917376e-07 100000 1
0.0375 47653.073 	1.9069569 	0.034276745 	 164776.92 	0.83970697 	-0.013520552 	 2.0514802e-08 	-0.002012235 	0.030064008 	 9.9271723e-09 	-0.0017521113 	-0.0030845056 	 0.027390624 	-462.19134 	-192.62653 	 0.049367747 	-1.413973e-05 	-6.2836774e-07 	 -0.2831829 	-1.7217581e-05 	4.3150366e-08 		0.0375 -3.09394e-07 -5.1959536e-07 100000 1
0.03875 46299.311 	1.838596 	0.036872898 	 167282.58 	0.80875469 	-0.0099864076 	 1.9810597e-08 	-0.0018847475 	0.030131969 	 9.6565938e-09 	-0.001734367 	-0.0030565572 	 0.026487662 	-441.89558 	-189.00202 	 0.059325969 	-1.3511605e-05 	-6.4420789e-07 	 -0.2322174 	-1.6781836e-05 	9.5096321e-09 		0.03875 -3.2584906e-07 -5.3985422e-07 100000 1
0.04 45064.999 	1.772081 	0.04006709 	 170343.7 	0.77559424 	-0.0084819925 	 1.9102004e-08 	-0.0017469758 	0.030206573 	 9.3723856e-09 	-0.0017222199 	-0.0030243864 	 0.025614377 	-423.02851 	-186.28538 	 0.068497359 	-1.2905565e-05 	-6.6614004e-07 	 -0.18591776 	-1.6319788e-05 	-3.8144335e-09 		0.04 -3.4174433e-07 -5.5986461e-07 100000 1
0.04125 43996.394 	1.7200266 	0.038870422 	 173819.89 	0.75220661 	-0.0048735096 	 1.8738088e-08 	-0.0018089491 	0.030292597 	 9.2810781e-09 	-0.0017350166 	-0.0029769078 	 0.024957124 	-407.65382 	-190.86509 	 0.076550505 	-1.2443019e-05 	-6.4441375e-07 	 -0.14619719 	-1.5957737e-05 	-3.8385986e-08 		0.04125 -3.5647875e-07 -5.7860975e-07 100000 1
0.0425 43036.418 	1.6631397 	0.039063281 	 177851.22 	0.72425923 	0.0020430093 	 1.8386908e-08 	-0.0018439885 	0.030385026 	 9.204613e-09 	-0.0017546809 	-0.002925431 	 0.024239349 	-393.66685 	-195.96641 	 0.083942382 	-1.1933267e-05 	-6.3665472e-07 	 -0.11088772 	-1.554627e-05 	-1.0611493e-07 		0.0425 -3.707276e-07 -5.9695667e-07 100000 1
0.04375 42152.71 	1.6001915 	0.039452592 	 182515.57 	0.6947886 	0.0043804906 	 1.7893612e-08 	-0.0018047713 	0.030473751 	 9.0312105e-09 	-0.0017652608 	-0.0028790692 	 0.023414954 	-379.54315 	-199.35896 	 0.090740135 	-1.1365718e-05 	-6.3089865e-07 	 -0.079942025 	-1.5119721e-05 	-1.2805792e-07 		0.04375 -3.8458108e-07 -6.1521395e-07 100000 1
0.045 41369.188 	1.5378809 	0.040017571 	 187773.32 	0.66882665 	0.0041108256 	 1.7342386e-08 	-0.0017670776 	0.030569723 	 8.8274242e-09 	-0.0017832431 	-0.0028271713 	 0.022593807 	-366.90528 	-204.15747 	 0.096845771 	-1.0806546e-05 	-6.2713228e-07 	 -0.054068091 	-1.472474e-05 	-1.2399056e-07 		0.045 -3.9778372e-07 -6.329792e-07 100000 1
0.04625 40674.887 	1.4781365 	0.039714839 	 193634.84 	0.64328562 	0.0030342773 	 1.6795796e-08 	-0.0017380093 	0.030674974 	 8.6092607e-09 	-0.0018029749 	-0.0027711114 	 0.021810044 	-355.59213 	-210.06924 	 0.10229184 	-1.0275297e-05 	-6.1488221e-07 	 -0.033292418 	-1.4331459e-05 	-1.1184501e-07 		0.04625 -4.1041436e-07 -6.5042939e-07 100000 1
0.0475 40068.584 	1.4185259 	0.04081531 	 200140.98 	0.612927 	0.0076549772 	 1.6206113e-08 	-0.0017076169 	0.030789478 	 8.3609003e-09 	-0.001828398 	-0.0027111001 	 0.021041456 	-345.60028 	-217.34088 	 0.1070867 	-9.7469986e-06 	-6.1681306e-07 	 -0.017845735 	-1.3888084e-05 	-1.5671886e-07 		0.0475 -4.2245675e-07 -6.673843e-07 100000 1
0.04875 39548.587 	1.357193 	0.041910246 	 207304.23 	0.58166327 	0.011407412 	 1.5698483e-08 	-0.0016707202 	0.030902586 	 8.1606002e-09 	-0.0018561594 	-0.0026460096 	 0.020239114 	-336.8668 	-225.56377 	 0.11126022 	-9.2018374e-06 	-6.1882699e-07 	 -0.007799447 	-1.3435534e-05 	-1.9294794e-07 		0.04875 -4.3394821e-07 -6.8394547e-07 100000 1
0.05 39098.577 	1.2942532 	0.043975842 	 215206.49 	0.55456174 	0.011741732 	 1.5081068e-08 	-0.0016067855 	0.031021442 	 7.8964806e-09 	-0.001881721 	-0.0025792407 	 0.019399271 	-329.0015 	-234.02893 	 0.11481008 	-8.6423211e-06 	-6.3075828e-07 	 -0.0035589323 	-1.3022359e-05 	-1.9505992e-07 		0.05 -4.4480124e-07 -7.0002633e-07 100000 1
0.05125 38718.993 	1.2326999 	0.04685382 	 223915.23 	0.52892856 	0.011180349 	 1.43767e-08 	-0.0015085209 	0.031150008 	 7.5634501e-09 	-0.0019031973 	-0.0025075646 	 0.018574459 	-322.37061 	-242.29748 	 0.11774617 	-8.0995482e-06 	-6.5107506e-07 	 -0.0054342338 	-1.2620899e-05 	-1.8815655e-07 		0.05125 -4.5507638e-07 -7.1585336e-07 100000 1
0.0525 38414.787 	1.1760303 	0.046079581 	 233191.66 	0.50447297 	0.013348706 	 1.3855359e-08 	-0.0015171117 	0.031291392 	 7.3376735e-09 	-0.0019435831 	-0.0024212216 	 0.017828765 	-318.82341 	-255.77716 	 0.12004433 	-7.6053022e-06 	-6.3513406e-07 	 -0.013208865 	-1.2232903e-05 	-2.0865077e-07 		0.0525 -4.6461124e-07 -7.3094359e-07 100000 1
0.05375 38190.481 	1.1193944 	0.044532512 	 243135.42 	0.48017455 	0.018554634 	 1.3478764e-08 	-0.0015593236 	0.031439629 	 7.2183811e-09 	-0.0019992916 	-0.0023214706 	 0.017084698 	-318.18934 	-272.7736 	 0.1217665 	-7.1103005e-06 	-6.1168714e-07 	 -0.02689633 	-1.1848658e-05 	-2.5961495e-07 		0.05375 -4.735178e-07 -7.4545384e-07 100000 1
0.055 37997.743 	1.0594637 	0.044806284 	 253976.88 	0.45445255 	0.02106245 	 1.300688e-08 	-0.0015436591 	0.031587623 	 7.0301474e-09 	-0.0020421619 	-0.0022211019 	 0.016276421 	-318.23219 	-288.66229 	 0.12292989 	-6.583809e-06 	-6.0665348e-07 	 -0.04715315 	-1.1448133e-05 	-2.8356672e-07 		0.055 -4.81886e-07 -7.5970111e-07 100000 1
0.05625 37849.929 	0.99959473 	0.045407761 	 265653.59 	0.4320468 	0.019704293 	 1.2442568e-08 	-0.0015184041 	0.031747734 	 6.7828276e-09 	-0.0020878966 	-0.0021113206 	 0.015458396 	-320.59257 	-306.07103 	 0.12353451 	-6.0592713e-06 	-6.0521238e-07 	 -0.073989274 	-1.107997e-05 	-2.6887588e-07 		0.05625 -4.8960454e-07 -7.7345595e-07 100000 1
0.0575 37733.619 	0.94185846 	0.044882701 	 278160 	0.41271957 	0.019330226 	 1.1893418e-08 	-0.0014977977 	0.031921212 	 6.5330564e-09 	-0.0021317662 	-0.0019920666 	 0.014667417 	-325.472 	-324.79066 	 0.12359873 	-5.557169e-06 	-5.9278233e-07 	 -0.10739994 	-1.0742237e-05 	-2.6400432e-07 		0.0575 -4.9675096e-07 -7.8689992e-07 100000 1
0.05875 37646.508 	0.88427953 	0.045334974 	 291547.82 	0.39016272 	0.025200744 	 1.1328671e-08 	-0.0014711653 	0.032103866 	 6.2796395e-09 	-0.0021781439 	-0.0018625866 	 0.013883625 	-333.11645 	-345.30714 	 0.12311733 	-5.0571961e-06 	-5.9035747e-07 	 -0.14771049 	-1.0371748e-05 	-3.2159798e-07 		0.05875 -5.032915e-07 -7.9990687e-07 100000 1
0.06 37582.644 	0.8251623 	0.046318176 	 305829.2 	0.36387284 	0.030126132 	 1.083178e-08 	-0.0014422755 	0.03228757 	 6.0703423e-09 	-0.0022216921 	-0.0017218969 	 0.013066934 	-343.75089 	-366.93949 	 0.12209762 	-4.5415785e-06 	-5.9348096e-07 	 -0.19506808 	-9.9649585e-06 	-3.6974808e-07 		0.06 -5.0925823e-07 -8.1253137e-07 100000 1
0.06125 37522.001 	0.76534628 	0.047393528 	 321026.41 	0.3401898 	0.029904558 	 1.0291591e-08 	-0.0014134229 	0.032483334 	 5.8363024e-09 	-0.0022620366 	-0.0015694234 	 0.012223325 	-357.88237 	-389.78426 	 0.12053813 	-4.0190847e-06 	-5.978519e-07 	 -0.24965509 	-9.584811e-06 	-3.6645093e-07 		0.06125 -5.1455583e-07 -8.2459066e-07 100000 1
0.0625 37452.161 	0.70698372 	0.05008533 	 337340.4 	0.32016344 	0.029606353 	 9.6546464e-09 	-0.0013509959 	0.032693725 	 5.5214466e-09 	-0.0022829367 	-0.0014043612 	 0.011391507 	-375.73455 	-410.3914 	 0.11838923 	-3.5127525e-06 	-6.1875722e-07 	 -0.3125447 	-9.2394359e-06 	-3.6230861e-07 		0.0625 -5.1920414e-07 -8.3633007e-07 100000 1
0.06375 37364.562 	0.64967898 	0.050418018 	 354561.21 	0.29766387 	0.033105091 	 9.0923938e-09 	-0.0013258068 	0.032917899 	 5.2589243e-09 	-0.0023085261 	-0.0012210339 	 0.010574642 	-399.06831 	-433.9728 	 0.11571756 	-3.0168738e-06 	-6.1637419e-07 	 -0.38268512 	-8.8705207e-06 	-3.961328e-07 		0.06375 -5.232508e-07 -8.4759221e-07 100000 1
0.065 37285.314 	0.59190262 	0.047355673 	 372642.38 	0.27238892 	0.037004404 	 8.7018998e-09 	-0.0013405867 	0.033153037 	 5.1240156e-09 	-0.0023539525 	-0.0010154002 	 0.0097410972 	-429.36165 	-463.37184 	 0.11254204 	-2.5142606e-06 	-5.8032829e-07 	 -0.45990393 	-8.4779524e-06 	-4.3400566e-07 		0.065 -5.2670759e-07 -8.5833921e-07 100000 1
0.06625 37146.061 	0.53225521 	0.045527069 	 391824.77 	0.24275678 	0.03539144 	 8.2931696e-09 	-0.0013331098 	0.033394538 	 4.9662809e-09 	-0.0023784871 	-0.00079530611 	 0.0088559767 	-465.16056 	-490.50165 	 0.10880513 	-1.9931303e-06 	-5.5697666e-07 	 -0.5453695 	-8.0422852e-06 	-4.1669388e-07 		0.06625 -5.2953134e-07 -8.6863739e-07 100000 1
0.0675 36944.936 	0.47124838 	0.04490221 	 412154.58 	0.21701235 	0.028482872 	 7.7885345e-09 	-0.0013094869 	0.033655137 	 4.7472288e-09 	-0.0023828028 	-0.00055573877 	 0.0079255623 	-508.08167 	-515.03449 	 0.1044927 	-1.4585971e-06 	-5.4608333e-07 	 -0.63935671 	-7.6462813e-06 	-3.4635183e-07 		0.0675 -5.3165375e-07 -8.7831604e-07 100000 1
0.06875 36665.431 	0.40973697 	0.042144153 	 433585.97 	0.19651984 	0.023038802 	 7.3173104e-09 	-0.001284082 	0.033935424 	 4.5381953e-09 	-0.0023697582 	-0.00029400846 	 0.0069699287 	-559.5356 	-537.08284 	 0.099631341 	-9.1877609e-07 	-5.1419776e-07 	 -0.74151482 	-7.3034707e-06 	-2.9057594e-07 		0.06875 -5.331432e-07 -8.8766194e-07 100000 1
0.07 36294.686 	0.34328984 	0.037779803 	 456160.55 	0.16739794 	0.023194375 	 6.8659388e-09 	-0.0012515855 	0.034227666 	 4.350904e-09 	-0.0023316256 	-6.7076722e-06 	 0.0059173343 	-620.90929 	-554.34133 	 0.094207467 	-3.2886037e-07 	-4.6653109e-07 	 -0.8520806 	-6.8766081e-06 	-2.9073905e-07 		0.07 -5.3394988e-07 -8.965428e-07 100000 1
0.07125 35812.9 	0.27065965 	0.031857103 	 479880.72 	0.13174773 	0.017762425 	 6.4984634e-09 	-0.0012119449 	0.034527203 	 4.2106715e-09 	-0.0022661348 	0.00030943934 	 0.0047248777 	-693.80818 	-565.27729 	 0.088221893 	3.233846e-07 	-4.0361416e-07 	 -0.97112178 	-6.3863669e-06 	-2.3494836e-07 		0.07125 -5.3397935e-07 -9.0485077e-07 100000 1
0.0725 35185.359 	0.18980549 	0.022930077 	 504738.77 	0.09573606 	0.0079406683 	 6.1644644e-09 	-0.0011721663 	0.034840876 	 4.0842434e-09 	-0.002152391 	0.00066069071 	 0.0033536178 	-780.94831 	-563.63939 	 0.08168597 	1.0588565e-06 	-3.109351e-07 	 -1.0985096 	-5.8952625e-06 	-1.3522706e-07 		0.0725 -5.3318997e-07 -9.1252029e-07 100000 1
0.07375 34347.557 	0.097999879 	0.016276337 	 530825.03 	0.052582045 	0.0036589514 	 5.7512318e-09 	-0.0011558016 	0.035150295 	 3.907223e-09 	-0.0019516161 	0.0010904356 	 0.0017562868 	-894.66731 	-537.2969 	 0.074569233 	1.9039288e-06 	-2.4124881e-07 	 -1.2347823 	-5.3336957e-06 	-9.0864607e-08 		0.07375 -5.3135445e-07 -9.1957901e-07 100000 1
0.075 32987.148 	0.051476491 	0.01489949 	 549031.02 	0.038154386 	0.0038554689 	 5.5423e-09 	-0.0011640981 	0.035288669 	 3.8099e-09 	-0.0018468843 	0.001299129 	 0.0009454218 	-938.66572 	-526.21588 	 0.071325178 	2.30148e-06 	-2.247522e-07 	 -1.296314 	-5.07e-06 	-9.1327e-08 		0.075 -5.2858229e-07 -9.2553699e-07 100000 1
