# x jRe_x jRe_y jRe_z jIm_x jIm_y jIm_z BRe_x BRe_y BRe_z BIm_x BIm_y BIm_z F_x F_y F_z VReGrad_x VReGrad_y VReGrad_z VImGrad_x VImGrad_y VImGrad_z s VRe VIm sigma mur
-0.035 -13677.096 	35962.834 	5406.545 	 -245073.76 	378779.12 	85368.609 	 0.0041107009 	0.0019119195 	0.029955115 	 -0.00014149839 	-0.00026951856 	0.0032194691 	 1155.3859 	603.90755 	-28.167781 	 -0.46724321 	0.43569613 	0.00046314439 	 -2.1323017 	2.642267 	-0.071786159 		-0.035 0.0028296172 0.012864597 1200000 1
-0.03375 -86862.697 	76149.444 	6618.3308 	 -439170.17 	382047.31 	78381.989 	 0.0039598714 	0.0018718781 	0.02981197 	 -0.00018794097 	-0.00027548276 	0.0030351569 	 1708.6164 	1957.4517 	-130.05619 	 -0.45152669 	0.42282702 	0.00055293855 	 -1.9521515 	2.4619187 	-0.066129403 		-0.03375 0.0022247024 0.010068244 1200000 1
-0.0325 -182459.25 	85380.94 	8634.7823 	 -801950.18 	303421.05 	88161.706 	 0.0036808761 	0.0018844033 	0.029578905 	 -0.00019041573 	-0.00028231415 	0.0028082871 	 1661.6992 	3842.8732 	-181.87469 	 -0.41491532 	0.4225889 	-0.00018203245 	 -1.6408156 	2.3797609 	-0.07444317 		-0.0325 0.0016809989 0.0078596102 1200000 1
-0.03125 -283625.6 	90140.903 	10296.231 	 -1100573.8 	250817.55 	94135.497 	 0.0034223817 	0.0018962747 	0.029282009 	 -0.00018767002 	-0.00029330436 	0.0026315877 	 1611.3759 	5633.5715 	-234.15482 	 -0.37474114 	0.42112283 	-0.00077598781 	 -1.3809094 	2.2809926 	-0.079579038 		-0.03125 0.0011864263 0.0060020486 1200000 1
-0.03 -385935.08 	89902.341 	11605.969 	 -1347787.4 	206237.66 	97103.684 	 0.0031817544 	0.001908475 	0.029050143 	 -0.00018003424 	-0.00030245831 	0.0025637969 	 1525.3606 	7389.0857 	-286.36246 	 -0.33381764 	0.41925039 	-0.0012215123 	 -1.1619131 	2.1806362 	-0.082200558 		-0.03 0.00074412131 0.0044419962 1200000 1
-0.02875 -485716.64 	87709.632 	12582.807 	 -1550398 	169648.66 	97805.086 	 0.0029573198 	0.0019204499 	0.028855804 	 -0.00017033272 	-0.00030996088 	0.0025711616 	 1439.9241 	9062.2257 	-339.74535 	 -0.29433988 	0.41520839 	-0.0015344451 	 -0.97861223 	2.0784735 	-0.082918567 		-0.02875 0.00035274005 0.0031307614 1200000 1
-0.0275 -582007.17 	84957.443 	13259.372 	 -1718517.8 	142974.14 	96831.726 	 0.0027477568 	0.0019322668 	0.028689043 	 -0.00015940551 	-0.00031570037 	0.0026285284 	 1362.4275 	10682.628 	-395.85651 	 -0.25656673 	0.4083933 	-0.0017359132 	 -0.82295405 	1.9727311 	-0.082223168 		-0.0275 9.9067617e-06 0.002027835 1200000 1
-0.02625 -674198.8 	81232.111 	13668.526 	 -1860175 	120607.33 	94610.357 	 0.0025514147 	0.0019438352 	0.028548671 	 -0.0001480686 	-0.00031990137 	0.0027214827 	 1282.1265 	12232.178 	-452.56982 	 -0.22064295 	0.39967326 	-0.0018448631 	 -0.68856237 	1.8678244 	-0.080467977 		-0.02625 -0.00028636653 0.0011046649 1200000 1
-0.025 -761855.39 	77442.87 	13845.133 	 -1980183.1 	102965.49 	91475.802 	 0.0023672133 	0.0019551484 	0.028428686 	 -0.00013694032 	-0.0003229252 	0.0028340577 	 1206.5804 	13721.589 	-510.58263 	 -0.1866779 	0.38869383 	-0.0018808089 	 -0.57170887 	1.7632064 	-0.077930709 		-0.025 -0.00053880811 0.00033668741 1200000 1
-0.02375 -844765.25 	73089.179 	13821.98 	 -2082598 	87958.058 	87683.642 	 0.0021938601 	0.0019661381 	0.028330986 	 -0.00012605001 	-0.00032484004 	0.0029648668 	 1128.3102 	15140.148 	-568.20988 	 -0.15469606 	0.37624734 	-0.0018595273 	 -0.4692507 	1.660353 	-0.074824096 		-0.02375 -0.00074966918 -0.00029532603 1200000 1
-0.0225 -922750.64 	68865.858 	13629.673 	 -2170185.4 	75487.102 	83426.852 	 0.0020304398 	0.0019767511 	0.028247909 	 -0.0001158465 	-0.00032614821 	0.0030997086 	 1054.4025 	16488.49 	-625.57726 	 -0.12473151 	0.36206113 	-0.00179605 	 -0.37910762 	1.5591301 	-0.071308921 		-0.0225 -0.00092172965 -0.00080808016 1200000 1
-0.02125 -995793.6 	64322.492 	13295.844 	 -2245324.9 	64846.768 	78858.979 	 0.0018759191 	0.0019869544 	0.028183646 	 -0.00010607913 	-0.00032670511 	0.0032427742 	 978.81721 	17764.404 	-681.64597 	 -0.096756053 	0.34678162 	-0.0017018258 	 -0.29947675 	1.4598632 	-0.067513916 		-0.02125 -0.001057317 -0.0012156024 1200000 1
-0.02 -1063858.8 	59993.116 	12844.536 	 -2309816.1 	55711.11 	74089.394 	 0.001729522 	0.0019966792 	0.028129032 	 -9.7066713e-05 	-0.0003270599 	0.0033813708 	 907.67817 	18962.79 	-736.13996 	 -0.070762195 	0.33019568 	-0.001587155 	 -0.22903749 	1.3626045 	-0.063530937 		-0.02 -0.0011591325 -0.00153009 1200000 1
-0.01875 -1127030.8 	55499.07 	12297.31 	 -2365208.7 	47941.807 	69207.249 	 0.001590408 	0.0020059325 	0.028089998 	 -8.8496873e-05 	-0.00032691528 	0.0035219416 	 835.89025 	20088.083 	-788.60895 	 -0.046694948 	0.31281267 	-0.0014597859 	 -0.1666328 	1.2672183 	-0.059435578 		-0.01875 -0.0012294776 -0.0017622695 1200000 1
-0.0175 -1185353.9 	51243.782 	11672.106 	 -2412761.9 	41119.243 	64271.02 	 0.0014579169 	0.0020146294 	0.028056468 	 -8.0596039e-05 	-0.00032681734 	0.003653458 	 768.4529 	21131.973 	-838.52339 	 -0.024523674 	0.29446945 	-0.0013263644 	 -0.1113554 	1.1738392 	-0.055277659 		-0.0175 -0.0012709096 -0.0019214464 1200000 1
-0.01625 -1238961.4 	46921.052 	10984.64 	 -2453542.4 	35349.297 	59330.864 	 0.0013313521 	0.0020228055 	0.028035644 	 -7.3074575e-05 	-0.00032636698 	0.003783038 	 701.12183 	22103.459 	-885.90336 	 -0.0041829384 	0.27555746 	-0.0011915519 	 -0.062414452 	1.0821435 	-0.051100481 		-0.01625 -0.0012856473 -0.0020160799 1200000 1
-0.015 -1287937.8 	42830.079 	10247.553 	 -2488465.2 	30191.64 	54415.312 	 0.0012101493 	0.0020303747 	0.028016984 	 -6.6089986e-05 	-0.00032610458 	0.0039012358 	 637.81419 	22992.389 	-930.05723 	 0.014368839 	0.25595427 	-0.0010591457 	 -0.019159267 	0.99229146 	-0.046929057 		-0.015 -0.0012760794 -0.0020534997 1200000 1
-0.01375 -1332433.1 	38729.808 	9471.9965 	 -2518286.1 	25851.08 	49549.73 	 0.0010937179 	0.0020373994 	0.028008599 	 -5.9404708e-05 	-0.00032557899 	0.0040150466 	 575.07917 	23810.62 	-971.3437 	 0.031198511 	0.23595428 	-0.00093175277 	 0.018970878 	0.90389299 	-0.042786038 		-0.01375 -0.0012443162 -0.0020405396 1200000 1
-0.0125 -1372546.4 	34837.23 	8666.5713 	 -2543683.3 	21912.24 	44744.018 	 0.00098156845 	0.0020437862 	0.027999768 	 -5.3128775e-05 	-0.00032530992 	0.0041164493 	 515.87904 	24546.952 	-1008.98 	 0.046350542 	0.21546763 	-0.000811243 	 0.052453713 	0.81709761 	-0.038680921 		-0.0125 -0.001192575 -0.0019831289 1200000 1
-0.01125 -1408423.9 	30966.819 	7838.5989 	 -2565194.4 	18603.78 	40008.891 	 0.00087319129 	0.0020496106 	0.027999217 	 -4.7077367e-05 	-0.00032481473 	0.0042119829 	 457.47851 	25214.865 	-1043.561 	 0.059886684 	0.19471114 	-0.00069854592 	 0.081690663 	0.73151064 	-0.034624057 		-0.01125 -0.0011228517 -0.0018869084 1200000 1
-0.01 -1440163.1 	27271.275 	6993.6094 	 -2583323 	15557.754 	35344.295 	 0.00076815513 	0.0020547818 	0.027996231 	 -4.1324334e-05 	-0.00032460386 	0.0042947971 	 402.02572 	25802.504 	-1074.2445 	 0.071849098 	0.17362089 	-0.0005941724 	 0.10703322 	0.64725202 	-0.030616587 		-0.01 -0.0010372061 -0.0017568051 1200000 1
-0.00875 -1467894.7 	23610.791 	6136.4736 	 -2598444.9 	12985.824 	30751.176 	 0.0006660102 	0.0020593901 	0.027999959 	 -3.5733214e-05 	-0.0003241896 	0.0043708362 	 347.40712 	26324.105 	-1101.7726 	 0.082291517 	0.15235296 	-0.00049823193 	 0.12876611 	0.56395466 	-0.026660593 		-0.00875 -0.00093752593 -0.0015975823 1200000 1
-0.0075 -1491702.6 	20088.084 	5270.5349 	 -2610929.7 	10583.554 	26222.908 	 0.00056636712 	0.0020633385 	0.027999791 	 -3.0351631e-05 	-0.00032406396 	0.0044342057 	 295.10232 	26767.397 	-1125.2742 	 0.091249655 	0.1308641 	-0.00041035476 	 0.14714434 	0.48169452 	-0.022751652 		-0.0075 -0.00082573433 -0.0014134562 1200000 1
-0.00625 -1511694.4 	16601.092 	4398.4767 	 -2621028.9 	8521.1563 	21755.311 	 0.00046882156 	0.0020667195 	0.028005155 	 -2.508038e-05 	-0.00032373449 	0.0044902981 	 243.53467 	27146.83 	-1145.5845 	 0.098766478 	0.10926328 	-0.00032975242 	 0.16236278 	0.40015002 	-0.018887444 		-0.00625 -0.00070362788 -0.001208554 1200000 1
-0.005 -1527933.9 	13212.989 	3522.2161 	 -2629004.8 	6562.0234 	17339.072 	 0.00037301377 	0.0020694401 	0.0280056 	 -1.9945431e-05 	-0.00032368955 	0.0045339051 	 193.6221 	27449.787 	-1161.8089 	 0.10486945 	0.087524797 	-0.000255551 	 0.17459944 	0.31934782 	-0.015061219 		-0.005 -0.0005730207 -0.00098660532 1200000 1
-0.00375 -1540501.3 	9852.6903 	2643.4253 	 -2635009.2 	4821.5659 	12966.221 	 0.0002785716 	0.0020716004 	0.028010764 	 -1.487885e-05 	-0.00032344546 	0.0045699425 	 144.24693 	27690.593 	-1174.8299 	 0.10958995 	0.065721671 	-0.00018677581 	 0.18397734 	0.23902043 	-0.011267388 		-0.00375 -0.00043563935 -0.00075129315 1200000 1
-0.0025 -1549434.6 	6551.7917 	1763.0122 	 -2639213.9 	3137.0664 	8625.4481 	 0.00018515243 	0.0020731007 	0.028010366 	 -9.8894781e-06 	-0.00032347866 	0.0045936857 	 95.865381 	27856.314 	-1183.7432 	 0.1129447 	0.043843811 	-0.00012216349 	 0.19060909 	0.15913796 	-0.0074974771 		-0.0025 -0.0002932184 -0.00050604042 1200000 1
-0.00125 -1554784.4 	3266.0812 	881.62018 	 -2641684.8 	1560.1196 	4307.0475 	 9.2406355e-05 	0.0020740377 	0.028014203 	 -4.9328033e-06 	-0.00032330569 	0.0046097374 	 47.769392 	27960.989 	-1189.4572 	 0.11495281 	0.02193646 	-6.0292717e-05 	 0.19455526 	0.079491687 	-0.0037443653 		-0.00125 -0.0001474418 -0.00025424897 1200000 1
1.0842022e-17 -1556561 	0.1358346 	-0.211796 	 -2642513.2 	0.17704 	-0.059825 	 -1.55815e-09 	0.002074316 	0.028012162 	 -6.681e-10 	-0.00032340626 	0.0046136086 	 0.002462029 	27991.328 	-1191.0574 	 0.11561996 	5.5357e-06 	1.7772295e-07 	 0.19587 	-5.8317e-06 	2.59635e-07 		1.0842022e-17 4.2159125e-09 8.0925494e-07 1200000 1
0.00125 -1554784.4 	-3265.8835 	-882.04628 	 -2641685 	-1559.8835 	-4307.2664 	 -9.240939e-05 	0.0020740373 	0.028014203 	 4.9317165e-06 	-0.00032330529 	0.0046097372 	 -47.765833 	27960.989 	-1189.4574 	 0.11495282 	-0.021925328 	6.0650229e-05 	 0.19455549 	-0.07950325 	0.003744967 		0.00125 0.00014745024 0.00025586763 1200000 1
0.0025 -1549434.5 	-6551.6378 	-1763.432 	 -2639214 	-3136.8236 	-8625.7296 	 -0.00018515539 	0.0020731002 	0.028010369 	 9.888738e-06 	-0.0003234783 	0.0045936826 	 -95.862525 	27856.312 	-1183.7432 	 0.11294473 	-0.043832646 	0.00012251616 	 0.19060931 	-0.15914953 	0.0074981301 		0.0025 0.00029322688 0.00050765951 1200000 1
0.00375 -1540501.3 	-9852.5145 	-2643.8558 	 -2635009.1 	-4821.1481 	-12966.499 	 -0.00027857458 	0.0020715999 	0.028010766 	 1.487818e-05 	-0.00032344508 	0.0045699383 	 -144.24335 	27690.589 	-1174.8301 	 0.10958999 	-0.065710535 	0.00018713817 	 0.18397729 	-0.23903213 	0.011268038 		0.00375 0.00043564788 0.00075291236 1200000 1
0.005 -1527934 	-13212.821 	-3522.6538 	 -2629004.5 	-6561.5678 	-17339.336 	 -0.00037301677 	0.0020694397 	0.0280056 	 1.99447e-05 	-0.00032368924 	0.0045339017 	 -193.6185 	27449.783 	-1161.8092 	 0.10486953 	-0.087513668 	0.0002559205 	 0.17459927 	-0.31935953 	0.015061856 		0.005 0.0005730293 0.00098822428 1200000 1
0.00625 -1511694.5 	-16600.923 	-4398.8952 	 -2621028.7 	-8520.7245 	-21755.529 	 -0.00046882454 	0.0020667191 	0.028005154 	 2.5079632e-05 	-0.00032373426 	0.0044902955 	 -243.53114 	27146.826 	-1145.5846 	 0.098766578 	-0.10925216 	0.00033010739 	 0.16236263 	-0.40016168 	0.01888804 		0.00625 0.0007036366 0.0012101728 1200000 1
0.0075 -1491702.7 	-20087.918 	-5270.9422 	 -2610929.4 	-10583.153 	-26223.125 	 -0.00056637008 	0.0020633381 	0.027999788 	 3.0350908e-05 	-0.00032406386 	0.0044342035 	 -295.09889 	26767.392 	-1125.2741 	 0.091249753 	-0.13085299 	0.000410702 	 0.14714414 	-0.48170612 	0.022752246 		0.0075 0.00082574318 0.0014150748 1200000 1
0.00875 -1467894.8 	-23610.628 	-6136.8779 	 -2598444.6 	-12985.418 	-30751.39 	 -0.00066601315 	0.0020593897 	0.027999955 	 3.5732462e-05 	-0.00032418959 	0.004370834 	 -347.40368 	26324.1 	-1101.7725 	 0.08229162 	-0.15234187 	0.00049857848 	 0.12876589 	-0.56396623 	0.026661182 		0.00875 0.0009375349 0.0015992006 1200000 1
0.01 -1440163.2 	-27271.109 	-6994.0144 	 -2583322.6 	-15557.319 	-35344.508 	 -0.00076815807 	0.0020547814 	0.027996225 	 4.1323558e-05 	-0.00032460389 	0.0042947946 	 -402.02218 	25802.499 	-1074.2443 	 0.071849222 	-0.17360983 	0.00059452148 	 0.10703302 	-0.64726358 	0.030617172 		0.01 0.0010372153 0.0017584231 1200000 1
0.01125 -1408424.1 	-30966.656 	-7839 	 -2565194 	-18603.343 	-40009.085 	 -0.00087319418 	0.0020496101 	0.027999211 	 4.7076656e-05 	-0.00032481479 	0.00421198 	 -457.47503 	25214.858 	-1043.5609 	 0.059886828 	-0.19470009 	0.00069889395 	 0.081690413 	-0.73152215 	0.034624623 		0.01125 0.001122861 0.0018885262 1200000 1
0.0125 -1372546.5 	-34837.072 	-8666.9664 	 -2543682.8 	-21911.815 	-44744.195 	 -0.0009815713 	0.0020437858 	0.027999761 	 5.3128121e-05 	-0.00032531 	0.0041164457 	 -515.87565 	24546.945 	-1008.9799 	 0.046350698 	-0.2154566 	0.00081158838 	 0.052453346 	-0.81710905 	0.03868147 		0.0125 0.0011925845 0.0019847463 1200000 1
0.01375 -1332433.3 	-38729.647 	-9472.3879 	 -2518285.4 	-25850.634 	-49549.922 	 -0.0010937207 	0.002037399 	0.028008592 	 5.9404017e-05 	-0.00032557909 	0.0040150425 	 -575.07567 	23810.612 	-971.34362 	 0.031198684 	-0.23594328 	0.00093209738 	 0.018970434 	-0.90390439 	0.042786596 		0.01375 0.0012443258 0.0020421565 1200000 1
0.015 -1287938.1 	-42829.914 	-10247.94 	 -2488464.6 	-30191.171 	-54415.515 	 -0.0012101521 	0.0020303742 	0.028016977 	 6.6089268e-05 	-0.00032610471 	0.0039012314 	 -637.81057 	22992.381 	-930.05711 	 0.014369038 	-0.2559433 	0.001059489 	 -0.019159704 	-0.99230282 	0.046929619 		0.015 0.0012760893 0.002055116 1200000 1
0.01625 -1238961.7 	-46920.889 	-10985.018 	 -2453541.8 	-35348.842 	-59331.037 	 -0.0013313549 	0.002022805 	0.028035636 	 7.3073954e-05 	-0.00032636714 	0.0037830331 	 -701.11826 	22103.451 	-885.90323 	 -0.0041827206 	-0.27554652 	0.0011918901 	 -0.062414909 	-1.0821548 	0.051101014 		0.01625 0.0012856575 0.0020176956 1200000 1
0.0175 -1185354.2 	-51243.622 	-11672.475 	 -2412761.2 	-41118.819 	-64271.153 	 -0.0014579196 	0.0020146289 	0.02805646 	 8.0595557e-05 	-0.00032681745 	0.0036534523 	 -768.4494 	21131.964 	-838.52333 	 -0.024523446 	-0.29445855 	0.0013266981 	 -0.11135594 	-1.1738504 	0.055278153 		0.0175 0.00127092 0.0019230615 1200000 1
0.01875 -1127031.1 	-55498.91 	-12297.675 	 -2365207.9 	-47941.38 	-69207.372 	 -0.0015904106 	0.0020059318 	0.028089989 	 8.8496419e-05 	-0.00032691532 	0.0035219355 	 -835.88667 	20088.074 	-788.60899 	 -0.046694707 	-0.31280181 	0.0014601193 	 -0.16663337 	-1.2672294 	0.059436058 		0.01875 0.0012294884 0.0017638839 1200000 1
0.02 -1063859.1 	-59992.953 	-12844.894 	 -2309815.3 	-55710.673 	-74089.514 	 -0.0017295246 	0.0019966785 	0.028129022 	 9.7066256e-05 	-0.00032705991 	0.0033813645 	 -907.67448 	18962.782 	-736.14005 	 -0.070761937 	-0.33018487 	0.0015874866 	 -0.22903805 	-1.3626155 	0.06353141 		0.02 0.0011591436 0.0015317037 1200000 1
0.02125 -995793.98 	-64322.336 	-13296.19 	 -2245324.1 	-64846.348 	-78859.09 	 -0.0018759215 	0.0019869538 	0.028183635 	 0.00010607874 	-0.00032670525 	0.0032427678 	 -978.81364 	17764.396 	-681.64595 	 -0.096755794 	-0.34677085 	0.00170215 	 -0.29947729 	-1.4598741 	0.067514376 		0.02125 0.0010573284 0.0012172153 1200000 1
0.0225 -922751.03 	-68865.719 	-13630.006 	 -2170184.7 	-75486.697 	-83426.969 	 -0.0020304422 	0.0019767506 	0.028247898 	 0.00011584612 	-0.00032614879 	0.0030997018 	 -1054.3991 	16488.482 	-625.57689 	 -0.12473126 	-0.3620504 	0.0017963654 	 -0.37910814 	-1.5591409 	0.071309379 		0.0225 0.00092174141 0.00080969246 1200000 1
0.02375 -844765.67 	-73089.044 	-13822.306 	 -2082597.3 	-87957.645 	-87683.754 	 -0.0021938624 	0.0019661379 	0.028330974 	 0.00012604952 	-0.00032484114 	0.0029648595 	 -1128.3067 	15140.14 	-568.20913 	 -0.15469582 	-0.37623667 	0.0018598401 	 -0.46925118 	-1.6603637 	0.074824543 		0.02375 0.00074968123 0.00029693765 1200000 1
0.025 -761855.82 	-77442.734 	-13845.456 	 -1980182.6 	-102965.04 	-91475.903 	 -0.0023672156 	0.0019551483 	0.028428673 	 0.0001369397 	-0.00032292647 	0.0028340497 	 -1206.5768 	13721.582 	-510.58181 	 -0.18667766 	-0.38868323 	0.0018811223 	 -0.57170925 	-1.763217 	0.077931139 		0.025 0.00053882047 -0.00033507636 1200000 1
0.02625 -674199.24 	-81231.991 	-13668.846 	 -1860174.5 	-120606.87 	-94610.438 	 -0.002551417 	0.0019438348 	0.028548658 	 0.00014806808 	-0.00031990233 	0.0027214738 	 -1282.123 	12232.171 	-452.56927 	 -0.22064272 	-0.39966272 	0.0018451772 	 -0.6885627 	-1.8678349 	0.080468383 		0.02625 0.0002863792 -0.0011030543 1200000 1
0.0275 -582007.6 	-84957.337 	-13259.692 	 -1718517.4 	-142973.71 	-96831.773 	 -0.0027477589 	0.0019322659 	0.02868903 	 0.00015940521 	-0.00031570092 	0.0026285186 	 -1362.424 	10682.621 	-395.85625 	 -0.25656651 	-0.40838282 	0.0017362298 	 -0.82295434 	-1.9727415 	0.082223538 		0.0275 -9.8937942e-06 -0.0020262248 1200000 1
0.02875 -485717.05 	-87709.527 	-12583.129 	 -1550397.6 	-169648.21 	-97805.149 	 -0.0029573216 	0.0019204484 	0.028855789 	 0.00017033249 	-0.00030996102 	0.0025711511 	 -1439.9203 	9062.22 	-339.74531 	 -0.29433969 	-0.415198 	0.0015347665 	 -0.97861243 	-2.0784838 	0.08291894 		0.02875 -0.00035272681 -0.0031291515 1200000 1
0.03 -385935.44 	-89902.237 	-11606.292 	 -1347787.2 	-206237.17 	-97103.797 	 -0.0031817561 	0.001908473 	0.029050128 	 0.00018003402 	-0.0003024581 	0.0025637857 	 -1525.3564 	7389.0809 	-286.36258 	 -0.33381749 	-0.41924009 	0.0012218375 	 -1.1619132 	-2.1806464 	0.082200963 		0.03 -0.00074410784 -0.0044403865 1200000 1
0.03125 -283625.9 	-90140.819 	-10296.55 	 -1100573.7 	-250817.08 	-94135.626 	 -0.0034223833 	0.0018962727 	0.029281993 	 0.00018766985 	-0.00029330423 	0.0026315754 	 -1611.3716 	5633.5674 	-234.15491 	 -0.37474105 	-0.42111263 	0.00077631211 	 -1.3809094 	-2.2810027 	0.079579447 		0.03125 -0.0011864127 -0.0060004389 1200000 1
0.0325 -182459.47 	-85380.883 	-8635.0979 	 -801950.14 	-303420.64 	-88161.83 	 -0.0036808776 	0.0018844016 	0.029578889 	 0.00019041572 	-0.0002823144 	0.0028082734 	 -1661.6948 	3842.87 	-181.87465 	 -0.41491531 	-0.42257878 	0.00018235698 	 -1.6408156 	-2.3797708 	0.074443564 		0.0325 -0.0016809852 -0.0078580006 1200000 1
0.03375 -86862.813 	-76149.425 	-6618.6393 	 -439170.13 	-382046.96 	-78382.112 	 -0.0039598728 	0.0018718766 	0.029811953 	 0.00018794109 	-0.0002754833 	0.0030351414 	 -1708.6117 	1957.4499 	-130.05614 	 -0.45152676 	-0.422817 	-0.00055261658 	 -1.9521515 	-2.4619285 	0.066129787 		0.03375 -0.0022246887 -0.010066635 1200000 1
0.035 -20948.356 	-64595.959 	-4895.7516 	 -237053.5 	-521611.86 	-72556.638 	 -0.0041040562 	0.0018653841 	0.029923215 	 0.00018505568 	-0.00027233764 	0.0031791096 	 -1796.9615 	694.47155 	-65.758128 	 -0.46868414 	-0.42186341 	-0.00095230511 	 -2.1228211 	-2.4901684 	0.061120205 		0.035 -0.0028090652 -0.012742862 1200000 1
