# y jRe_x jRe_y jRe_z jIm_x jIm_y jIm_z BRe_x BRe_y BRe_z BIm_x BIm_y BIm_z F_x F_y F_z VReGrad_x VReGrad_y VReGrad_z VImGrad_x VImGrad_y VImGrad_z s VRe VIm sigma mur
-0.075 -11012067 	-1277.1429 	555.99858 	 -18492913 	1415.5176 	1093.0836 	 1.636988e-06 	0.030504049 	0.048279053 	 -6.9549407e-07 	0.012166116 	0.0056402947 	 -41.937914 	317978.26 	-280449.07 	 -2.1745353 	-4.2954e-06 	-0.00018334327 	 4.1292668 	0.000225846 	-0.0012060658 		-0.075 -4.1183692e-05 -0.00020021193 1200000 1
-0.07375 -11633455 	0.53897 	-0.540515 	 -13626343 	-2.114547 	1.14035 	 1.40835e-08 	0.029088646 	0.044110341 	 7.79539e-09 	0.0081060814 	-8.2675125e-05 	 0.0183847 	262555.82 	-227728.17 	 -2.2375331 	4.504e-05 	6.559226e-06 	 3.6901571 	-0.0002363045 	2.0314e-06 		-0.07375 -3.8568154e-06 1.7947013e-05 1200000 1
-0.0725 -11132181 	0.021115 	0.587095 	 -10031127 	-4.60926 	1.867045 	 1.3982e-08 	0.030804019 	0.033759226 	 5.278515e-09 	0.0063491735 	-0.008527975 	 0.00896906 	149277.3 	-207254.9 	 -2.3675793 	4.55954e-05 	5.604293e-06 	 2.8819383 	-0.000236408 	1.4994e-06 		-0.0725 -3.8004747e-06 1.7651139e-05 1200000 1
-0.07125 -10140783 	-0.38185 	0.651077 	 -7312020.9 	-6.6178 	1.6823696 	 1.29595e-08 	0.030928852 	0.025148298 	 3.51325e-09 	0.0040878929 	-0.012315839 	 0.02108646 	84946.259 	-175310.52 	 -2.4935439 	4.598735e-05 	5.461842e-06 	 2.1089656 	-0.000236489 	1.73683e-06 		-0.07125 -3.7428212e-06 1.7355994e-05 1200000 1
-0.07 -8947157.7 	-0.14935 	-0.037647 	 -5337452.8 	-7.6162 	0.83198465 	 1.2616e-08 	0.029527379 	0.018041916 	 2.02835e-09 	0.0017334713 	-0.013584351 	 0.04971115 	46370.794 	-140124.92 	 -2.615707 	4.573425e-05 	5.912588e-06 	 1.3704272 	-0.000237298 	2.54223e-06 		-0.07 -3.6855466e-06 1.7059932e-05 1200000 1
-0.06875 -7725696.4 	-0.02375 	0.4354261 	 -3944579.2 	-7.89775 	1.2416685 	 1.3115e-08 	0.027482781 	0.012569584 	 9.141e-10 	-0.00037112355 	-0.013330691 	 0.04718298 	23336.255 	-108158.23 	 -2.734484 	4.54232e-05 	5.428013e-06 	 0.66476971 	-0.000238582 	2.26904e-06 		-0.06875 -3.6285192e-06 1.6762779e-05 1200000 1
-0.0675 -6588250.9 	-0.28385 	1.3243841 	 -2992051 	-7.863 	2.1411435 	 1.30545e-08 	0.025063624 	0.0085370169 	 2.395e-10 	-0.001855 	-0.01218298 	 0.03186825 	10724.245 	-82172.013 	 -2.8503013 	4.538835e-05 	4.650311e-06 	 -0.0092384295 	-0.000239831 	1.57179e-06 		-0.0675 -3.5720076e-06 1.6463497e-05 1200000 1
-0.06625 -5579118.2 	-1.01315 	0.8792265 	 -2361152.3 	-8.5741 	1.738965 	 1.21595e-08 	0.022550922 	0.0056424303 	 -5.3235e-10 	-0.0029306969 	-0.010717305 	 0.03375597 	3511.0588 	-61296.888 	 -2.9634743 	4.57681e-05 	4.995171e-06 	 -0.65240072 	-0.0002402395 	1.987245e-06 		-0.06625 -3.5150605e-06 1.6163218e-05 1200000 1
-0.065 -4720222.9 	-1.4416 	-0.0187595 	 -1953707.7 	-9.3241 	0.949265 	 1.185e-08 	0.020142492 	0.0036967989 	 -1.35545e-09 	-0.0034995269 	-0.0091421177 	 0.04104618 	109.28414 	-45676.292 	 -3.0742917 	4.588035e-05 	5.729726e-06 	 -1.2654945 	-0.0002406695 	2.727655e-06 		-0.065 -3.4575771e-06 1.5862921e-05 1200000 1
-0.06375 -4005030 	-1.2816 	0.4720585 	 -1698495.3 	-9.39225 	1.477655 	 1.27205e-08 	0.017868289 	0.002410277 	 -1.6571e-09 	-0.0037767576 	-0.0076959598 	 0.03340768 	-1577.4472 	-33771.386 	 -3.1830018 	4.555805e-05 	5.350676e-06 	 -1.8492033 	-0.000241685 	2.32844e-06 		-0.06375 -3.4003443e-06 1.5561577e-05 1200000 1
-0.0625 -3421427.1 	-1.27565 	1.424496 	 -1537830.3 	-9.5315 	2.309305 	 1.3031e-08 	0.015866666 	0.0016549941 	 -1.4794e-09 	-0.0037640024 	-0.0064107285 	 0.02220955 	-2008.0258 	-25238.264 	 -3.2898413 	4.54023e-05 	4.623287e-06 	 -2.4042934 	-0.000242457 	1.660885e-06 		-0.0625 -3.3436883e-06 1.5258733e-05 1200000 1
-0.06125 -2948989.6 	-1.8049 	1.020399 	 -1435989.9 	-10.62195 	2.0357 	 1.2208e-08 	0.014058281 	0.0012142904 	 -1.9025e-09 	-0.003597889 	-0.005359415 	 0.02272065 	-2042.8321 	-18909.969 	 -3.3950475 	4.569705e-05 	5.013947e-06 	 -2.9315437 	-0.0002423485 	1.947025e-06 		-0.06125 -3.2868385e-06 1.495543e-05 1200000 1
-0.06 -2567934.3 	-2.1691 	0.151243 	 -1364263.2 	-12.1227 	1.367515 	 1.1944e-08 	0.012527594 	0.0010258064 	 -2.49265e-09 	-0.0033144793 	-0.004507532 	 0.02708345 	-1753.343 	-14451.857 	 -3.4988486 	4.59193e-05 	5.7548545e-06 	 -3.4318249 	-0.0002420505 	2.57567e-06 		-0.06 -3.2294268e-06 1.4652859e-05 1200000 1
-0.05875 -2259323.6 	-1.7691 	0.599611 	 -1308388.1 	-12.93635 	1.715605 	 1.3174e-08 	0.011171445 	0.00094978725 	 -1.9344e-09 	-0.0029744462 	-0.0038580151 	 0.0233321 	-1474.0656 	-11165.362 	 -3.6014946 	4.571485e-05 	5.3914745e-06 	 -3.906038 	-0.0002423805 	2.32889e-06 		-0.05875 -3.1720302e-06 1.4350335e-05 1200000 1
-0.0575 -2006279.6 	-1.2879 	1.4681025 	 -1256702.6 	-13.18545 	2.219955 	 1.3774e-08 	0.010035686 	0.0009711031 	 -8.036e-10 	-0.0026178385 	-0.0033625241 	 0.0167661 	-1159.8849 	-8826.8272 	 -3.7032448 	4.55173e-05 	4.6840515e-06 	 -4.3551796 	-0.000243018 	1.94443e-06 		-0.0575 -3.1151381e-06 1.404694e-05 1200000 1
-0.05625 -1795735.5 	-1.5814 	1.024076 	 -1205665.7 	-13.77585 	1.87176 	 1.29615e-08 	0.0090319081 	0.001007346 	 -8.6365e-10 	-0.0022563595 	-0.0030036042 	 0.01665135 	-936.01412 	-7071.1893 	 -3.804384 	4.576035e-05 	5.058442e-06 	 -4.7802679 	-0.0002433375 	2.301505e-06 		-0.05625 -3.0582373e-06 1.3742787e-05 1200000 1
-0.055 -1616295.5 	-2.1896 	0.143612 	 -1152001.6 	-14.80035 	1.32225 	 1.26195e-08 	0.00818276 	0.001069797 	 -1.64195e-09 	-0.0019223458 	-0.0027403748 	 0.01943182 	-738.34807 	-5772.783 	 -3.9052003 	4.609275e-05 	5.7732055e-06 	 -5.1823835 	-0.0002434555 	2.836115e-06 		-0.055 -3.0007285e-06 1.3438596e-05 1200000 1
-0.05375 -1460398.7 	-2.1012 	0.535226 	 -1096381.9 	-15.2011 	1.51444 	 1.3938e-08 	0.007424727 	0.0011115207 	 -1.1335e-09 	-0.0016038968 	-0.0025561101 	 0.01735964 	-616.49626 	-4758.485 	 -4.0060068 	4.600945e-05 	5.431324e-06 	 -5.5626088 	-0.0002441195 	2.720994e-06 		-0.05375 -2.9429889e-06 1.3134171e-05 1200000 1
-0.0525 -1321381.5 	-1.72475 	1.359788 	 -1038777.5 	-14.5571 	1.8470665 	 1.4689e-08 	0.0067685966 	0.0011546828 	 -4.57e-11 	-0.001323503 	-0.0024222043 	 0.01293935 	-516.84264 	-3965.6164 	 -4.1071297 	4.577305e-05 	4.7616529e-06 	 -5.9220768 	-0.000245509 	2.470374e-06 		-0.0525 -2.8857013e-06 1.2828309e-05 1200000 1
-0.05125 -1195454.6 	-2.03275 	0.9504815 	 -980807.84 	-14.27215 	1.6060115 	 1.3951e-08 	0.0061730546 	0.0011713137 	 -2.9025e-10 	-0.001062178 	-0.0023287855 	 0.01278415 	-464.54799 	-3317.4297 	 -4.2089139 	4.59629e-05 	5.1426094e-06 	 -6.2619088 	-0.000246631 	2.714695e-06 		-0.05125 -2.8285568e-06 1.2520409e-05 1200000 1
-0.05 -1079107.2 	-2.55605 	0.1263825 	 -923205.78 	-15.1609 	1.2909025 	 1.39225e-08 	0.0056437262 	0.0011855626 	 -9.5465e-10 	-0.00083424783 	-0.0022579932 	 0.0154714 	-421.19524 	-2785.4167 	 -4.3117068 	4.63486e-05 	5.8663035e-06 	 -6.5832435 	-0.0002469705 	3.0211788e-06 		-0.05 -2.7707975e-06 1.2211734e-05 1200000 1
-0.04875 -970661.54 	-2.1532 	0.5252585 	 -867292.75 	-15.7341 	1.4984175 	 1.56975e-08 	0.0051548803 	0.0011784263 	 1.859e-10 	-0.0006218521 	-0.0022062671 	 0.01508074 	-404.22668 	-2335.9683 	 -4.415871 	4.630945e-05 	5.5749425e-06 	 -6.8871927 	-0.000247595 	2.8574938e-06 		-0.04875 -2.7126722e-06 1.190297e-05 1200000 1
-0.0475 -868365.61 	-1.27925 	1.348713 	 -813609.34 	-15.23975 	1.856744 	 1.70505e-08 	0.0047103743 	0.0011719649 	 2.2329e-09 	-0.00043370342 	-0.0021629245 	 0.01270888 	-387.59592 	-1956.9353 	 -4.5217802 	4.60595e-05 	4.958544e-06 	 -7.1748795 	-0.0002489765 	2.5487705e-06 		-0.0475 -2.6549894e-06 1.1592779e-05 1200000 1
-0.04625 -771530.89 	-1.17835 	0.981047 	 -762903.78 	-15.33225 	1.704254 	 1.6797e-08 	0.0042940989 	0.0011509383 	 2.649e-09 	-0.00025595666 	-0.0021284753 	 0.01331893 	-385.39453 	-1632.288 	 -4.6298184 	4.62386e-05 	5.347372e-06 	 -7.4473939 	-0.00024992 	2.6835905e-06 		-0.04625 -2.5975007e-06 1.1280571e-05 1200000 1
-0.045 -679251.67 	-1.4677 	0.1878125 	 -715352.14 	-16.6869 	1.417453 	 1.7219e-08 	0.0039094203 	0.001134247 	 2.3579e-09 	-9.3810012e-05 	-0.0020966368 	 0.01609094 	-380.25543 	-1356.8899 	 -4.7403704 	4.663155e-05 	6.0703145e-06 	 -7.7058126 	-0.000249981 	2.937605e-06 		-0.045 -2.5393688e-06 1.0967967e-05 1200000 1
-0.04375 -591193.47 	-0.88155 	0.5771115 	 -671258.48 	-17.51805 	1.6410735 	 1.93735e-08 	0.0035455439 	0.0011082371 	 4.0012e-09 	6.2448416e-05 	-0.0020697529 	 0.01645218 	-383.56425 	-1121.4121 	 -4.8538311 	4.658335e-05 	5.794066e-06 	 -7.9511708 	-0.000250403 	2.740265e-06 		-0.04375 -2.4809028e-06 1.0655581e-05 1200000 1
-0.0425 -506788.39 	0.0519 	1.3784785 	 -630514.44 	-17.26915 	2.0305705 	 2.082e-08 	0.0032057313 	0.0010888527 	 6.2376e-09 	0.00020971728 	-0.0020438006 	 0.01504333 	-383.66103 	-923.49936 	 -4.9706056 	4.62993e-05 	5.183753e-06 	 -8.1844906 	-0.0002515375 	2.393805e-06 		-0.0425 -2.4229211e-06 1.0341934e-05 1200000 1
-0.04125 -425776.48 	0.04665 	0.9987395 	 -593158.72 	-17.68175 	1.866882 	 2.04895e-08 	0.0028820821 	0.0010632442 	 6.24725e-09 	0.00035440287 	-0.0020216137 	 0.01573823 	-389.32418 	-756.58989 	 -5.0911078 	4.643265e-05 	5.5506335e-06 	 -8.4067533 	-0.00025217 	2.533465e-06 		-0.04125 -2.3651658e-06 1.0026749e-05 1200000 1
-0.04 -347704.51 	-0.43345 	0.2003415 	 -558951.56 	-19.16325 	1.4901635 	 2.066e-08 	0.0025776827 	0.0010451369 	 5.2699e-09 	0.00049472818 	-0.0020005119 	 0.01804864 	-392.75532 	-619.44797 	 -5.2157531 	4.678635e-05 	6.229572e-06 	 -8.6189071 	-0.0002520405 	2.86383e-06 		-0.04 -2.3068287e-06 9.7115251e-06 1200000 1
-0.03875 -272283.34 	-0.0114 	0.557385 	 -527827.47 	-19.8942 	1.6687805 	 2.2513e-08 	0.0022861588 	0.0010223604 	 6.68555e-09 	0.00063478732 	-0.0019829803 	 0.0184244 	-400.282 	-507.00302 	 -5.344967 	4.67105e-05 	5.9234685e-06 	 -8.8218547 	-0.00025237655 	2.70928e-06 		-0.03875 -2.2481834e-06 9.3966288e-06 1200000 1
-0.0375 -199089.34 	0.72555 	1.323973 	 -499504.68 	-19.45195 	1.9986105 	 2.3438e-08 	0.0020104021 	0.0010070762 	 8.61005e-09 	0.00077373163 	-0.0019669884 	 0.01719531 	-406.76927 	-418.60867 	 -5.4791886 	4.64072e-05 	5.280561e-06 	 -9.0164705 	-0.0002534666 	2.418069e-06 		-0.0375 -2.1900478e-06 9.0805562e-06 1200000 1
-0.03625 -127800.47 	0.43865 	0.9256295 	 -473886.15 	-19.5434 	1.731375 	 2.256e-08 	0.0017450461 	0.00098773302 	 7.9203e-09 	0.00091407316 	-0.0019544269 	 0.01733566 	-416.42726 	-350.33845 	 -5.6188668 	4.653765e-05 	5.6042555e-06 	 -9.2035849 	-0.0002542094 	2.646894e-06 		-0.03625 -2.1321782e-06 8.7629511e-06 1200000 1
-0.035 -58018.982 	-0.35075 	0.109195 	 -450714.53 	-20.4754 	1.283091 	 2.21455e-08 	0.0014927504 	0.00097550871 	 6.20615e-09 	0.001055779 	-0.0019438693 	 0.01869201 	-426.15818 	-302.01307 	 -5.764456 	4.690105e-05 	6.2521855e-06 	 -9.3839821 	-0.0002543811 	3.03412e-06 		-0.035 -2.0737157e-06 8.4450417e-06 1200000 1
-0.03375 10593.544 	-0.19535 	0.454919 	 -429912.83 	-20.51195 	1.383071 	 2.3418e-08 	0.0012488062 	0.00095943104 	 7.2703e-09 	0.001200302 	-0.0019363973 	 0.01852984 	-438.36592 	-270.67847 	 -5.9164234 	4.683485e-05 	5.92719e-06 	 -9.5583981 	-0.0002550833 	2.93396e-06 		-0.03375 -2.0149232e-06 8.1270188e-06 1200000 1
-0.0325 78394.059 	0.2263 	1.2239135 	 -411254.68 	-19.28745 	1.6881327 	 2.3734e-08 	0.0010158165 	0.00095000107 	 8.8299e-09 	0.0013484507 	-0.0019309323 	 0.01679804 	-451.54647 	-256.5878 	 -6.0752537 	4.655335e-05 	5.27988e-06 	 -9.7275267 	-0.0002566219 	2.642205e-06 		-0.0325 -1.9566381e-06 7.8073386e-06 1200000 1
-0.03125 145695.77 	-0.469 	0.8361555 	 -394691.11 	-18.62645 	1.4480497 	 2.2279e-08 	0.00078962839 	0.00093660312 	 7.3141e-09 	0.0015008881 	-0.0019277624 	 0.01597069 	-466.55171 	-257.60547 	 -6.2414438 	4.67038e-05 	5.618761e-06 	 -9.8920143 	-0.0002578608 	2.81789e-06 		-0.03125 -1.8985513e-06 7.4854552e-06 1200000 1
-0.03 212771.95 	-1.61295 	0.043183 	 -380054.75 	-18.98355 	1.1262773 	 2.1408e-08 	0.0005729644 	0.00092923703 	 4.8504e-09 	0.0016595062 	-0.0019262985 	 0.01632604 	-483.27446 	-274.39412 	 -6.4155005 	4.70636e-05 	6.295981e-06 	 -10.052444 	-0.00025840075 	3.06155e-06 		-0.03 -1.8398694e-06 7.1626867e-06 1200000 1
-0.02875 279876.74 	-1.6797 	0.4235825 	 -367372.64 	-18.6734 	1.3911958 	 2.2282e-08 	0.00036193503 	0.00091732533 	 5.36915e-09 	0.0018243551 	-0.0019258788 	 0.015797251 	-501.12115 	-305.51457 	 -6.5979442 	4.697695e-05 	6.003385e-06 	 -10.209346 	-0.00025928345 	2.78117e-06 		-0.02875 -1.7808713e-06 6.8394443e-06 1200000 1
-0.0275 347158.8 	-1.32305 	1.2388495 	 -356561.87 	-17.57335 	1.8925578 	 2.23795e-08 	0.00015967954 	0.00091025943 	 6.65825e-09 	0.0019988849 	-0.0019263143 	 0.014240011 	-521.16602 	-352.00197 	 -6.7893168 	4.666145e-05 	5.37766e-06 	 -10.363188 	-0.00026067895 	2.28399e-06 		-0.0275 -1.7224156e-06 6.5144498e-06 1200000 1
-0.02625 414774.45 	-1.9739 	0.881461 	 -347795.88 	-17.5778 	1.7011608 	 2.07855e-08 	-3.7694247e-05 	0.00089691804 	 4.80735e-09 	0.0021825135 	-0.0019260717 	 0.013944395 	-541.32175 	-413.08063 	 -6.9901714 	4.67795e-05 	5.733315e-06 	 -10.514382 	-0.00026142285 	2.385585e-06 		-0.02625 -1.6642251e-06 6.1877278e-06 1200000 1
-0.025 482701.62 	-2.8281 	0.093837 	 -341197.92 	-18.76035 	1.2812469 	 2.00265e-08 	-0.00022658026 	0.00088581388 	 2.5406e-09 	0.0023811492 	-0.001925856 	 0.015094075 	-563.73184 	-490.35759 	 -7.2010734 	4.70945e-05 	6.41575e-06 	 -10.663249 	-0.00026138155 	2.689475e-06 		-0.025 -1.6054523e-06 5.8608768e-06 1200000 1
-0.02375 551016.13 	-2.3403 	0.472574 	 -337273.7 	-19.2029 	1.5990769 	 2.1247e-08 	-0.00041144899 	0.000864524 	 3.72895e-09 	0.0025933827 	-0.0019233797 	 0.015440191 	-584.58282 	-584.08788 	 -7.4225973 	4.6945e-05 	6.10503e-06 	 -10.810045 	-0.00026177745 	2.353325e-06 		-0.02375 -1.5464662e-06 5.5342377e-06 1200000 1
-0.0225 619549.63 	-1.3158 	1.269042 	 -336549.15 	-19.18945 	2.2050045 	 2.16765e-08 	-0.00058858741 	0.00084022952 	 5.83915e-09 	0.0028289063 	-0.001920972 	 0.015098621 	-606.91854 	-697.33765 	 -7.6553406 	4.66055e-05 	5.439645e-06 	 -10.954932 	-0.00026246135 	1.7695e-06 		-0.0225 -1.4880858e-06 5.2064126e-06 1200000 1
-0.02125 688435.1 	-1.3759 	0.8392215 	 -340129.94 	-20.32505 	1.7482895 	 2.0281e-08 	-0.00076360584 	0.00079823553 	 4.6912e-09 	0.0030848078 	-0.0019164373 	 0.01635439 	-624.81465 	-832.47725 	 -7.8999022 	4.6725e-05 	5.764695e-06 	 -11.097997 	-0.0002624759 	2.104335e-06 		-0.02125 -1.4299537e-06 4.878086e-06 1200000 1
-0.02 757541.63 	-1.7738 	-0.029599 	 -349308.92 	-21.6313 	0.907168 	 1.9461e-08 	-0.00093421225 	0.0007441933 	 2.884e-09 	0.0033762294 	-0.0019157577 	 0.01832167 	-642.45896 	-996.912 	 -8.1568937 	4.6982e-05 	6.41684e-06 	 -11.2392 	-0.00026246705 	2.770075e-06 		-0.02 -1.3712897e-06 4.5501903e-06 1200000 1
-0.01875 827497.95 	-1.1456 	0.3276795 	 -366173.51 	-21.37295 	1.096001 	 2.05875e-08 	-0.0011077645 	0.00066041759 	 4.1776e-09 	0.0036974092 	-0.0019184743 	 0.01819802 	-651.54342 	-1197.8017 	 -8.4269208 	4.67845e-05 	6.055445e-06 	 -11.378409 	-0.00026352165 	2.538855e-06 		-0.01875 -1.3125095e-06 4.2218802e-06 1200000 1
-0.0175 898780.67 	-0.625 	1.1248595 	 -393184.6 	-20.45485 	1.775815 	 2.0339e-08 	-0.0012866366 	0.0005518648 	 5.57405e-09 	0.0040701613 	-0.0019373532 	 0.01671182 	-658.92164 	-1453.8251 	 -8.7106123 	4.65205e-05 	5.36424e-06 	 -11.515359 	-0.00026496155 	1.8739e-06 		-0.0175 -1.2543209e-06 3.8913776e-06 1200000 1
-0.01625 973465.73 	-1.4993 	0.681714 	 -433671.72 	-20.51355 	1.21443 	 1.7911e-08 	-0.0014797512 	0.00039820446 	 3.38175e-09 	0.0044834388 	-0.0019769282 	 0.0176615 	-654.57891 	-1781.8011 	 -9.0085782 	4.67155e-05 	5.720705e-06 	 -11.649684 	-0.0002657901 	2.258e-06 		-0.01625 -1.1962109e-06 3.5594716e-06 1200000 1
-0.015 1053849 	-2.43015 	-0.165776 	 -491544.15 	-20.3822 	0.354407 	 1.59375e-08 	-0.0016997836 	0.00020731113 	 8.677e-10 	0.004964879 	-0.0020616182 	 0.0195065 	-653.89526 	-2225.956 	 -9.3214448 	4.6893e-05 	6.439385e-06 	 -11.780843 	-0.000266813 	2.8771e-06 		-0.015 -1.1375432e-06 3.2268944e-06 1200000 1
-0.01375 1145183.1 	-2.09815 	0.3051195 	 -571131.91 	-18.7754 	0.850952 	 1.5846e-08 	-0.0019553783 	-4.0474119e-05 	 1.6422e-09 	0.0054946933 	-0.002205412 	 0.01849975 	-649.14591 	-2820.1265 	 -9.6498104 	4.65735e-05 	6.12708e-06 	 -11.908202 	-0.00026884495 	2.30445e-06 		-0.01375 -1.0789786e-06 2.8924057e-06 1200000 1
-0.0125 1253733.3 	-1.70575 	1.2653945 	 -677247.8 	-17.44635 	2.177984 	 1.4266e-08 	-0.0022766545 	-0.00032532392 	 2.84945e-09 	0.0061002669 	-0.0024491711 	 0.0163123 	-680.79648 	-3657.7438 	 -9.9943086 	4.6322e-05 	5.47872e-06 	 -12.030953 	-0.00027052905 	1.0053e-06 		-0.0125 -1.0210875e-06 2.5547237e-06 1200000 1
-0.01125 1390474.5 	-2.4837 	0.87291 	 -813490.52 	-18.16055 	1.769699 	 1.02575e-08 	-0.002666386 	-0.00065706725 	 8.64365e-10 	0.0067492687 	-0.0028209886 	 0.0217911 	-756.21986 	-4795.9011 	 -10.355539 	4.6535e-05 	5.955905e-06 	 -12.148237 	-0.0002706803 	1.17325e-06 		-0.01125 -9.6314169e-07 2.2160342e-06 1200000 1
-0.01 1568676 	-3.1176 	0.018325 	 -983101.29 	-18.8542 	0.664724 	 6.5055e-09 	-0.0031770689 	-0.00098587878 	 -1.019465e-09 	0.0074533266 	-0.0033794711 	 0.0307309 	-981.93616 	-6405.6151 	 -10.734142 	4.65175e-05 	6.80562e-06 	 -12.259021 	-0.0002708299 	1.92545e-06 		-0.01 -9.0471151e-07 1.8779902e-06 1200000 1
-0.00875 1807835.3 	-2.7542 	0.558245 	 -1184241.4 	-17.92645 	1.485819 	 4.38e-09 	-0.0037938649 	-0.0012925205 	 -6.00155e-10 	0.0081660807 	-0.0041668612 	 0.0339275 	-1414.5171 	-8559.7718 	 -11.130736 	4.6008e-05 	6.536775e-06 	 -12.362363 	-0.0002721366 	1.03345e-06 		-0.00875 -8.4679175e-07 1.5389321e-06 1200000 1
-0.0075 2131239.7 	-2.699 	1.531024 	 -1412028.7 	-17.608 	3.09429 	 3.88e-10 	-0.0045840699 	-0.0014666762 	 -2.83325e-10 	0.0088547675 	-0.0052478345 	 0.0381692 	-2317.6412 	-11510.428 	 -11.546007 	4.5678e-05 	5.92632e-06 	 -12.457264 	-0.00027280015 	-5.202e-07 		-0.0075 -7.8966066e-07 1.1975987e-06 1200000 1
-0.00625 2567912 	-3.68975 	1.222064 	 -1649062.5 	-19.30325 	2.581495 	 -6.081e-09 	-0.0054927803 	-0.0014247645 	 -2.2489e-09 	0.009465193 	-0.0066648244 	 0.0586217 	-3883.76 	-15285.028 	 -11.980644 	4.57065e-05 	6.320684e-06 	 -12.543224 	-0.00027180775 	-2.5265e-07 		-0.00625 -7.3258119e-07 8.5687106e-07 1200000 1
-0.005 3151145 	-4.6145 	0.478151 	 -1868694.1 	-20.1835 	0.99177 	 -1.1987e-08 	-0.0065620325 	-0.00094703757 	 -2.96615e-09 	0.0098811113 	-0.0084488839 	 0.0836931 	-6739.5149 	-20099.667 	 -12.435377 	4.56605e-05 	7.018184e-06 	 -12.619951 	-0.00027137965 	9.5005e-07 		-0.005 -6.7536709e-07 5.1806256e-07 1200000 1
-0.00375 3914061.3 	-4.4869 	0.663496 	 -2018270.1 	-17.4892 	1.073165 	 -1.65265e-08 	-0.0076408185 	0.00018546332 	 -1.99565e-09 	0.010059313 	-0.010593677 	 0.0884616 	-11472.109 	-25664.596 	 -12.910927 	4.4888e-05 	6.963287e-06 	 -12.688812 	-0.0002737963 	7.6875e-07 		-0.00375 -6.1841131e-07 1.7841962e-07 1200000 1
-0.0025 4889558.7 	-4.2631 	0.847845 	 -2022562.9 	-13.86655 	1.574285 	 -1.82075e-08 	-0.0085250165 	0.0022762081 	 -1.9275e-09 	0.0097472659 	-0.012938599 	 0.0798529 	-19300.771 	-31328.145 	 -13.40792 	4.38625e-05 	6.917357e-06 	 -12.752133 	-0.0002770424 	2.658e-07 		-0.0025 -5.6311619e-07 -1.6645581e-07 1200000 1
-0.00125 6084590.2 	-5.721 	0.284365 	 -1768820.2 	-12.5771 	1.63928 	 -2.0892e-08 	-0.0091033835 	0.0060768853 	 -3.52775e-09 	0.0089734899 	-0.015272017 	 0.07085143 	-32940.742 	-36187.45 	 -13.925612 	4.39465e-05 	7.44472e-06 	 -12.815446 	-0.0002780811 	1.6285e-07 		-0.00125 -5.0872744e-07 -5.1421212e-07 1200000 1
5.2475385e-17 3679174.9 	-6.7687 	-0.14167225 	 -816643.58 	-10.50095 	0.774545 	 -2.35575e-08 	-0.0086849786 	0.009589878 	 -7.7129e-09 	0.0077035318 	-0.016827753 	 0.05135748 	-22763.882 	-20477.433 	 -14.145755 	7.407e-05 	8.0556e-06 	 -12.751101 	-0.0002412855 	3.0645e-07 		5.2475385e-17 -4.3386775e-07 -8.3740159e-07 650000 1
0.00125 619554.96 	-6.527 	-0.06768325 	 -66583.72 	-8.0904 	0.116606 	 -2.642e-08 	-0.0077981139 	0.010207535 	 -1.25165e-08 	0.0063666809 	-0.017195576 	 0.0355541 	-3752.8989 	-2662.1135 	 -13.750829 	0.0001017605 	8.19259e-06 	 -12.426595 	-0.0002071585 	3.105e-07 		0.00125 -3.2356244e-07 -1.1174611e-06 100000 1
0.0025 614499.42 	-6.34205 	-0.0249425 	 -49930.078 	-7.7195 	0.1893005 	 -2.95925e-08 	-0.0072128651 	0.0094497535 	 -1.61805e-08 	0.0053098964 	-0.017032454 	 0.0352479 	-3343.1195 	-2379.22 	 -13.057232 	9.8691e-05 	7.66042e-06 	 -11.975963 	-0.0002103745 	-4.407e-07 		0.0025 -1.9886297e-07 -1.3795902e-06 100000 1
0.00375 608072.86 	-6.2663 	-0.048917 	 -36710.255 	-7.5636 	0.1518985 	 -3.16735e-08 	-0.0067992981 	0.0090264373 	 -1.856e-08 	0.004545561 	-0.01687289 	 0.0350226 	-3066.2964 	-2180.2557 	 -12.383146 	9.66855e-05 	7.79323e-06 	 -11.528173 	-0.0002111665 	-9.12e-08 		0.00375 -7.6854563e-08 -1.6433892e-06 100000 1
0.005 600736.32 	-6.1886 	-0.12239 	 -25964.978 	-7.341 	0.031811 	 -3.288e-08 	-0.0064990062 	0.0088042505 	 -2.0393e-08 	0.0039310005 	-0.016753293 	 0.0337472 	-2872.569 	-2032.3187 	 -11.729706 	9.47165e-05 	8.41875e-06 	 -11.078871 	-0.000212392 	1.08725e-06 		0.005 4.2818094e-08 -1.9074977e-06 100000 1
0.00625 592857.5 	-6.0827 	-0.0975275 	 -16915.277 	-7.0381 	0.0916655 	 -3.40395e-08 	-0.006268953 	0.0087103729 	 -2.17315e-08 	0.0034024204 	-0.016661533 	 0.03171725 	-2732.3767 	-1915.306 	 -11.096881 	9.2724e-05 	8.069e-06 	 -10.626511 	-0.0002143915 	4.645e-07 		0.00625 1.5989136e-07 -2.1743563e-06 100000 1
0.0075 584582.52 	-6.024 	-0.036611 	 -9114.1047 	-6.96345 	0.2220005 	 -3.46915e-08 	-0.0060748783 	0.0086835506 	 -2.2353e-08 	0.0029702932 	-0.016581832 	 0.0312242 	-2622.0139 	-1817.3429 	 -10.484626 	9.12925e-05 	7.364105e-06 	 -10.170248 	-0.0002140895 	-8.654e-07 		0.0075 2.7461002e-07 -2.4434851e-06 100000 1
0.00875 576168.73 	-6.0137 	-0.08801 	 -2220.6143 	-7.0461 	0.13490135 	 -3.49715e-08 	-0.0059084369 	0.0087039895 	 -2.2667e-08 	0.0025880299 	-0.016518022 	 0.0315926 	-2533.444 	-1732.7023 	 -9.8927937 	9.02405e-05 	7.77716e-06 	 -9.710889 	-0.000212079 	-2.14e-08 		0.00875 3.8812809e-07 -2.7095839e-06 100000 1
0.01 567758.05 	-5.9679 	-0.172831 	 4000.6565 	-6.8492 	-0.03449315 	 -3.49965e-08 	-0.0057652039 	0.0087523074 	 -2.25285e-08 	0.0022675081 	-0.016463449 	 0.02978385 	-2458.4871 	-1659.752 	 -9.3212071 	8.89055e-05 	8.52397e-06 	 -9.2493532 	-0.0002128 	1.6432e-06 		0.01 5.0018621e-07 -2.9736778e-06 100000 1
0.01125 559568.89 	-5.86605 	-0.134957 	 9771.0668 	-6.453 	-0.008346045 	 -3.52415e-08 	-0.0056387192 	0.0088228575 	 -2.2145e-08 	0.0019789912 	-0.016421846 	 0.0267888 	-2394.629 	-1595.2942 	 -8.7696146 	8.7241e-05 	8.056475e-06 	 -8.7871215 	-0.0002155895 	1.347215e-06 		0.01125 6.1033562e-07 -3.2416023e-06 100000 1
0.0125 551741.83 	-5.7718 	-0.062544 	 15257.41 	-6.2949 	0.099247955 	 -3.55075e-08 	-0.0055305511 	0.0089071863 	 -2.16995e-08 	0.0017312374 	-0.016388475 	 0.02570565 	-2337.9897 	-1539.7631 	 -8.2377474 	8.57045e-05 	7.25341e-06 	 -8.3256171 	-0.0002160885 	2.34415e-07 		0.0125 7.1825097e-07 -3.5126769e-06 100000 1
0.01375 544464 	-5.7431 	-0.102129 	 20629.533 	-6.29485 	0.03501355 	 -3.52e-08 	-0.0054353809 	0.0090037933 	 -2.12635e-08 	0.0015045539 	-0.01636645 	 0.0253752 	-2287.7696 	-1491.1219 	 -7.7252757 	8.4699e-05 	7.57021e-06 	 -7.8664192 	-0.000214984 	8.41169e-07 		0.01375 8.2459629e-07 -3.7818415e-06 100000 1
0.015 537866.94 	-5.7072 	-0.177384 	 26017.85 	-6.01505 	-0.08448345 	 -3.46765e-08 	-0.0053565448 	0.0091083347 	 -2.0738e-08 	0.00130475 	-0.016351818 	 0.02278265 	-2241.8532 	-1450.3914 	 -7.2318535 	8.3656e-05 	8.247865e-06 	 -7.410972 	-0.0002166415 	1.999799e-06 		0.015 9.2999212e-07 -4.0501411e-06 100000 1
0.01625 532109.15 	-5.5865 	-0.1283705 	 31562.064 	-5.5761 	-0.01742515 	 -3.48185e-08 	-0.005289283 	0.0092207664 	 -2.02305e-08 	0.0011186158 	-0.016347122 	 0.01956765 	-2200.0666 	-1416.0979 	 -6.7570939 	8.1951e-05 	7.697025e-06 	 -6.9607323 	-0.0002199355 	1.289235e-06 		0.01625 1.0337144e-06 -4.3234611e-06 100000 1
0.0175 527310 	-5.47055 	-0.0477186 	 37372.512 	-5.45335 	0.11164035 	 -3.49805e-08 	-0.0052376872 	0.0093387419 	 -1.9885e-08 	0.00094965517 	-0.016348797 	 0.0189394 	-2161.2097 	-1389.5116 	 -6.3006122 	8.03145e-05 	6.838365e-06 	 -6.5170373 	-0.000220148 	-4.218e-08 		0.0175 1.1348576e-06 -4.5999961e-06 100000 1
0.01875 523602.76 	-5.45055 	-0.0826486 	 43572.146 	-5.5422 	0.07338995 	 -3.43405e-08 	-0.0051971857 	0.0094627979 	 -1.9573e-08 	0.00078902875 	-0.016359059 	 0.019314 	-2125.3058 	-1369.4419 	 -5.8619982 	7.95335e-05 	7.132585e-06 	 -6.0811809 	-0.000218243 	3.02065e-07 		0.01875 1.2345005e-06 -4.8738308e-06 100000 1
0.02 521093.49 	-5.403 	-0.16082245 	 50257.891 	-5.38555 	-0.01513805 	 -3.3485e-08 	-0.0051723119 	0.0095918288 	 -1.9088e-08 	0.00063847546 	-0.016374612 	 0.01778515 	-2091.7566 	-1357.3517 	 -5.4408466 	7.85395e-05 	7.8589e-06 	 -5.6543356 	-0.000218759 	1.1502e-06 		0.02 1.3336684e-06 -5.1456254e-06 100000 1
0.02125 519894.44 	-5.2684 	-0.12124245 	 57544.161 	-5.113 	0.0473788 	 -3.3102e-08 	-0.005158489 	0.0097265595 	 -1.85835e-08 	0.00049224861 	-0.016397487 	 0.0160358 	-2060.5729 	-1352.205 	 -5.0367456 	7.68475e-05 	7.41437e-06 	 -5.2376319 	-0.000220474 	4.8685e-07 		0.02125 1.430822e-06 -5.4207701e-06 100000 1
0.0225 520100.72 	-5.1531 	-0.13547465 	 65524.512 	-5.1192 	0.0865478 	 -3.2761e-08 	-0.0051605616 	0.0098667761 	 -1.8638e-08 	0.00035066978 	-0.016424471 	 0.016313085 	-2031.5909 	-1355.698 	 -4.6493031 	7.5379e-05 	7.50716e-06 	 -4.8321197 	-0.000219457 	5.903e-08 		0.0225 1.5257657e-06 -5.6968296e-06 100000 1
0.02375 521807.62 	-5.1239 	-0.16448715 	 74313.378 	-5.24535 	0.06412175 	 -3.2245e-08 	-0.0051738323 	0.010013213 	 -1.8835e-08 	0.00021024163 	-0.016457565 	 0.017097345 	-2004.6766 	-1366.8833 	 -4.2781298 	7.46305e-05 	7.74089e-06 	 -4.4388122 	-0.0002172255 	2.482e-07 		0.02375 1.6192437e-06 -5.969394e-06 100000 1
0.025 525101.01 	-5.05385 	-0.17585515 	 84006.058 	-5.1319 	0.01229875 	 -3.19055e-08 	-0.005203396 	0.010166418 	 -1.8634e-08 	7.0103967e-05 	-0.01649355 	 0.016172415 	-1980.0623 	-1387.7829 	 -3.9228601 	7.34535e-05 	7.792915e-06 	 -4.0586545 	-0.0002173515 	7.3319e-07 		0.025 1.7123462e-06 -6.2398883e-06 100000 1
0.02625 530063.09 	-4.86375 	-0.28665615 	 94723.204 	-4.89205 	-0.0485418 	 -3.0883e-08 	-0.0052443796 	0.010327016 	 -1.81935e-08 	-7.1528805e-05 	-0.016534466 	 0.01461688 	-1957.3878 	-1417.4987 	 -3.5831424 	7.1211e-05 	8.839785e-06 	 -3.6925777 	-0.000218769 	1.311395e-06 		0.02625 1.8028887e-06 -6.5127921e-06 100000 1
0.0275 536772.89 	-4.7544 	-0.25538935 	 106570.23 	-4.8132 	-0.03829725 	 -2.98615e-08 	-0.0053020825 	0.01049624 	 -1.795e-08 	-0.0002165586 	-0.016576916 	 0.014346055 	-1937.2721 	-1458.5078 	 -3.2586554 	6.9772e-05 	8.4691655e-06 	 -3.3414843 	-0.000218631 	1.17439e-06 		0.0275 1.8903716e-06 -6.7868162e-06 100000 1
0.02875 545302.17 	-4.7446 	-0.14491755 	 119681.68 	-4.7909 	0.01850695 	 -2.95245e-08 	-0.0053714358 	0.010674552 	 -1.79265e-08 	-0.00036538946 	-0.01662307 	 0.01414758 	-1919.0565 	-1509.9271 	 -2.9491014 	6.9187e-05 	7.3067705e-06 	 -3.0062811 	-0.000217899 	5.7005e-07 		0.02875 1.9772895e-06 -7.0593806e-06 100000 1
0.03 555724.54 	-4.66085 	-0.16221105 	 134177.28 	-4.6386 	0.0157499 	 -2.91405e-08 	-0.0054578857 	0.010863853 	 -1.78175e-08 	-0.00052091675 	-0.016669255 	 0.01290035 	-1903.8203 	-1574.8513 	 -2.6542124 	6.78645e-05 	7.421447e-06 	 -2.6878494 	-0.0002184055 	5.6746e-07 		0.03 2.0633023e-06 -7.3315745e-06 100000 1
0.03125 568102.71 	-4.50235 	-0.2749657 	 150209.92 	-4.39125 	-0.06629355 	 -2.80585e-08 	-0.0055561597 	0.011064398 	 -1.7534e-08 	-0.00068239888 	-0.0167178 	 0.0110483 	-1890.5619 	-1652.371 	 -2.3737472 	6.5936e-05 	8.493092e-06 	 -2.3870963 	-0.0002198815 	1.362015e-06 		0.03125 2.1469403e-06 -7.6053678e-06 100000 1
0.0325 582505.66 	-4.4016 	-0.2576967 	 167921.89 	-4.24125 	-0.0515802 	 -2.69675e-08 	-0.0056717933 	0.011278737 	 -1.7364e-08 	-0.00085367502 	-0.016764577 	 0.01006 	-1880.9124 	-1746.3984 	 -2.1075019 	6.46005e-05 	8.2701565e-06 	 -2.1049425 	-0.0002204205 	1.185255e-06 		0.0325 2.2281238e-06 -7.8812764e-06 100000 1
0.03375 598987.41 	-4.371 	-0.1526918 	 187491.48 	-4.24325 	0.04850575 	 -2.65255e-08 	-0.0057993302 	0.011506912 	 -1.73905e-08 	-0.0010329608 	-0.016812131 	 0.01013385 	-1873.4725 	-1855.95 	 -1.8553029 	6.3843e-05 	7.1716565e-06 	 -1.8423452 	-0.000219396 	1.52945e-07 		0.03375 2.3084275e-06 -8.1564652e-06 100000 1
0.035 617611.48 	-4.2792 	-0.1699531 	 209086.85 	-4.18245 	0.0671363 	 -2.60475e-08 	-0.0059442993 	0.011752126 	 -1.7307e-08 	-0.0012250676 	-0.016855762 	 0.00963985 	-1870.6114 	-1985.9917 	 -1.6170114 	6.24815e-05 	7.293024e-06 	 -1.6002722 	-0.0002189325 	-5.9195e-08 		0.035 2.3877369e-06 -8.4297831e-06 100000 1
0.03625 638421.8 	-4.1205 	-0.26744355 	 232915.84 	-4.01925 	0.00206155 	 -2.49135e-08 	-0.0061010902 	0.012014199 	 -1.7044e-08 	-0.001427248 	-0.016898235 	 0.0084344 	-1870.4982 	-2135.401 	 -1.39252 	6.05835e-05 	8.215084e-06 	 -1.379746 	-0.00021950495 	5.6942e-07 		0.03625 2.4646146e-06 -8.7037809e-06 100000 1
0.0375 661474.67 	-4.0086 	-0.256202 	 259180.49 	-3.9736 	0.014109 	 -2.37905e-08 	-0.0062751097 	0.012296975 	 -1.6859e-08 	-0.0016452699 	-0.016934077 	 0.0082848 	-1876.4688 	-2310.4769 	 -1.1817613 	5.91697e-05 	8.049935e-06 	 -1.1818318 	-0.00021893195 	4.23695e-07 		0.0375 2.5391693e-06 -8.978543e-06 100000 1
0.03875 686801.2 	-3.9556 	-0.16463805 	 288124.67 	-4.04795 	0.10342655 	 -2.32845e-08 	-0.0064606498 	0.012600068 	 -1.68605e-08 	-0.0018754183 	-0.016966299 	 0.00900675 	-1886.2168 	-2509.8761 	 -0.98470104 	5.82318e-05 	7.07874e-06 	 -1.0076539 	-0.0002171008 	-4.9629e-07 		0.03875 2.6125232e-06 -9.2511178e-06 100000 1
0.04 714446.36 	-3.8621 	-0.1755909 	 319987.49 	-3.9965 	0.1019216 	 -2.2716e-08 	-0.0066628261 	0.012927957 	 -1.6733e-08 	-0.0021244427 	-0.016988511 	 0.00850515 	-1904.3988 	-2741.5452 	 -0.80134017 	5.689375e-05 	7.1268555e-06 	 -0.85837038 	-0.0002164514 	-5.0316e-07 		0.04 2.6847356e-06 -9.5212987e-06 100000 1
0.04125 744423.49 	-3.71405 	-0.2568923 	 355052.69 	-3.8129 	0.02399275 	 -2.1507e-08 	-0.0068759096 	0.013280066 	 -1.64005e-08 	-0.0023876709 	-0.017003953 	 0.0069434 	-1928.2192 	-3003.8149 	 -0.63171231 	5.512835e-05 	7.8761605e-06 	 -0.73521187 	-0.00021713065 	2.57495e-07 		0.04125 2.7547452e-06 -9.7922501e-06 100000 1
0.0425 776760.87 	-3.59395 	-0.2522629 	 393604.2 	-3.72525 	0.025278334 	 -2.02985e-08 	-0.0071045098 	0.013661474 	 -1.6112e-08 	-0.002672772 	-0.017005069 	 0.0063367 	-1964.1043 	-3306.6193 	 -0.47589092 	5.365885e-05 	7.767362e-06 	 -0.63946627 	-0.00021686585 	2.2374e-07 		0.0425 2.8225399e-06 -1.0064131e-05 100000 1
0.04375 811447.29 	-3.5207 	-0.1792216 	 435971.35 	-3.7264 	0.098225135 	 -1.96715e-08 	-0.0073429923 	0.014071451 	 -1.5987e-08 	-0.0029740743 	-0.016995326 	 0.0064015 	-2008.765 	-3647.8301 	 -0.33398221 	5.255835e-05 	6.973982e-06 	 -0.57249199 	-0.00021564555 	-5.27799e-07 		0.04375 2.8888745e-06 -1.033442e-05 100000 1
0.045 848485.84 	-3.42595 	-0.1858177 	 482485.8 	-3.59755 	0.09527635 	 -1.899e-08 	-0.0075951677 	0.014515624 	 -1.5717e-08 	-0.0033000928 	-0.016965822 	 0.00511095 	-2071.0287 	-4039.7013 	 -0.20612692 	5.12505e-05 	6.9749045e-06 	 -0.53568966 	-0.00021564904 	-5.16492e-07 		0.045 2.9539205e-06 -1.060325e-05 100000 1
0.04625 887831.25 	-3.28535 	-0.25028905 	 533525.45 	-3.36255 	0.02320325 	 -1.7714e-08 	-0.0078556503 	0.014993149 	 -1.5252e-08 	-0.0036441638 	-0.016920183 	 0.00292305 	-2147.1697 	-4479.4787 	 -0.092497028 	4.959775e-05 	7.5551495e-06 	 -0.53053604 	-0.00021672049 	1.88713e-07 		0.04625 3.0169869e-06 -1.0873549e-05 100000 1
0.0475 929450.74 	-3.1496 	-0.25027666 	 589476.54 	-3.25655 	0.03369375 	 -1.6452e-08 	-0.0081270801 	0.015510105 	 -1.4805e-08 	-0.004015413 	-0.016847873 	 0.0021294 	-2249.2302 	-4982.0017 	 0.0066968184 	4.801855e-05 	7.4934575e-06 	 -0.55856389 	-0.00021651135 	6.65075e-08 		0.0475 3.0779003e-06 -1.1145058e-05 100000 1
0.04875 973252.91 	-3.05315 	-0.19315505 	 650769.58 	-3.2691 	0.11813633 	 -1.57395e-08 	-0.0084045352 	0.016065581 	 -1.4512e-08 	-0.0044061785 	-0.016752613 	 0.00232135 	-2373.1646 	-5543.6819 	 0.091213086 	4.675065e-05 	6.8604425e-06 	 -0.62137142 	-0.00021504355 	-7.962985e-07 		0.04875 3.1370177e-06 -1.1414832e-05 100000 1
0.05 1019154.4 	-2.9579 	-0.19255096 	 717846.98 	-3.1799 	0.12210778 	 -1.4974e-08 	-0.0086889992 	0.016665978 	 -1.4085e-08 	-0.0048258463 	-0.01662201 	 0.00124745 	-2535.314 	-6182.0266 	 0.1607774 	4.550755e-05 	6.788932e-06 	 -0.72058845 	-0.0002145185 	-8.516185e-07 		0.05 3.1947602e-06 -1.1682667e-05 100000 1
0.05125 1067001.9 	-2.8231 	-0.24072151 	 791192.36 	-2.98835 	0.04231895 	 -1.3656e-08 	-0.0089762955 	0.017310367 	 -1.3478e-08 	-0.0052658513 	-0.016459739 	 -0.0007707 	-2731.5676 	-6892.3651 	 0.21508669 	4.39756e-05 	7.202832e-06 	 -0.85790515 	-0.0002150236 	-6.72685e-08 		0.05125 3.2507701e-06 -1.1951129e-05 100000 1
0.0525 1116643.1 	-2.679 	-0.24624865 	 871308.8 	-2.90845 	0.0375199 	 -1.23595e-08 	-0.0092651439 	0.018005263 	 -1.2882e-08 	-0.005735181 	-0.01625122 	 -0.00145985 	-2983.9555 	-7694.571 	 0.25380136 	4.23772e-05 	7.190335e-06 	 -1.0350446 	-0.0002144165 	-3.40155e-08 		0.0525 3.3046836e-06 -1.2220231e-05 100000 1
0.05375 1167843.9 	-2.5696 	-0.20335915 	 958733.27 	-2.9289 	0.1132138 	 -1.157e-08 	-0.0095524882 	0.018749772 	 -1.2419e-08 	-0.0062245144 	-0.015999906 	 -0.0012674 	-3288.7283 	-8582.5986 	 0.27655362 	4.105283e-05 	6.69205e-06 	 -1.2537672 	-0.000212727 	-8.067155e-07 		0.05375 3.3566956e-06 -1.2487173e-05 100000 1
0.055 1220359.1 	-2.47045 	-0.1980957 	 1054027.6 	-2.83015 	0.10545825 	 -1.0722e-08 	-0.0098340131 	0.019550246 	 -1.1866e-08 	-0.0067414516 	-0.015688786 	 -0.0025505 	-3675.3849 	-9577.6527 	 0.28294599 	3.9835605e-05 	6.565745e-06 	 -1.5158286 	-0.000212152 	-7.43263e-07 		0.055 3.4072971e-06 -1.2752053e-05 100000 1
0.05625 1273849.9 	-2.3404 	-0.22892499 	 1157777.2 	-2.60175 	0.01343525 	 -9.359e-09 	-0.010108263 	0.020405867 	 -1.1165e-08 	-0.0072762589 	-0.015320798 	 -0.00501 	-4141.2692 	-10672.003 	 0.27255569 	3.8392725e-05 	6.7984e-06 	 -1.8230027 	-0.000212879 	1.63927e-07 		0.05625 3.4562674e-06 -1.3017564e-05 100000 1
0.0575 1327949.1 	-2.19015 	-0.23831789 	 1270602.1 	-2.4355 	0.0055697 	 -8.0185e-09 	-0.010366936 	0.021322422 	 -1.04835e-08 	-0.0078335288 	-0.014876158 	 -0.0063775 	-4725.5874 	-11885.817 	 0.24492778 	3.67593e-05 	6.81882e-06 	 -2.1770444 	-0.000212984 	2.283895e-07 		0.0575 3.5032608e-06 -1.3284251e-05 100000 1
0.05875 1382184.9 	-2.0634 	-0.21320537 	 1393129.1 	-2.36055 	0.080299 	 -7.138e-09 	-0.010610796 	0.0222992 	 -9.9255e-09 	-0.0084036396 	-0.014356902 	 -0.0068275 	-5427.934 	-13209.375 	 0.19958367 	3.52925e-05 	6.495485e-06 	 -2.5796904 	-0.0002120885 	-5.345855e-07 		0.05875 3.5481454e-06 -1.3550013e-05 100000 1
0.06 1436030.8 	-1.9669 	-0.20520427 	 1526027.5 	-2.20825 	0.0749705 	 -6.183e-09 	-0.010826364 	0.023340904 	 -9.2865e-09 	-0.0089857345 	-0.01374024 	 -0.008518 	-6299.982 	-14657.085 	 0.1360215 	3.41398e-05 	6.341495e-06 	 -3.0326058 	-0.000211888 	-4.971155e-07 		0.06 3.5914735e-06 -1.3814475e-05 100000 1
0.06125 1488848.2 	-1.8426 	-0.23362495 	 1669951.9 	-1.94445 	-0.0222435 	 -4.741e-09 	-0.011017398 	0.024446927 	 -8.5185e-09 	-0.0095711891 	-0.013026684 	 -0.0111925 	-7345.4492 	-16217.021 	 0.053722394 	3.278825e-05 	6.550757e-06 	 -3.53741 	-0.000212805 	4.591195e-07 		0.06125 3.6334778e-06 -1.4079742e-05 100000 1
0.0625 1539905.2 	-1.67225 	-0.25859065 	 1825611 	-1.7314 	-0.0426475 	 -3.285e-09 	-0.011163772 	0.025620188 	 -7.7445e-09 	-0.010149841 	-0.012190116 	 -0.012452 	-8631.889 	-17888.964 	 -0.047854555 	3.099705e-05 	6.728162e-06 	 -4.0956213 	-0.0002131965 	6.451415e-07 		0.0625 3.6734263e-06 -1.4346494e-05 100000 1
0.06375 1588355.4 	-1.52575 	-0.24181785 	 1993669.1 	-1.6256 	0.042769 	 -2.218e-09 	-0.011273179 	0.026860161 	 -7.0645e-09 	-0.010715315 	-0.011228562 	 -0.0124645 	-10170.212 	-19658.664 	 -0.16925859 	2.938815e-05 	6.489634e-06 	 -4.7086808 	-0.000212419 	-2.303235e-07 		0.06375 3.7109524e-06 -1.4612742e-05 100000 1
0.065 1633202.4 	-1.42585 	-0.2142335 	 2174856.4 	-1.47935 	0.0642865 	 -1.019e-09 	-0.011316978 	0.028167114 	 -6.3605e-09 	-0.011242149 	-0.010112257 	 -0.013395 	-12048.133 	-21495.044 	 -0.31104374 	2.824425e-05 	6.139669e-06 	 -5.3778683 	-0.0002119585 	-4.694055e-07 		0.065 3.7468774e-06 -1.4877545e-05 100000 1
0.06625 1673339.6 	-1.3055 	-0.21122025 	 2369821.7 	-1.2219 	-0.008712 	 6.615e-10 	-0.011307835 	0.029540638 	 -5.5895e-09 	-0.011727842 	-0.0088348476 	 -0.015048 	-14289.41 	-23381.205 	 -0.47374808 	2.695075e-05 	6.031166e-06 	 -6.1043911 	-0.0002125925 	2.344795e-07 		0.06625 3.7815437e-06 -1.5142643e-05 100000 1
0.0675 1707423.6 	-1.13175 	-0.21994025 	 2579299.4 	-1.0113 	0.0134929 	 2.4575e-09 	-0.011206108 	0.030977437 	 -4.8591e-09 	-0.012121863 	-0.0073618401 	 -0.014873 	-17008.487 	-25225.442 	 -0.65790199 	2.51271e-05 	6.038791e-06 	 -6.8892813 	-0.000212715 	-1.618945e-08 		0.0675 3.8142363e-06 -1.5409037e-05 100000 1
0.06875 1734008.9 	-0.97944 	-0.2138183 	 2803903.6 	-0.93863 	0.0862389 	 3.9575e-09 	-0.011030047 	0.032477954 	 -4.2226e-09 	-0.012426333 	-0.0056775861 	 -0.013862 	-20255.443 	-27004.623 	 -0.86397159 	2.3463e-05 	5.895105e-06 	 -7.7335743 	-0.0002113335 	-7.7633945e-07 		0.06875 3.8443412e-06 -1.5674441e-05 100000 1
0.07 1751264.5 	-0.821925 	-0.1875198 	 3044364.4 	-0.811215 	0.0475034 	 5.738e-09 	-0.010725553 	0.034036546 	 -3.50475e-09 	-0.012549407 	-0.0037359304 	 -0.0130725 	-24192.118 	-28510.859 	 -1.092374 	2.17435e-05 	5.54493e-06 	 -8.6381362 	-0.000210427 	-4.26525e-07 		0.07 3.8728741e-06 -1.5937375e-05 100000 1
0.07125 1757189.3 	-0.635055 	-0.1483249 	 3301295.8 	-0.59954 	0.00074139999 	 8.17e-09 	-0.010311236 	0.035659902 	 -2.757e-09 	-0.012484765 	-0.0014925972 	 -0.0115484 	-28944.523 	-29677.007 	 -1.3433313 	1.9719e-05 	5.063015e-06 	 -9.604139 	-0.0002103 	-9.799999e-10 		0.07125 3.8986808e-06 -1.6200525e-05 100000 1
0.0725 1749107.8 	-0.45898 	-0.10443402 	 3575512.5 	-0.411815 	-0.014906 	 1.076875e-08 	-0.0097175353 	0.037331519 	 -2.112e-09 	-0.012048298 	0.0010891423 	 -0.00928265 	-34696.513 	-30030.951 	 -1.6169846 	1.7784e-05 	4.535465e-06 	 -10.632841 	-0.000209814 	1.1066e-07 		0.0725 3.9221441e-06 -1.646314e-05 100000 1
0.07375 1723821.2 	-0.238958 	-0.08082512 	 3867595.9 	-0.218711 	-0.0631855 	 1.331365e-08 	-0.0088755369 	0.03910063 	 -1.37825e-09 	-0.011133675 	0.0042623487 	 -0.00565555 	-42065.058 	-29155.491 	 -1.9122047 	1.54005e-05 	4.214045e-06 	 -11.723343 	-0.0002091885 	5.4803e-07 		0.07375 3.9431097e-06 -1.672507e-05 100000 1
0.075 1668700.2 	-0.1214565 	-0.086497 	 4105891.2 	0.01014 	-0.122566 	 1.44188e-08 	-0.0084202621 	0.039990333 	 -1.027e-09 	-0.010564368 	0.0059853815 	 -0.003349965 	-45653.674 	-28720.842 	 -2.0648862 	1.4017e-05 	4.19545e-06 	 -12.283773 	-0.000208842 	1.09792e-06 		0.075 3.9596132e-06 -1.6973121e-05 100000 1
